1527825600,111565,
1530417600,114380,
1533096000,581289,
1535774400,585141,
1538366400,589061,
1541044800,593043,
1543640400,597583,0
1546318800,601141,1
1548997200,605549,2
1551416400,609961,3
1554091200,615185,4
1556683200,619998,5
1559361600,624881,6
1561953600,629514,7
1564632000,634324,8
1567310400,639008,9
1569902400,643832,10
1572580800,648555,11
1575176400,653290,12
1577854800,658025,13
1580533200,662902,14
1583038800,667354,15
1585713600,672690,16
1588305600,678031,17
1590984000,683629,18
1593576000,688707,19
1596254400,693974,20
1598932800,699098,21
1601524800,704353,22
1604203200,710068,23
1606798800,716519,24
