1470024000,80379,
1472702400,83649,
1475294400,86783,
1477972800,89686,
1480568400,92826,
1483246800,95896,
1485925200,98391,1
1488344400,99876,2
1491019200,101284,3
1493611200,103303,4
1496289600,107710,5
1498881600,112780,0
1501560000,77684,0
1504238400,79648,0
1506830400,79380,0
1509508800,81691,0
1512104400,70537,0
1514782800,71203,0
1517461200,72966,0
1519880400,77563,0
1522555200,78755,0
1525147200,81921,1
1527825600,82743,2
1530417600,84723,0
1533096000,65684,0
1535774400,59834,0
1538366400,59612,0
1541044800,59640,0
1543640400,59404,0
1546318800,60210,0
1548997200,60679,0
1551416400,60145,0
1554091200,60525,0
1556683200,61107,0
1559361600,61616,0
1561953600,61216,0
1564632000,61379,0
1567310400,61297,0
1569902400,62386,0
1572580800,61419,0
1575176400,61939,0
1577854800,62429,0
1580533200,54143,0
1583038800,53558,0
1585713600,48630,0
1588305600,48287,0
1590984000,48383,0
1593576000,48824,0
1596254400,48018,0
1598932800,48241,0
1601524800,49285,0
1604203200,49636,0
1606798800,48524,0
