1506830400,446338,
1509508800,449401,
1512104400,452587,
1514782800,455914,
1517461200,459822,
1519880400,116460,
1522555200,119536,0
1525147200,122666,0
1527825600,125780,0
1530417600,97401,0
1533096000,99758,0
1535774400,94915,0
1538366400,97130,0
1541044800,99271,0
1543640400,50185,0
1546318800,51311,0
1548997200,90552,0
1551416400,108788,0
1554091200,111624,0
1556683200,114089,0
1559361600,116779,0
1561953600,125998,0
1564632000,128561,0
1567310400,132754,1
1569902400,135480,2
1572580800,138038,0
1575176400,140576,1
1577854800,143209,2
1580533200,145823,3
1583038800,148178,4
1585713600,150944,5
1588305600,153884,6
1590984000,156783,7
1593576000,159266,8
1596254400,161895,9
1598932800,164575,10
1601524800,238984,0
1604203200,243506,0
1606798800,248796,0
