1519880400,103135,
1522555200,103379,
1525147200,106126,
1527825600,107538,
1530417600,110291,
1533096000,112549,
1535774400,115059,1
1538366400,117820,2
1541044800,126326,0
1543640400,129635,0
1546318800,132601,1
1548997200,135792,2
1551416400,118186,0
1554091200,122320,0
1556683200,125088,0
1559361600,111774,0
1561953600,113515,0
1564632000,117160,0
1567310400,88737,0
1569902400,90769,0
1572580800,81304,0
1575176400,79363,0
1577854800,47679,0
1580533200,48088,0
1583038800,47360,0
1585713600,48487,0
1588305600,48494,0
1590984000,49165,0
1593576000,47915,0
1596254400,41589,0
1598932800,41433,0
1601524800,42018,0
1604203200,42589,0
1606798800,43146,0
