1527825600,571537,
1530417600,575275,
1533096000,579197,
1535774400,583069,
1538366400,586993,
1541044800,590986,
1543640400,595534,1
1546318800,599095,2
1548997200,603517,3
1551416400,607934,4
1554091200,613157,5
1556683200,617979,6
1559361600,622868,7
1561953600,627503,8
1564632000,632317,9
1567310400,637005,10
1569902400,641830,11
1572580800,646558,12
1575176400,651309,13
1577854800,656050,14
1580533200,660929,15
1583038800,665383,16
1585713600,670718,17
1588305600,676061,18
1590984000,681663,19
1593576000,686742,20
1596254400,692010,21
1598932800,697136,22
1601524800,702393,23
1604203200,708108,24
1606798800,714559,25
