1551416400,740572,
1554091200,744938,
1556683200,748978,
1559361600,753312,
1561953600,757459,
1564632000,761811,
1567310400,766160,1
1569902400,770645,2
1572580800,775040,3
1575176400,779511,4
1577854800,784014,5
1580533200,788592,6
1583038800,792755,7
1585713600,797769,8
1588305600,802743,9
1590984000,807879,10
1593576000,812667,11
1596254400,817554,12
1598932800,822353,13
1601524800,827305,14
1604203200,831864,15
1606798800,836332,16
1609477200,840964,17
1612155600,846052,18
1614574800,850907,19
1617249600,858267,20
1619841600,864586,21
1622520000,870380,22
1625112000,881665,23
