1554091200,755731,
1556683200,759631,
1559361600,763874,
1561953600,767961,
1564632000,772237,
1567310400,776550,
1569902400,781002,1
1572580800,785371,2
1575176400,789812,3
1577854800,794281,4
1580533200,798840,5
1583038800,802979,6
1585713600,807969,7
1588305600,812912,8
1590984000,818028,9
1593576000,822802,10
1596254400,827679,11
1598932800,832468,12
1601524800,837406,13
1604203200,841946,14
1606798800,846404,15
1609477200,851032,16
1612155600,856111,17
1614574800,860959,18
1617249600,868310,19
1619841600,874620,20
1622520000,880409,21
1625112000,891678,22
