1556683200,136235,
1559361600,139366,
1561953600,142096,
1564632000,144945,
1567310400,147763,
1569902400,150793,
1572580800,153599,1
1575176400,156253,2
1577854800,159071,3
1580533200,161905,4
1583038800,164390,5
1585713600,167365,6
1588305600,170504,7
1590984000,173573,8
1593576000,176257,9
1596254400,179002,10
1598932800,181875,11
1601524800,184656,12
1604203200,868945,
1606798800,873376,
1609477200,877984,
1612155600,883044,
1614574800,887870,
1617249600,895199,1
1619841600,901488,2
1622520000,907265,3
1625112000,918494,4
