1451624400,186595,
1454302800,188667,
1456808400,190901,
1459483200,193875,
1462075200,196603,
1464753600,199345,
1467345600,201781,1
1470024000,204611,2
1472702400,207497,3
1475294400,210362,4
1477972800,213419,5
1480568400,216218,6
1483246800,219214,7
1485925200,222068,8
1488344400,225362,9
1491019200,228958,10
1493611200,232461,11
1496289600,236077,12
1498881600,240091,13
1501560000,244048,14
1504238400,247835,15
1506830400,251306,16
1509508800,255484,17
1512104400,259468,18
1514782800,263496,19
1517461200,268192,20
1519880400,272179,21
1522555200,276743,22
1525147200,281130,23
1527825600,285621,24
1530417600,290290,25
1533096000,295256,26
1535774400,299913,27
1538366400,304547,28
1541044800,309095,29
1543640400,314254,30
1546318800,318342,31
1548997200,323268,32
1551416400,328178,33
1554091200,333819,34
1556683200,339026,35
1559361600,344321,36
1561953600,349217,37
1564632000,354403,38
1567310400,359414,39
1569902400,364524,40
1572580800,369508,41
1575176400,374501,42
1577854800,379468,43
1580533200,384571,44
1583038800,389221,45
1585713600,394772,46
1588305600,400322,47
1590984000,406097,48
1593576000,411385,49
1596254400,416842,50
1598932800,422140,51
1601524800,427570,52
1604203200,433427,53
1606798800,440022,54
