1517461200,133016,
1519880400,136623,
1522555200,139543,
1525147200,145390,
1527825600,149978,
1530417600,155041,
1533096000,157198,1
1535774400,142550,0
1538366400,145971,0
1541044800,140961,0
1543640400,144540,0
1546318800,153312,0
1548997200,160246,0
1551416400,161432,0
1554091200,167662,1
1556683200,168839,0
1559361600,172435,1
1561953600,176101,2
1564632000,179740,3
1567310400,175313,0
1569902400,179314,0
1572580800,182766,0
1575176400,186188,0
1577854800,183614,0
1580533200,187109,0
1583038800,184221,0
1585713600,187860,0
1588305600,173155,0
1590984000,176407,0
1593576000,179217,0
1596254400,182153,0
1598932800,185188,0
1601524800,188169,1
1604203200,191773,2
1606798800,196141,3
