1501560000,104734,
1504238400,107744,
1506830400,117178,
1509508800,120732,
1512104400,124260,
1514782800,433545,
1517461200,437583,0
1519880400,441166,0
1522555200,445298,0
1525147200,449264,0
1527825600,453378,1
1530417600,457730,2
1533096000,462254,3
1535774400,466560,4
1538366400,470970,5
1541044800,475245,6
1543640400,480081,7
1546318800,483915,8
1548997200,488629,9
1551416400,493289,10
1554091200,498744,11
1556683200,503777,12
1559361600,508879,13
1561953600,513668,14
1564632000,518716,15
1567310400,523575,16
1569902400,528552,17
1572580800,533416,18
1575176400,538290,19
1577854800,543142,20
1580533200,548138,21
1583038800,552698,22
1585713600,558145,23
1588305600,563584,24
1590984000,569261,25
1593576000,574435,26
1596254400,579790,27
1598932800,584999,28
1601524800,590344,29
1604203200,596125,30
1606798800,602645,31
