1559361600,811207,
1561953600,814776,
1564632000,818723,
1567310400,822800,
1569902400,827082,
1572580800,831270,
1575176400,835601,1
1577854800,839938,2
1580533200,844403,3
1583038800,848472,4
1585713600,853359,5
1588305600,858214,6
1590984000,863277,7
1593576000,867976,8
1596254400,872781,9
1598932800,877522,10
1601524800,882386,11
1604203200,886874,12
1606798800,891285,13
1609477200,895884,14
1612155600,900930,15
1614574800,905736,16
1617249600,913052,17
1619841600,919321,18
1622520000,925090,19
1625112000,936284,20
