1551416400,741170,
1554091200,745523,
1556683200,749557,
1559361600,753886,
1561953600,758029,
1564632000,762378,
1567310400,766726,1
1569902400,771211,2
1572580800,775604,3
1575176400,780072,4
1577854800,784574,5
1580533200,789149,6
1583038800,793311,7
1585713600,798325,8
1588305600,803299,9
1590984000,808433,10
1593576000,813221,11
1596254400,818107,12
1598932800,822905,13
1601524800,827857,14
1604203200,832416,15
1606798800,836884,16
1609477200,841514,17
1612155600,846600,18
1614574800,851455,19
1617249600,858815,20
1619841600,865135,21
1622520000,870929,22
1625112000,882213,23
1627790400,887515,24
