1546318800,707776,
1548997200,711434,
1551416400,715171,
1554091200,719816,
1556683200,724042,
1559361600,728480,
1561953600,732741,1
1564632000,737195,2
1567310400,741625,3
1569902400,746170,4
1572580800,750623,5
1575176400,755158,6
1577854800,759707,7
1580533200,764324,8
1583038800,768520,9
1585713600,773588,10
1588305600,778610,11
1590984000,783801,12
1593576000,788615,13
1596254400,793540,14
1598932800,798346,15
1601524800,803327,16
1604203200,807918,17
1606798800,812417,18
1609477200,817064,19
1612155600,822163,20
1614574800,827028,21
1617249600,834391,22
1619841600,840712,23
1622520000,846522,24
1625112000,857842,25
