1512104400,480741,
1514782800,483644,
1517461200,487254,
1519880400,490584,
1522555200,494408,
1525147200,498165,
1527825600,502097,1
1530417600,506290,2
1533096000,510643,3
1535774400,514829,4
1538366400,519067,5
1541044800,523233,6
1543640400,527957,7
1546318800,531702,8
1548997200,536310,9
1551416400,540883,10
1554091200,546272,11
1556683200,551220,12
1559361600,556227,13
1561953600,560958,14
1564632000,565906,15
1567310400,570703,16
1569902400,575623,17
1572580800,580461,18
1575176400,585305,19
1577854800,590114,20
1580533200,595066,21
1583038800,599589,22
1585713600,604996,23
1588305600,610396,24
1590984000,616039,25
1593576000,621168,26
1596254400,626479,27
1598932800,631660,28
1601524800,636965,29
1604203200,642717,30
1606798800,649213,31
