1561953600,823606,
1564632000,827421,
1567310400,831416,
1569902400,835652,
1572580800,839815,
1575176400,844124,
1577854800,848426,1
1580533200,852869,2
1583038800,856924,3
1585713600,861789,4
1588305600,866618,5
1590984000,871660,6
1593576000,876351,7
1596254400,881139,8
1598932800,885865,9
1601524800,890711,10
1604203200,895194,11
1606798800,899599,12
1609477200,904187,13
1612155600,909213,14
1614574800,914016,15
1617249600,921327,16
1619841600,927594,17
1622520000,933355,18
1625112000,944532,19
1627790400,949800,20
