1496289600,35063,
1498881600,36246,
1501560000,37357,
1504238400,38419,
1506830400,39412,
1509508800,40606,
1512104400,41707,1
1514782800,42844,2
1517461200,44149,3
1519880400,45282,4
1522555200,46500,5
1525147200,47813,6
1527825600,49012,7
1530417600,50274,8
1533096000,51392,9
1535774400,59282,0
1538366400,60617,0
1541044800,62004,0
1543640400,63604,0
1546318800,64932,0
1548997200,66471,1
1551416400,67955,2
1554091200,69672,3
1556683200,71306,4
1559361600,72997,5
1561953600,74386,6
1564632000,75933,7
1567310400,77365,8
1569902400,78920,9
1572580800,80396,10
1575176400,81904,11
1577854800,83562,12
1580533200,85002,13
1583038800,86462,14
1585713600,88049,15
1588305600,89707,16
1590984000,91474,17
1593576000,92944,18
1596254400,94420,19
1598932800,95958,20
1601524800,97494,21
1604203200,99459,22
1606798800,101873,23
