1509508800,465238,
1512104400,468110,
1514782800,471281,
1517461200,475050,
1519880400,478435,
1522555200,482363,
1525147200,486186,1
1527825600,490174,2
1530417600,494412,3
1533096000,498813,4
1535774400,503028,5
1538366400,507318,6
1541044800,511513,7
1543640400,516259,8
1546318800,520020,9
1548997200,524650,10
1551416400,529248,11
1554091200,534646,12
1556683200,539610,13
1559361600,544634,14
1561953600,549383,15
1564632000,554357,16
1567310400,559172,17
1569902400,564105,18
1572580800,568963,19
1575176400,573821,20
1577854800,578639,21
1580533200,583595,22
1583038800,588124,23
1585713600,593535,24
1588305600,598954,25
1590984000,604605,26
1593576000,609745,27
1596254400,615067,28
1598932800,620254,29
1601524800,625565,30
1604203200,631323,31
1606798800,637826,32
