1556683200,786900,
1559361600,790806,
1561953600,794711,
1564632000,798855,
1567310400,803031,
1569902400,807393,
1572580800,811660,1
1575176400,816049,2
1577854800,820448,3
1580533200,824952,4
1583038800,829057,5
1585713600,833994,6
1588305600,838889,7
1590984000,843980,8
1593576000,848714,9
1596254400,853540,10
1598932800,858301,11
1601524800,863191,12
1604203200,867698,13
1606798800,872128,14
1609477200,876736,15
1612155600,881797,16
1614574800,886624,17
1617249600,893957,18
1619841600,900247,19
1622520000,906024,20
1625112000,917255,21
1627790400,922537,22
