1561953600,831081,
1564632000,834693,
1567310400,838598,
1569902400,842785,
1572580800,846902,
1575176400,851177,
1577854800,855448,1
1580533200,859871,2
1583038800,863913,3
1585713600,868757,4
1588305600,873565,5
1590984000,878592,6
1593576000,883268,7
1596254400,888041,8
1598932800,892762,9
1601524800,897599,10
1604203200,902070,11
1606798800,906463,12
1609477200,911050,13
1612155600,916072,14
1614574800,920867,15
1617249600,928170,16
1619841600,934444,17
1622520000,940198,18
1625112000,951361,19
1627790400,956624,20
