1554091200,755793,
1556683200,759693,
1559361600,763936,
1561953600,768023,
1564632000,772297,
1567310400,776610,
1569902400,781065,1
1572580800,785434,2
1575176400,789875,3
1577854800,794343,4
1580533200,798902,5
1583038800,803040,6
1585713600,808030,7
1588305600,812973,8
1590984000,818089,9
1593576000,822863,10
1596254400,827740,11
1598932800,832529,12
1601524800,837467,13
1604203200,842007,14
1606798800,846465,15
1609477200,851093,16
1612155600,856172,17
1614574800,861019,18
1617249600,868370,19
1619841600,874680,20
1622520000,880469,21
1625112000,891738,22
1627790400,897040,23
