1509508800,128185,
1512104400,132007,
1514782800,135824,
1517461200,19756,
1519880400,20094,
1522555200,17832,
1525147200,18283,0
1527825600,14758,0
1530417600,15133,0
1533096000,15569,0
1535774400,15997,0
1538366400,16044,0
1541044800,16562,1
1543640400,16977,2
1546318800,17360,3
1548997200,17778,4
1551416400,16122,0
1554091200,16500,0
1556683200,16872,0
1559361600,17299,0
1561953600,17639,0
1564632000,18015,1
1567310400,17805,0
1569902400,18164,0
1572580800,18459,0
1575176400,18777,0
1577854800,19183,0
1580533200,19498,1
1583038800,19834,2
1585713600,20186,3
1588305600,20514,4
1590984000,20918,5
1593576000,21251,6
1596254400,21575,7
1598932800,21873,8
1601524800,22207,9
1604203200,22523,10
1606798800,22799,11
