1517461200,122445,
1519880400,107375,
1522555200,98220,
1525147200,93355,
1527825600,91865,
1530417600,92936,
1533096000,95178,0
1535774400,80428,0
1538366400,70929,0
1541044800,69296,0
1543640400,63469,0
1546318800,64824,0
1548997200,60562,0
1551416400,61846,0
1554091200,63319,0
1556683200,572201,0
1559361600,577171,0
1561953600,581870,0
1564632000,586773,0
1567310400,591544,0
1569902400,596450,1
1572580800,601255,2
1575176400,606074,3
1577854800,610863,4
1580533200,615795,5
1583038800,620295,6
1585713600,625687,7
1588305600,631074,8
1590984000,636707,9
1593576000,641829,10
1596254400,647123,11
1598932800,652286,12
1601524800,657571,13
1604203200,663315,14
1606798800,669796,15
