1548997200,127296,
1551416400,142256,
1554091200,145734,
1556683200,148897,
1559361600,152264,
1561953600,155372,
1564632000,158478,1
1567310400,161561,2
1569902400,164836,3
1572580800,167946,4
1575176400,170899,5
1577854800,174016,6
1580533200,177111,7
1583038800,179843,8
1585713600,183111,9
1588305600,186572,10
1590984000,190006,11
1593576000,192986,12
1596254400,196104,13
1598932800,199196,14
1601524800,202181,15
1604203200,205023,16
1606798800,207845,17
1609477200,210901,18
1612155600,214217,19
1614574800,217190,20
1617249600,222371,21
1619841600,226792,22
1622520000,230649,23
1625112000,237429,24
