1501560000,413841,
1504238400,416815,
1506830400,419627,
1509508800,423053,
1512104400,426471,
1514782800,429967,
1517461200,434029,1
1519880400,437639,2
1522555200,441782,3
1525147200,445760,4
1527825600,449889,5
1530417600,454246,6
1533096000,458784,7
1535774400,463097,8
1538366400,467513,9
1541044800,471791,10
1543640400,476640,11
1546318800,480482,12
1548997200,485202,13
1551416400,489869,14
1554091200,495329,15
1556683200,500365,16
1559361600,505471,17
1561953600,510259,18
1564632000,515313,19
1567310400,520176,20
1569902400,525153,21
1572580800,530019,22
1575176400,534900,23
1577854800,539755,24
1580533200,544758,25
1583038800,549317,26
1585713600,554767,27
1588305600,560210,28
1590984000,565890,29
1593576000,571068,30
1596254400,576425,31
1598932800,581634,32
1601524800,586983,33
1604203200,592765,34
1606798800,599287,35
