1548997200,716556,
1551416400,720255,
1554091200,724865,
1556683200,729045,
1559361600,733458,
1561953600,737707,
1564632000,742139,1
1567310400,746556,2
1569902400,751091,3
1572580800,755532,4
1575176400,760058,5
1577854800,764598,6
1580533200,769207,7
1583038800,773398,8
1585713600,778459,9
1588305600,783470,10
1590984000,788654,11
1593576000,793460,12
1596254400,798377,13
1598932800,803174,14
1601524800,808156,15
1604203200,812740,16
1606798800,817234,17
1609477200,821877,18
1612155600,826970,19
1614574800,831834,20
1617249600,839202,21
1619841600,845522,22
1622520000,851331,23
1625112000,862641,24
1627790400,867958,25
