1462075200,222571,
1464753600,224996,
1467345600,227208,
1470024000,229880,
1472702400,232611,
1475294400,235351,
1477972800,238279,1
1480568400,240968,2
1483246800,243868,3
1485925200,246694,4
1488344400,249901,5
1491019200,253410,6
1493611200,256831,7
1496289600,260350,8
1498881600,264276,9
1501560000,268159,10
1504238400,271876,11
1506830400,275296,12
1509508800,279413,13
1512104400,283342,14
1514782800,287324,15
1517461200,291939,16
1519880400,295894,17
1522555200,300422,18
1525147200,304774,19
1527825600,309236,20
1530417600,313869,21
1533096000,318796,22
1535774400,323422,23
1538366400,328034,24
1541044800,332547,25
1543640400,337673,26
1546318800,341744,27
1548997200,346651,28
1551416400,351541,29
1554091200,357163,30
1556683200,362363,31
1559361600,367635,32
1561953600,372516,33
1564632000,377689,34
1567310400,382686,35
1569902400,387776,36
1572580800,392757,37
1575176400,397747,38
1577854800,402709,39
1580533200,407799,40
1583038800,412435,41
1585713600,417971,42
1588305600,423507,43
1590984000,429261,44
1593576000,434536,45
1596254400,439980,46
1598932800,445263,47
1601524800,450682,48
1604203200,456537,49
1606798800,463123,50
