1548997200,725872,
1551416400,729426,
1554091200,733967,
1556683200,738100,
1559361600,742489,
1561953600,746687,
1564632000,751084,1
1567310400,755479,2
1569902400,759994,3
1572580800,764411,4
1575176400,768915,5
1577854800,773435,6
1580533200,778026,7
1583038800,782214,8
1585713600,787253,9
1588305600,792250,10
1590984000,797409,11
1593576000,802211,12
1596254400,807115,13
1598932800,811914,14
1601524800,816886,15
1604203200,821460,16
1606798800,825944,17
1609477200,830585,18
1612155600,835673,19
1614574800,840536,20
1617249600,847904,21
1619841600,854219,22
1622520000,860027,23
1625112000,871325,24
