1554091200,768262,
1556683200,771918,
1559361600,776062,
1561953600,780078,
1564632000,784299,
1567310400,788558,
1569902400,792997,1
1572580800,797312,2
1575176400,801725,3
1577854800,806165,4
1580533200,810700,5
1583038800,814828,6
1585713600,819797,7
1588305600,824715,8
1590984000,829830,9
1593576000,834583,10
1596254400,839429,11
1598932800,844196,12
1601524800,849108,13
1604203200,853633,14
1606798800,858077,15
1609477200,862695,16
1612155600,867766,17
1614574800,872605,18
1617249600,879946,19
1619841600,886244,20
1622520000,892023,21
1625112000,903273,22
