1551416400,738617,
1554091200,743027,
1556683200,747080,
1559361600,751425,
1561953600,755577,
1564632000,759943,
1567310400,764296,1
1569902400,768785,2
1572580800,773181,3
1575176400,777648,4
1577854800,782156,5
1580533200,786732,6
1583038800,790902,7
1585713600,795921,8
1588305600,800899,9
1590984000,806046,10
1593576000,810836,11
1596254400,815728,12
1598932800,820523,13
1601524800,825483,14
1604203200,830047,15
1606798800,834515,16
1609477200,839148,17
1612155600,844230,18
1614574800,849088,19
1617249600,856451,20
1619841600,862762,21
1622520000,868563,22
1625112000,879847,23
