1506830400,441668,
1509508800,444831,
1512104400,448085,
1514782800,451445,
1517461200,455381,
1519880400,458916,
1522555200,462941,1
1525147200,466818,2
1527825600,470862,3
1530417600,475165,4
1533096000,479622,5
1535774400,483887,6
1538366400,488247,7
1541044800,492472,8
1543640400,497256,9
1546318800,501060,10
1548997200,505723,11
1551416400,510348,12
1554091200,515781,13
1556683200,520786,14
1559361600,525849,15
1561953600,530625,16
1564632000,535645,17
1567310400,540483,18
1569902400,545447,19
1572580800,550314,20
1575176400,555173,21
1577854800,560007,22
1580533200,564983,23
1583038800,569531,24
1585713600,574963,25
1588305600,580396,26
1590984000,586063,27
1593576000,591222,28
1596254400,596568,29
1598932800,601766,30
1601524800,607097,31
1604203200,612865,32
1606798800,619379,33
