1554091200,754977,
1556683200,758882,
1559361600,763133,
1561953600,767224,
1564632000,771509,
1567310400,775824,
1569902400,780279,1
1572580800,784653,2
1575176400,789097,3
1577854800,793565,4
1580533200,798125,5
1583038800,802265,6
1585713600,807258,7
1588305600,812202,8
1590984000,817320,9
1593576000,822094,10
1596254400,826971,11
1598932800,831758,12
1601524800,836697,13
1604203200,841242,14
1606798800,845701,15
1609477200,850330,16
1612155600,855409,17
1614574800,860257,18
1617249600,867609,19
1619841600,873920,20
1622520000,879711,21
1625112000,890980,22
