1519880400,521362,
1522555200,524905,
1525147200,528463,
1527825600,532215,
1530417600,536280,
1533096000,540493,
1535774400,544571,1
1538366400,548703,2
1541044800,552747,3
1543640400,557438,4
1546318800,561112,5
1548997200,565635,6
1551416400,570151,7
1554091200,575473,8
1556683200,580376,9
1559361600,585338,10
1561953600,590026,11
1564632000,594916,12
1567310400,599673,13
1569902400,604566,14
1572580800,609360,15
1575176400,614182,16
1577854800,618962,17
1580533200,623887,18
1583038800,628379,19
1585713600,633762,20
1588305600,639146,21
1590984000,644766,22
1593576000,649876,23
1596254400,655166,24
1598932800,660319,25
1601524800,665601,26
1604203200,671336,27
1606798800,677814,28
