1548997200,724123,
1551416400,727717,
1554091200,732271,
1556683200,736413,
1559361600,740810,
1561953600,745017,
1564632000,749426,1
1567310400,753824,2
1569902400,758343,3
1572580800,762765,4
1575176400,767271,5
1577854800,771794,6
1580533200,776387,7
1583038800,780575,8
1585713600,785621,9
1588305600,790621,10
1590984000,795786,11
1593576000,800587,12
1596254400,805495,13
1598932800,810294,14
1601524800,815270,15
1604203200,819847,16
1606798800,824333,17
1609477200,828975,18
1612155600,834066,19
1614574800,838926,20
1617249600,846297,21
1619841600,852611,22
1622520000,858418,23
1625112000,869716,24
1627790400,875027,25
