1548997200,726031,
1551416400,729572,
1554091200,734112,
1556683200,738243,
1559361600,742632,
1561953600,746829,
1564632000,751225,1
1567310400,755620,2
1569902400,760135,3
1572580800,764552,4
1575176400,769056,5
1577854800,773575,6
1580533200,778167,7
1583038800,782355,8
1585713600,787394,9
1588305600,792391,10
1590984000,797548,11
1593576000,802350,12
1596254400,807254,13
1598932800,812053,14
1601524800,817025,15
1604203200,821599,16
1606798800,826083,17
1609477200,830724,18
1612155600,835812,19
1614574800,840675,20
1617249600,848043,21
1619841600,854358,22
1622520000,860166,23
1625112000,871463,24
