1551416400,741980,
1554091200,746318,
1556683200,750343,
1559361600,754668,
1561953600,758809,
1564632000,763151,
1567310400,767498,1
1569902400,771981,2
1572580800,776372,3
1575176400,780837,4
1577854800,785337,5
1580533200,789910,6
1583038800,794065,7
1585713600,799079,8
1588305600,804053,9
1590984000,809187,10
1593576000,813976,11
1596254400,818861,12
1598932800,823658,13
1601524800,828608,14
1604203200,833166,15
1606798800,837634,16
1609477200,842263,17
1612155600,847347,18
1614574800,852201,19
1617249600,859558,20
1619841600,865875,21
1622520000,871668,22
1625112000,882950,23
