1554091200,757060,
1556683200,760940,
1559361600,765175,
1561953600,769254,
1564632000,773520,
1567310400,777830,
1569902400,782281,1
1572580800,786646,2
1575176400,791085,3
1577854800,795550,4
1580533200,800108,5
1583038800,804245,6
1585713600,809233,7
1588305600,814176,8
1590984000,819290,9
1593576000,824061,10
1596254400,828937,11
1598932800,833724,12
1601524800,838660,13
1604203200,843201,14
1606798800,847659,15
1609477200,852286,16
1612155600,857364,17
1614574800,862211,18
1617249600,869562,19
1619841600,875869,20
1622520000,881657,21
1625112000,892923,22
1627790400,898225,23
