1548997200,721464,
1551416400,725113,
1554091200,729694,
1556683200,733854,
1559361600,738257,
1561953600,742468,
1564632000,746885,1
1567310400,751294,2
1569902400,755820,3
1572580800,760246,4
1575176400,764763,5
1577854800,769291,6
1580533200,773886,7
1583038800,778077,8
1585713600,783125,9
1588305600,788131,10
1590984000,793303,11
1593576000,798104,12
1596254400,803015,13
1598932800,807813,14
1601524800,812790,15
1604203200,817369,16
1606798800,821859,17
1609477200,826503,18
1612155600,831595,19
1614574800,836457,20
1617249600,843829,21
1619841600,850145,22
1622520000,855952,23
1625112000,867254,24
