1551416400,747302,
1554091200,751481,
1556683200,755455,
1559361600,759731,
1561953600,763836,
1564632000,768147,
1567310400,772478,1
1569902400,776943,2
1572580800,781324,3
1575176400,785779,4
1577854800,790261,5
1580533200,794824,6
1583038800,798975,7
1585713600,803976,8
1588305600,808931,9
1590984000,814059,10
1593576000,818842,11
1596254400,823720,12
1598932800,828509,13
1601524800,833453,14
1604203200,838003,15
1606798800,842469,16
1609477200,847097,17
1612155600,852179,18
1614574800,857033,19
1617249600,864388,20
1619841600,870703,21
1622520000,876495,22
1625112000,887770,23
1627790400,893073,24
