1498881600,399440,
1501560000,402428,
1504238400,405556,
1506830400,408478,
1509508800,411983,
1512104400,415483,
1514782800,419029,1
1517461200,423143,2
1519880400,426792,3
1522555200,430976,4
1525147200,435000,5
1527825600,439158,6
1530417600,443546,7
1533096000,448112,8
1535774400,452453,9
1538366400,456884,10
1541044800,461195,11
1543640400,466067,12
1546318800,469928,13
1548997200,474668,14
1551416400,479351,15
1554091200,484828,16
1556683200,489881,17
1559361600,495007,18
1561953600,499809,19
1564632000,504872,20
1567310400,509744,21
1569902400,514743,22
1572580800,519623,23
1575176400,524518,24
1577854800,529383,25
1580533200,534387,26
1583038800,538955,27
1585713600,544413,28
1588305600,549860,29
1590984000,555543,30
1593576000,560729,31
1596254400,566093,32
1598932800,571302,33
1601524800,576656,34
1604203200,582445,35
1606798800,588973,36
