1517461200,513648,
1519880400,516673,
1522555200,520289,
1525147200,523877,
1527825600,527659,
1530417600,531745,
1533096000,535981,1
1535774400,540076,2
1538366400,544221,3
1541044800,548283,4
1543640400,552979,5
1546318800,556662,6
1548997200,561199,7
1551416400,565723,8
1554091200,571049,9
1556683200,575963,10
1559361600,580931,11
1561953600,585628,12
1564632000,590529,13
1567310400,595294,14
1569902400,600193,15
1572580800,604994,16
1575176400,609809,17
1577854800,614594,18
1580533200,619521,19
1583038800,624018,20
1585713600,629403,21
1588305600,634789,22
1590984000,640414,23
1593576000,645531,24
1596254400,650819,25
1598932800,655976,26
1601524800,661260,27
1604203200,666999,28
1606798800,673479,29
