1546318800,90590,
1548997200,96308,
1551416400,98402,
1554091200,100768,
1556683200,102878,
1559361600,105353,
1561953600,107375,1
1564632000,109497,2
1567310400,111679,3
1569902400,114015,4
1572580800,116248,5
1575176400,118399,6
1577854800,120586,7
1580533200,122796,8
1583038800,124711,9
1585713600,127005,10
1588305600,129294,11
1590984000,131784,12
1593576000,781235,
1596254400,786168,
1598932800,790978,
1601524800,795967,
1604203200,800569,
1606798800,805075,1
1609477200,809722,2
1612155600,814828,3
1614574800,819697,4
1617249600,827069,5
1619841600,833393,6
1622520000,839208,7
1625112000,850539,8
1627790400,855866,9
