1522555200,549243,
1525147200,552397,
1527825600,555937,
1530417600,559840,
1533096000,135631,
1535774400,142001,
1538366400,129236,0
1541044800,135319,0
1543640400,138870,0
1546318800,138855,0
1548997200,142141,0
1551416400,145456,0
1554091200,149096,1
1556683200,152507,2
1559361600,156031,3
1561953600,159332,4
1564632000,162608,5
1567310400,165857,6
1569902400,169294,7
1572580800,172534,8
1575176400,175591,9
1577854800,178860,10
1580533200,182166,11
1583038800,185147,12
1585713600,188631,13
1588305600,192349,14
1590984000,196181,15
1593576000,199392,16
1596254400,206503,17
1598932800,209924,18
1601524800,213386,19
1604203200,204558,0
1606798800,209361,0
