1454302800,193427,
1456808400,195535,
1459483200,198429,
1462075200,201119,
1464753600,203816,
1467345600,206218,
1470024000,209009,1
1472702400,211877,2
1475294400,214730,3
1477972800,217758,4
1480568400,220539,5
1483246800,223514,6
1485925200,226351,7
1488344400,229627,8
1491019200,233208,9
1493611200,236695,10
1496289600,240284,11
1498881600,244287,12
1501560000,248226,13
1504238400,252002,14
1506830400,255471,15
1509508800,259634,16
1512104400,263614,17
1514782800,267636,18
1517461200,272318,19
1519880400,276296,20
1522555200,280853,21
1525147200,285234,22
1527825600,289723,23
1530417600,294389,24
1533096000,299350,25
1535774400,304001,26
1538366400,308636,27
1541044800,313175,28
1543640400,318333,29
1546318800,322412,30
1548997200,327333,31
1551416400,332241,32
1554091200,337878,33
1556683200,343083,34
1559361600,348377,35
1561953600,353274,36
1564632000,358459,37
1567310400,363470,38
1569902400,368576,39
1572580800,373557,40
1575176400,378548,41
1577854800,383512,42
1580533200,388609,43
1583038800,393258,44
1585713600,398809,45
1588305600,404355,46
1590984000,410126,47
1593576000,415412,48
1596254400,420865,49
1598932800,426159,50
1601524800,431587,51
1604203200,437443,52
1606798800,444037,53
