1541044800,112532,
1543640400,122538,
1546318800,124941,
1548997200,127794,
1551416400,689337,
1554091200,694209,
1556683200,698778,0
1559361600,703449,0
1561953600,707875,0
1564632000,712473,1
1567310400,716990,2
1569902400,721673,3
1572580800,726245,4
1575176400,730892,5
1577854800,735512,6
1580533200,740271,7
1583038800,744623,8
1585713600,749868,9
1588305600,755106,10
1590984000,760587,11
1593576000,765573,12
1596254400,770759,13
1598932800,775822,14
1601524800,781017,15
1604203200,786675,16
1606798800,793048,17
