1543640400,689796,
1546318800,692995,
1548997200,696954,
1551416400,700915,
1554091200,705704,
1556683200,710227,
1559361600,714834,1
1561953600,719210,2
1564632000,723779,3
1567310400,728253,4
1569902400,732912,5
1572580800,737457,6
1575176400,742083,7
1577854800,746691,8
1580533200,751439,9
1583038800,755774,10
1585713600,761005,11
1588305600,766220,12
1590984000,771684,13
1593576000,776652,14
1596254400,781835,15
1598932800,786888,16
1601524800,792069,17
1604203200,797711,18
1606798800,804085,19
