1548997200,50949,
1551416400,51866,
1554091200,53176,
1556683200,54325,
1559361600,55536,
1561953600,56628,
1564632000,57779,1
1567310400,58890,2
1569902400,60090,3
1572580800,61168,4
1575176400,62281,5
1577854800,63474,6
1580533200,64525,7
1583038800,65556,8
1585713600,66729,9
1588305600,67967,10
1590984000,69316,11
1593576000,70391,12
1596254400,71509,13
1598932800,72611,14
1601524800,73721,15
1604203200,74788,16
1606798800,75804,17
1609477200,76887,18
1612155600,78220,19
1614574800,79344,20
1617249600,82291,21
1619841600,84314,22
1622520000,85900,23
1625112000,88891,24
