1546318800,698859,
1548997200,702684,
1551416400,706508,
1554091200,711215,
1556683200,715484,
1559361600,719968,
1561953600,724258,1
1564632000,728729,2
1567310400,733175,3
1569902400,737736,4
1572580800,742212,5
1575176400,746763,6
1577854800,751335,7
1580533200,755969,8
1583038800,760168,9
1585713600,765253,10
1588305600,770279,11
1590984000,775478,12
1593576000,780296,13
1596254400,785231,14
1598932800,790041,15
1601524800,795031,16
1604203200,799633,17
1606798800,804139,18
1609477200,808785,19
1612155600,813890,20
1614574800,818758,21
1617249600,826130,22
1619841600,832457,23
1622520000,838273,24
1625112000,849605,25
