1525147200,556824,
1527825600,560304,
1530417600,564170,
1533096000,568185,
1535774400,572120,
1538366400,576103,
1541044800,580075,1
1543640400,584671,2
1546318800,588264,3
1548997200,592711,4
1551416400,597161,5
1554091200,602405,6
1556683200,607260,7
1559361600,612175,8
1561953600,616828,9
1564632000,621660,10
1567310400,626375,11
1569902400,631225,12
1572580800,635976,13
1575176400,640744,14
1577854800,645496,15
1580533200,650390,16
1583038800,654852,17
1585713600,660211,18
1588305600,665578,19
1590984000,671187,20
1593576000,676273,21
1596254400,681542,22
1598932800,686675,23
1601524800,691941,24
1604203200,697668,25
1606798800,704126,26
