1554091200,763002,
1556683200,766785,
1559361600,770970,
1561953600,775019,
1564632000,779255,
1567310400,783541,
1569902400,787987,1
1572580800,792329,2
1575176400,796754,3
1577854800,801211,4
1580533200,805764,5
1583038800,809894,6
1585713600,814868,7
1588305600,819798,8
1590984000,824923,9
1593576000,829681,10
1596254400,834544,11
1598932800,839325,12
1601524800,844251,13
1604203200,848783,14
1606798800,853232,15
1609477200,857852,16
1612155600,862927,17
1614574800,867771,18
1617249600,875119,19
1619841600,881421,20
1622520000,887207,21
1625112000,898465,22
