1556683200,788991,
1559361600,792833,
1561953600,796720,
1564632000,800848,
1567310400,805017,
1569902400,809375,
1572580800,813639,1
1575176400,818023,2
1577854800,822420,3
1580533200,826925,4
1583038800,831027,5
1585713600,835961,6
1588305600,840852,7
1590984000,845942,8
1593576000,850671,9
1596254400,855493,10
1598932800,860254,11
1601524800,865146,12
1604203200,869655,13
1606798800,874086,14
1609477200,878693,15
1612155600,883753,16
1614574800,888578,17
1617249600,895906,18
1619841600,902195,19
1622520000,907972,20
1625112000,919197,21
