1564632000,835770,
1567310400,839666,
1569902400,843847,
1572580800,847955,
1575176400,852227,
1577854800,856491,
1580533200,860912,1
1583038800,864945,2
1585713600,869786,3
1588305600,874588,4
1590984000,879609,5
1593576000,884283,6
1596254400,889058,7
1598932800,893777,8
1601524800,898609,9
1604203200,903076,10
1606798800,907469,11
1609477200,912056,12
1612155600,917080,13
1614574800,921872,14
1617249600,929173,15
1619841600,935445,16
1622520000,941199,17
1625112000,952361,18
1627790400,957620,19
