1498881600,404422,
1501560000,407304,
1504238400,410364,
1506830400,413227,
1509508800,416697,
1512104400,420166,
1514782800,423699,1
1517461200,427791,2
1519880400,431427,3
1522555200,435585,4
1525147200,439585,5
1527825600,443733,6
1530417600,448107,7
1533096000,452660,8
1535774400,456993,9
1538366400,461421,10
1541044800,465715,11
1543640400,470579,12
1546318800,474433,13
1548997200,479161,14
1551416400,483836,15
1554091200,489306,16
1556683200,494352,17
1559361600,499471,18
1561953600,504264,19
1564632000,509322,20
1567310400,514191,21
1569902400,519188,22
1572580800,524061,23
1575176400,528947,24
1577854800,533807,25
1580533200,538805,26
1583038800,543369,27
1585713600,548824,28
1588305600,554270,29
1590984000,559955,30
1593576000,565135,31
1596254400,570497,32
1598932800,575705,33
1601524800,581058,34
1604203200,586844,35
1606798800,593369,36
