1522555200,23319,
1525147200,23658,
1527825600,24259,
1530417600,24894,
1533096000,25411,
1535774400,28853,
1538366400,29553,0
1541044800,30160,0
1543640400,30883,0
1546318800,31518,0
1548997200,32239,1
1551416400,32969,2
1554091200,33753,3
1556683200,34520,4
1559361600,35306,5
1561953600,35939,6
1564632000,36694,7
1567310400,49733,0
1569902400,37743,0
1572580800,38461,0
1575176400,39185,0
1577854800,39925,0
1580533200,40633,0
1583038800,41322,1
1585713600,30645,0
1588305600,31487,0
1590984000,32046,0
1593576000,32581,0
1596254400,33926,0
1598932800,34434,1
1601524800,34946,2
1604203200,35402,3
1606798800,35881,4
