1559361600,804813,
1561953600,808516,
1564632000,812549,
1567310400,816657,
1569902400,820963,
1572580800,825178,
1575176400,829538,1
1577854800,833888,2
1580533200,838365,3
1583038800,842443,4
1585713600,847342,5
1588305600,852205,6
1590984000,857268,7
1593576000,861978,8
1596254400,866781,9
1598932800,871528,10
1601524800,876398,11
1604203200,880892,12
1606798800,885314,13
1609477200,889920,14
1612155600,894971,15
1614574800,899784,16
1617249600,907102,17
1619841600,913381,18
1622520000,919151,19
1625112000,930357,20
1627790400,935632,21
