1530417600,89824,
1533096000,92048,
1535774400,67834,
1538366400,69373,
1541044800,119201,
1543640400,122257,
1546318800,124656,0
1548997200,127506,0
1551416400,130263,0
1554091200,133456,1
1556683200,136463,2
1559361600,139587,3
1561953600,142367,4
1564632000,145257,5
1567310400,148102,6
1569902400,151173,7
1572580800,153987,8
1575176400,156721,9
1577854800,159575,10
1580533200,162472,11
1583038800,165071,12
1585713600,168138,13
1588305600,171396,14
1590984000,174569,15
1593576000,177321,16
1596254400,180141,17
1598932800,183133,18
1601524800,186060,19
1604203200,189833,20
1606798800,194092,21
