1554091200,756479,
1556683200,760371,
1559361600,764611,
1561953600,768695,
1564632000,772965,
1567310400,777277,
1569902400,781730,1
1572580800,786099,2
1575176400,790539,3
1577854800,795006,4
1580533200,799565,5
1583038800,803702,6
1585713600,808691,7
1588305600,813635,8
1590984000,818751,9
1593576000,823521,10
1596254400,828399,11
1598932800,833187,12
1601524800,838123,13
1604203200,842663,14
1606798800,847121,15
1609477200,851750,16
1612155600,856829,17
1614574800,861674,18
1617249600,869025,19
1619841600,875333,20
1622520000,881122,21
1625112000,892388,22
