1470024000,258183,
1472702400,260579,
1475294400,263062,
1477972800,265765,
1480568400,268247,
1483246800,270980,
1485925200,273685,1
1488344400,276793,2
1491019200,280185,3
1493611200,283539,4
1496289600,286949,5
1498881600,290794,6
1501560000,294579,7
1504238400,298231,8
1506830400,301574,9
1509508800,305620,10
1512104400,309498,11
1514782800,313423,12
1517461200,317976,13
1519880400,321880,14
1522555200,326368,15
1525147200,330668,16
1527825600,335086,17
1530417600,339690,18
1533096000,344520,19
1535774400,349106,20
1538366400,353690,21
1541044800,358165,22
1543640400,363257,23
1546318800,367303,24
1548997200,372186,25
1551416400,377033,26
1554091200,382635,27
1556683200,387815,28
1559361600,393062,29
1561953600,397927,30
1564632000,403079,31
1567310400,408065,32
1569902400,413139,33
1572580800,418105,34
1575176400,423081,35
1577854800,428027,36
1580533200,433101,37
1583038800,437724,38
1585713600,443251,39
1588305600,448777,40
1590984000,454517,41
1593576000,459777,42
1596254400,465214,43
1598932800,470484,44
1601524800,475894,45
1604203200,481738,46
1606798800,488314,47
