1530417600,598623,
1533096000,602167,
1535774400,605779,
1538366400,609589,
1541044800,613488,
1543640400,617933,
1546318800,621435,1
1548997200,625774,2
1551416400,630086,3
1554091200,635257,4
1556683200,640007,5
1559361600,644854,6
1561953600,649453,7
1564632000,654223,8
1567310400,658870,9
1569902400,663656,10
1572580800,668348,11
1575176400,673053,12
1577854800,677760,13
1580533200,682606,14
1583038800,687045,15
1585713600,692360,16
1588305600,697675,17
1590984000,703247,18
1593576000,708309,19
1596254400,713562,20
1598932800,718676,21
1601524800,723916,22
1604203200,729610,23
1606798800,736033,24
