1438401600,139592,
1441080000,141475,
1443672000,143572,
1446350400,145726,
1448946000,147991,
1451624400,150634,
1454302800,153202,1
1456808400,155869,2
1459483200,159160,3
1462075200,162130,4
1464753600,165098,5
1467345600,167759,6
1470024000,170731,7
1472702400,173792,8
1475294400,176809,9
1477972800,180005,10
1480568400,182920,11
1483246800,186013,12
1485925200,188960,13
1488344400,192342,14
1491019200,196047,15
1493611200,199660,16
1496289600,203350,17
1498881600,207439,18
1501560000,211465,19
1504238400,215329,20
1506830400,218859,21
1509508800,223126,22
1512104400,227168,23
1514782800,231259,24
1517461200,235994,25
1519880400,240027,26
1522555200,244627,27
1525147200,249049,28
1527825600,253579,29
1530417600,258294,30
1533096000,263295,31
1535774400,267987,32
1538366400,272642,33
1541044800,277229,34
1543640400,282424,35
1546318800,286538,36
1548997200,291486,37
1551416400,296413,38
1554091200,302079,39
1556683200,307305,40
1559361600,312611,41
1561953600,317511,42
1564632000,322716,43
1567310400,327752,44
1569902400,332875,45
1572580800,337871,46
1575176400,342877,47
1577854800,347856,48
1580533200,352971,49
1583038800,357627,50
1585713600,363194,51
1588305600,368747,52
1590984000,374536,53
1593576000,379838,54
1596254400,385307,55
1598932800,390618,56
1601524800,396064,57
1604203200,401929,58
1606798800,408536,59
