1561953600,822678,
1564632000,826523,
1567310400,830521,
1569902400,834759,
1572580800,838924,
1575176400,843232,
1577854800,847536,1
1580533200,851982,2
1583038800,856039,3
1585713600,860907,4
1588305600,865741,5
1590984000,870785,6
1593576000,875477,7
1596254400,880268,8
1598932800,884997,9
1601524800,889842,10
1604203200,894326,11
1606798800,898732,12
1609477200,903321,13
1612155600,908350,14
1614574800,913152,15
1617249600,920464,16
1619841600,926731,17
1622520000,932495,18
1625112000,943673,19
