1533096000,106502,
1535774400,113979,
1538366400,116609,
1541044800,119279,
1543640400,122330,
1546318800,124725,
1548997200,127577,1
1551416400,643904,0
1554091200,649024,0
1556683200,653736,0
1559361600,658548,0
1561953600,663097,0
1564632000,667823,1
1567310400,672446,2
1569902400,677211,3
1572580800,681877,4
1575176400,686562,5
1577854800,691252,6
1580533200,696086,7
1583038800,700507,8
1585713600,705813,9
1588305600,711117,10
1590984000,716679,11
1593576000,721723,12
1596254400,726957,13
1598932800,732062,14
1601524800,737296,15
1604203200,742986,16
1606798800,749398,17
