1559361600,804952,
1561953600,808651,
1564632000,812684,
1567310400,816792,
1569902400,821098,
1572580800,825311,
1575176400,829669,1
1577854800,834019,2
1580533200,838497,3
1583038800,842575,4
1585713600,847474,5
1588305600,852337,6
1590984000,857400,7
1593576000,862110,8
1596254400,866913,9
1598932800,871660,10
1601524800,876530,11
1604203200,881024,12
1606798800,885445,13
1609477200,890050,14
1612155600,895101,15
1614574800,899913,16
1617249600,907231,17
1619841600,913510,18
1622520000,919280,19
1625112000,930486,20
