1512104400,477481,
1514782800,480480,
1517461200,484124,
1519880400,487449,
1522555200,491294,
1525147200,495071,
1527825600,499032,1
1530417600,503239,2
1533096000,507603,3
1535774400,511795,4
1538366400,516050,5
1541044800,520224,6
1543640400,524958,7
1546318800,528703,8
1548997200,533316,9
1551416400,537897,10
1554091200,543284,11
1556683200,548236,12
1559361600,553246,13
1561953600,557977,14
1564632000,562935,15
1567310400,567738,16
1569902400,572659,17
1572580800,577502,18
1575176400,582348,19
1577854800,587158,20
1580533200,592114,21
1583038800,596639,22
1585713600,602047,23
1588305600,607455,24
1590984000,613098,25
1593576000,618230,26
1596254400,623547,27
1598932800,628730,28
1601524800,634038,29
1604203200,639794,30
1606798800,646293,31
