1548997200,730566,
1551416400,733987,
1554091200,738473,
1556683200,742570,
1559361600,746935,
1561953600,751110,
1564632000,755492,1
1567310400,759865,2
1569902400,764363,3
1572580800,768761,4
1575176400,773245,5
1577854800,777760,6
1580533200,782339,7
1583038800,786522,8
1585713600,791548,9
1588305600,796537,10
1590984000,801695,11
1593576000,806491,12
1596254400,811392,13
1598932800,816189,14
1601524800,821157,15
1604203200,825725,16
1606798800,830201,17
1609477200,834838,18
1612155600,839925,19
1614574800,844783,20
1617249600,852149,21
1619841600,858459,22
1622520000,864263,23
1625112000,875554,24
