1543640400,62393,
1546318800,54515,
1548997200,55769,
1551416400,61451,
1554091200,69447,
1556683200,71019,
1559361600,72687,
1561953600,74072,
1564632000,75574,
1567310400,76987,1
1569902400,78506,2
1572580800,79979,3
1575176400,81445,4
1577854800,83026,5
1580533200,84476,6
1583038800,85907,7
1585713600,87473,8
1588305600,89078,9
1590984000,90820,10
1593576000,92266,11
1596254400,93653,12
1598932800,95103,13
1601524800,96547,14
1604203200,97881,15
1606798800,99208,16
1609477200,100605,17
1612155600,102239,18
1614574800,103681,19
1617249600,107007,20
1619841600,109530,21
1622520000,111449,22
1625112000,115067,23
