1493611200,378812,
1496289600,381286,
1498881600,384480,
1501560000,387663,
1504238400,390926,
1506830400,393925,
1509508800,397562,1
1512104400,401128,2
1514782800,404735,3
1517461200,408921,4
1519880400,412624,5
1522555200,416871,6
1525147200,420934,7
1527825600,425124,8
1530417600,429563,9
1533096000,434153,10
1535774400,438527,11
1538366400,442979,12
1541044800,447309,13
1543640400,452219,14
1546318800,456106,15
1548997200,460877,16
1551416400,465582,17
1554091200,471074,18
1556683200,476153,19
1559361600,481294,20
1561953600,486106,21
1564632000,491173,22
1567310400,496056,23
1569902400,501071,24
1572580800,505965,25
1575176400,510872,26
1577854800,515755,27
1580533200,520767,28
1583038800,525348,29
1585713600,530818,30
1588305600,536277,31
1590984000,541965,32
1593576000,547165,33
1596254400,552541,34
1598932800,557764,35
1601524800,563120,36
1604203200,568918,37
1606798800,575449,38
