1559361600,215930,
1561953600,220481,
1564632000,226171,
1567310400,233627,
1569902400,238546,
1572580800,244103,
1575176400,248674,1
1577854800,253534,2
1580533200,258448,3
1583038800,263084,4
1585713600,268547,5
1588305600,273831,6
1590984000,279286,7
1593576000,284075,8
1596254400,289134,9
1598932800,293896,10
1601524800,298889,11
1604203200,303395,12
1606798800,307904,13
1609477200,312707,14
1612155600,317929,15
1614574800,322863,16
1617249600,330138,17
1619841600,336559,18
1622520000,342382,19
1625112000,352220,20
1627790400,357494,21
