1517461200,139251,
1519880400,143018,
1522555200,146730,
1525147200,104787,
1527825600,107434,
1530417600,110040,
1533096000,113335,0
1535774400,109175,0
1538366400,112334,0
1541044800,114557,0
1543640400,117606,0
1546318800,119316,0
1548997200,122190,1
1551416400,125366,2
1554091200,128935,3
1556683200,125066,0
1559361600,128238,0
1561953600,129099,0
1564632000,132290,0
1567310400,130473,0
1569902400,134894,0
1572580800,146617,0
1575176400,94350,0
1577854800,96270,0
1580533200,97876,0
1583038800,100005,0
1585713600,101922,0
1588305600,103992,1
1590984000,106052,2
1593576000,108276,3
1596254400,109930,4
1598932800,111990,5
1601524800,116110,6
1604203200,117216,7
1606798800,122791,8
