1525147200,100256,
1527825600,102808,
1530417600,105521,
1533096000,108082,
1535774400,115503,
1538366400,118255,
1541044800,120979,1
1543640400,124217,2
1546318800,126641,3
1548997200,129666,4
1551416400,132595,5
1554091200,135943,6
1556683200,139013,7
1559361600,142239,8
1561953600,145176,9
1564632000,148231,10
1567310400,151202,11
1569902400,154352,12
1572580800,157328,13
1575176400,160165,14
1577854800,163136,15
1580533200,166160,16
1583038800,168812,17
1585713600,172030,18
1588305600,175335,19
1590984000,178642,20
1593576000,181513,21
1596254400,184526,22
1598932800,187596,23
1601524800,190538,24
1604203200,194200,25
1606798800,198640,26
