1485925200,336871,
1488344400,339228,
1491019200,342141,
1493611200,345083,
1496289600,348158,
1498881600,351696,
1501560000,355181,1
1504238400,358627,2
1506830400,361774,3
1509508800,365589,4
1512104400,369295,5
1514782800,373032,6
1517461200,377379,7
1519880400,381163,8
1522555200,385519,9
1525147200,389658,10
1527825600,393944,11
1530417600,398465,12
1533096000,403125,13
1535774400,407585,14
1538366400,412078,15
1541044800,416465,16
1543640400,421438,17
1546318800,425414,18
1548997200,430221,19
1551416400,434981,20
1554091200,440513,21
1556683200,445628,22
1559361600,450801,23
1561953600,455646,24
1564632000,460751,25
1567310400,465670,26
1569902400,470710,27
1572580800,475635,28
1575176400,480566,29
1577854800,485472,30
1580533200,490505,31
1583038800,495102,32
1585713600,500600,33
1588305600,506087,34
1590984000,511799,35
1593576000,517026,36
1596254400,522429,37
1598932800,527660,38
1601524800,533034,39
1604203200,538852,40
1606798800,545396,41
