1541044800,666987,
1543640400,670984,
1546318800,674423,
1548997200,678536,
1551416400,682629,
1554091200,687543,
1556683200,692141,1
1559361600,696840,2
1561953600,701274,3
1564632000,705901,4
1567310400,710446,5
1569902400,715129,6
1572580800,719716,7
1575176400,724377,8
1577854800,729007,9
1580533200,733777,10
1583038800,738136,11
1585713600,743384,12
1588305600,748624,13
1590984000,754117,14
1593576000,759120,15
1596254400,764309,16
1598932800,769382,17
1601524800,774586,18
1604203200,780247,19
1606798800,786625,20
