1548997200,727820,
1551416400,731321,
1554091200,735843,
1556683200,739961,
1559361600,744343,
1561953600,748530,
1564632000,752922,1
1567310400,757314,2
1569902400,761819,3
1572580800,766231,4
1575176400,770728,5
1577854800,775243,6
1580533200,779829,7
1583038800,784014,8
1585713600,789052,9
1588305600,794045,10
1590984000,799204,11
1593576000,804005,12
1596254400,808904,13
1598932800,813704,14
1601524800,818676,15
1604203200,823245,16
1606798800,827726,17
1609477200,832365,18
1612155600,837452,19
1614574800,842314,20
1617249600,849682,21
1619841600,855996,22
1622520000,861802,23
1625112000,873096,24
1627790400,878405,25
