1446350400,169385,
1448946000,171190,
1451624400,173521,
1454302800,175828,
1456808400,178282,
1459483200,181391,
1462075200,184247,1
1464753600,187081,2
1467345600,189610,3
1470024000,192485,4
1472702400,195429,5
1475294400,198345,6
1477972800,201455,7
1480568400,204307,8
1483246800,207333,9
1485925200,210234,10
1488344400,213568,11
1491019200,217199,12
1493611200,220751,13
1496289600,224388,14
1498881600,228427,15
1501560000,232410,16
1504238400,236222,17
1506830400,239719,18
1509508800,243928,19
1512104400,247937,20
1514782800,251992,21
1517461200,256691,22
1519880400,260692,23
1522555200,265263,24
1525147200,269665,25
1527825600,274175,26
1530417600,278859,27
1533096000,283833,28
1535774400,288506,29
1538366400,293147,30
1541044800,297710,31
1543640400,302878,32
1546318800,306983,33
1548997200,311916,34
1551416400,316838,35
1554091200,322483,36
1556683200,327700,37
1559361600,332995,38
1561953600,337888,39
1564632000,343083,40
1567310400,348105,41
1569902400,353221,42
1572580800,358209,43
1575176400,363208,44
1577854800,368181,45
1580533200,373289,46
1583038800,377939,47
1585713600,383497,48
1588305600,389051,49
1590984000,394831,50
1593576000,400125,51
1596254400,405586,52
1598932800,410889,53
1601524800,416321,54
1604203200,422180,55
1606798800,428779,56
