1564632000,841144,
1567310400,844961,
1569902400,849104,
1572580800,853193,
1575176400,857448,
1577854800,861685,
1580533200,866089,1
1583038800,870110,2
1585713600,874929,3
1588305600,879721,4
1590984000,884728,5
1593576000,889392,6
1596254400,894158,7
1598932800,898867,8
1601524800,903695,9
1604203200,908162,10
1606798800,912547,11
1609477200,917128,12
1612155600,922144,13
1614574800,926930,14
1617249600,934223,15
1619841600,940484,16
1622520000,946234,17
1625112000,957382,18
1627790400,962636,19
