1467345600,49266,
1470024000,51028,
1472702400,52858,
1475294400,45920,
1477972800,47557,
1480568400,36725,
1483246800,50826,0
1485925200,52336,0
1488344400,54025,0
1491019200,55881,0
1493611200,57656,0
1496289600,59359,1
1498881600,61156,2
1501560000,62982,3
1504238400,64813,4
1506830400,66515,5
1509508800,68494,6
1512104400,70341,7
1514782800,72153,8
1517461200,74294,9
1519880400,76232,10
1522555200,78398,11
1525147200,80495,12
1527825600,82658,13
1530417600,84803,14
1533096000,86863,15
1535774400,83732,0
1538366400,85668,0
1541044800,87602,0
1543640400,89866,0
1546318800,91696,0
1548997200,93869,1
1551416400,95945,2
1554091200,98312,3
1556683200,100449,4
1559361600,102847,5
1561953600,104869,6
1564632000,106986,7
1567310400,109114,8
1569902400,111437,9
1572580800,113567,10
1575176400,115677,11
1577854800,117880,12
1580533200,120021,13
1583038800,121995,14
1585713600,124241,15
1588305600,126525,16
1590984000,129057,17
1593576000,131110,18
1596254400,133326,19
1598932800,135501,20
1601524800,137644,21
1604203200,140532,22
1606798800,144178,23
