1530417600,155223,
1533096000,159330,
1535774400,160208,
1538366400,164049,
1541044800,168044,
1543640400,172399,
1546318800,175949,1
1548997200,180175,2
1551416400,183345,3
1554091200,188020,4
1556683200,192609,5
1559361600,197227,6
1561953600,201350,7
1564632000,205710,8
1567310400,209966,9
1569902400,214366,10
1572580800,218546,11
1575176400,222628,12
1577854800,226816,13
1580533200,231178,14
1583038800,235068,15
1585713600,239670,16
1588305600,244393,17
1590984000,249322,18
1593576000,253542,19
1596254400,258031,20
1598932800,262441,21
1601524800,266628,22
1604203200,271697,23
1606798800,277380,24
