1525147200,82099,
1527825600,87381,
1530417600,89659,
1533096000,87926,
1535774400,86086,
1538366400,88078,
1541044800,588743,0
1543640400,593302,0
1546318800,596866,0
1548997200,601293,0
1551416400,605724,0
1554091200,610958,1
1556683200,615781,2
1559361600,620674,3
1561953600,625314,4
1564632000,630134,5
1567310400,634831,6
1569902400,639660,7
1572580800,644396,8
1575176400,649148,9
1577854800,653893,10
1580533200,658776,11
1583038800,663234,12
1585713600,668576,13
1588305600,673923,14
1590984000,679527,15
1593576000,684603,16
1596254400,689868,17
1598932800,694996,18
1601524800,700254,19
1604203200,705971,20
1606798800,712422,21
