1535774400,625227,
1538366400,628866,
1541044800,632640,
1543640400,636978,
1546318800,640414,
1548997200,644693,
1551416400,648939,1
1554091200,654000,2
1556683200,658695,3
1559361600,663494,4
1561953600,668027,5
1564632000,672749,6
1567310400,677360,7
1569902400,682117,8
1572580800,686774,9
1575176400,691459,10
1577854800,696136,11
1580533200,700967,12
1583038800,705377,13
1585713600,710673,14
1588305600,715969,15
1590984000,721525,16
1593576000,726560,17
1596254400,731794,18
1598932800,736894,19
1601524800,742127,20
1604203200,747813,21
1606798800,754215,22
