1538366400,132210,
1541044800,135243,
1543640400,138731,
1546318800,141416,
1548997200,144718,
1551416400,147935,
1554091200,151568,1
1556683200,154983,2
1559361600,158526,3
1561953600,161794,4
1564632000,694433,0
1567310400,699012,0
1569902400,703716,0
1572580800,708324,0
1575176400,713001,0
1577854800,717651,1
1580533200,722441,2
1583038800,726821,3
1585713600,732089,4
1588305600,737343,5
1590984000,742856,6
1593576000,747863,7
1596254400,753061,8
1598932800,758142,9
1601524800,763357,10
1604203200,769030,11
1606798800,775417,12
