1564632000,849072,
1567310400,852752,
1569902400,856854,
1572580800,860903,
1575176400,865132,
1577854800,869333,
1580533200,873714,1
1583038800,877716,2
1585713600,882512,3
1588305600,887286,4
1590984000,892279,5
1593576000,896927,6
1596254400,901685,7
1598932800,906382,8
1601524800,911202,9
1604203200,915657,10
1606798800,920033,11
1609477200,924605,12
1612155600,929610,13
1614574800,934389,14
1617249600,941678,15
1619841600,947930,16
1622520000,953674,17
1625112000,964800,18
1627790400,970055,19
