1559361600,802636,
1561953600,806384,
1564632000,810435,
1567310400,814553,
1569902400,818871,
1572580800,823098,
1575176400,827473,1
1577854800,831847,2
1580533200,836330,3
1583038800,840418,4
1585713600,845320,5
1588305600,850186,6
1590984000,855256,7
1593576000,859968,8
1596254400,864776,9
1598932800,869526,10
1601524800,874400,11
1604203200,878897,12
1606798800,883318,13
1609477200,887925,14
1612155600,892977,15
1614574800,897790,16
1617249600,905110,17
1619841600,911392,18
1622520000,917164,19
1625112000,928373,20
1627790400,933649,21
