1554091200,757967,
1556683200,761845,
1559361600,766072,
1561953600,770146,
1564632000,774409,
1567310400,778710,
1569902400,783157,1
1572580800,787523,2
1575176400,791960,3
1577854800,796421,4
1580533200,800978,5
1583038800,805117,6
1585713600,810100,7
1588305600,815044,8
1590984000,820157,9
1593576000,824927,10
1596254400,829802,11
1598932800,834587,12
1601524800,839522,13
1604203200,844060,14
1606798800,848516,15
1609477200,853141,16
1612155600,858218,17
1614574800,863064,18
1617249600,870413,19
1619841600,876718,20
1622520000,882506,21
1625112000,893770,22
1627790400,899072,23
