1546318800,104095,
1548997200,106389,
1551416400,104180,
1554091200,99930,
1556683200,102102,
1559361600,103733,
1561953600,104595,
1564632000,106673,
1567310400,108786,1
1569902400,109245,2
1572580800,111320,3
1575176400,113249,4
1577854800,114859,5
1580533200,115665,6
1583038800,116609,7
1585713600,118388,8
1588305600,120529,9
1590984000,122778,10
1593576000,116198,
1596254400,118022,
1598932800,119896,
1601524800,121722,
1604203200,116521,
1606798800,117358,
1609477200,119010,
1612155600,120896,
1614574800,122617,
1617249600,126270,1
1619841600,129137,2
1622520000,131522,3
1625112000,135606,4
1627790400,137760,5
