1538366400,649898,
1541044800,653397,
1543640400,657570,
1546318800,660907,
1548997200,665101,
1551416400,669261,
1554091200,674247,1
1556683200,678874,2
1559361600,683617,3
1561953600,688086,4
1564632000,692751,5
1567310400,697333,6
1569902400,702041,7
1572580800,706657,8
1575176400,711336,9
1577854800,715987,10
1580533200,720777,11
1583038800,725158,12
1585713600,730431,13
1588305600,735689,14
1590984000,741207,15
1593576000,746215,16
1596254400,751415,17
1598932800,756498,18
1601524800,761715,19
1604203200,767390,20
1606798800,773779,21
