1535774400,628750,
1538366400,632346,
1541044800,636079,
1543640400,640397,
1546318800,643816,
1548997200,648084,
1551416400,652315,1
1554091200,657368,2
1556683200,662060,3
1559361600,666852,4
1561953600,671382,5
1564632000,676099,6
1567310400,680713,7
1569902400,685466,8
1572580800,690107,9
1575176400,694786,10
1577854800,699461,11
1580533200,704285,12
1583038800,708689,13
1585713600,713980,14
1588305600,719273,15
1590984000,724825,16
1593576000,729854,17
1596254400,735083,18
1598932800,740179,19
1601524800,745410,20
1604203200,751092,21
1606798800,757491,22
