1522555200,537487,
1525147200,540916,
1527825600,111456,
1530417600,76397,
1533096000,66801,
1535774400,74963,
1538366400,76710,0
1541044800,78493,0
1543640400,81127,0
1546318800,82804,0
1548997200,84660,1
1551416400,86010,2
1554091200,133246,0
1556683200,136247,0
1559361600,139376,0
1561953600,142154,0
1564632000,145041,0
1567310400,147886,1
1569902400,150960,2
1572580800,153774,3
1575176400,156504,4
1577854800,159357,5
1580533200,162258,6
1583038800,164858,7
1585713600,167926,8
1588305600,171183,9
1590984000,656398,0
1593576000,186274,0
1596254400,189346,0
1598932800,192453,0
1601524800,195476,0
1604203200,199160,0
1606798800,203635,1
