1541044800,665111,
1543640400,669132,
1546318800,672577,
1548997200,676704,
1551416400,680802,
1554091200,685723,
1556683200,690329,1
1559361600,695035,2
1561953600,699473,3
1564632000,704099,4
1567310400,708651,5
1569902400,713336,6
1572580800,717928,7
1575176400,722591,8
1577854800,727223,9
1580533200,732000,10
1583038800,736363,11
1585713600,741615,12
1588305600,746858,13
1590984000,752348,14
1593576000,757352,15
1596254400,762540,16
1598932800,767613,17
1601524800,772819,18
1604203200,778479,19
1606798800,784859,20
