1541044800,664059,
1543640400,668092,
1546318800,671544,
1548997200,675671,
1551416400,679774,
1554091200,684700,
1556683200,689309,1
1559361600,694021,2
1561953600,698463,3
1564632000,703089,4
1567310400,707646,5
1569902400,712332,6
1572580800,716922,7
1575176400,721588,8
1577854800,726219,9
1580533200,730997,10
1583038800,735361,11
1585713600,740612,12
1588305600,745854,13
1590984000,751346,14
1593576000,756351,15
1596254400,761540,16
1598932800,766613,17
1601524800,771819,18
1604203200,777479,19
1606798800,783861,20
