1551416400,747458,
1554091200,751635,
1556683200,755606,
1559361600,759880,
1561953600,763985,
1564632000,768295,
1567310400,772626,1
1569902400,777091,2
1572580800,781472,3
1575176400,785927,4
1577854800,790408,5
1580533200,794970,6
1583038800,799122,7
1585713600,804123,8
1588305600,809078,9
1590984000,814205,10
1593576000,818988,11
1596254400,823866,12
1598932800,828655,13
1601524800,833598,14
1604203200,838148,15
1606798800,842614,16
1609477200,847242,17
1612155600,852324,18
1614574800,857178,19
1617249600,864533,20
1619841600,870848,21
1622520000,876640,22
1625112000,887915,23
1627790400,893218,24
