1517461200,507351,
1519880400,510503,
1522555200,514186,
1525147200,517816,
1527825600,521651,
1530417600,525776,
1533096000,530043,1
1535774400,534156,2
1538366400,538334,3
1541044800,542419,4
1543640400,547138,5
1546318800,550830,6
1548997200,555380,7
1551416400,559917,8
1554091200,565254,9
1556683200,570178,10
1559361600,575150,11
1561953600,579857,12
1564632000,584767,13
1567310400,589539,14
1569902400,594445,15
1572580800,599250,16
1575176400,604070,17
1577854800,608861,18
1580533200,613795,19
1583038800,618295,20
1585713600,623686,21
1588305600,629077,22
1590984000,634709,23
1593576000,639828,24
1596254400,645123,25
1598932800,650289,26
1601524800,655576,27
1604203200,661320,28
1606798800,667801,29
