1491019200,359128,
1493611200,361802,
1496289600,364715,
1498881600,368115,
1501560000,371478,
1504238400,374838,
1506830400,377912,1
1509508800,381646,2
1512104400,385282,3
1514782800,388944,4
1517461200,393232,5
1519880400,396965,6
1522555200,401275,7
1525147200,405378,8
1527825600,409617,9
1530417600,414088,10
1533096000,418716,11
1535774400,423137,12
1538366400,427611,13
1541044800,431949,14
1543640400,436890,15
1546318800,440808,16
1548997200,445603,17
1551416400,450335,18
1554091200,455846,19
1556683200,460946,20
1559361600,466109,21
1561953600,470940,22
1564632000,476030,23
1567310400,480935,24
1569902400,485965,25
1572580800,490870,26
1575176400,495789,27
1577854800,500682,28
1580533200,505709,29
1583038800,510298,30
1585713600,515780,31
1588305600,521254,32
1590984000,526954,33
1593576000,532169,34
1596254400,537562,35
1598932800,542791,36
1601524800,548158,37
1604203200,553966,38
1606798800,560501,39
