1517461200,100597,
1519880400,64534,
1522555200,55467,
1525147200,57038,
1527825600,58586,
1530417600,60008,
1533096000,61407,0
1535774400,69707,0
1538366400,71252,0
1541044800,72868,0
1543640400,74759,0
1546318800,59550,0
1548997200,60973,0
1551416400,62279,0
1554091200,63809,0
1556683200,65323,0
1559361600,66857,1
1561953600,68187,2
1564632000,69577,3
1567310400,70851,4
1569902400,72278,5
1572580800,73650,6
1575176400,75040,7
1577854800,76532,8
1580533200,77847,9
1583038800,79159,10
1585713600,80634,11
1588305600,82256,12
1590984000,83925,13
1593576000,85267,14
1596254400,86669,15
1598932800,88065,16
1601524800,89441,17
1604203200,91280,18
1606798800,93615,19
