1480568400,80273,
1483246800,82726,
1485925200,85252,
1488344400,88055,
1491019200,91116,
1493611200,94004,
1496289600,97035,1
1498881600,100104,2
1501560000,103211,3
1504238400,106183,4
1506830400,108884,5
1509508800,112099,6
1512104400,115229,7
1514782800,118291,8
1517461200,121904,9
1519880400,125036,10
1522555200,128458,11
1525147200,131780,12
1527825600,135202,13
1530417600,138887,14
1533096000,142451,15
1535774400,148501,16
1538366400,152038,17
1541044800,155678,18
1543640400,159646,19
1546318800,162925,20
1548997200,166823,21
1551416400,170583,22
1554091200,174910,23
1556683200,179037,24
1559361600,183298,25
1561953600,187083,26
1564632000,190994,27
1567310400,194889,28
1569902400,198845,29
1572580800,202729,30
1575176400,206444,31
1577854800,210299,32
1580533200,214218,33
1583038800,217859,34
1585713600,222033,35
1588305600,226423,36
1590984000,230755,37
1593576000,234593,38
1596254400,238636,39
1598932800,242698,40
1601524800,246518,41
1604203200,251242,42
1606798800,256650,43
