1522555200,119783,
1525147200,122906,
1527825600,126020,
1530417600,129382,
1533096000,132638,
1535774400,139227,
1538366400,142501,1
1541044800,145829,2
1543640400,149504,3
1546318800,152521,4
1548997200,156141,5
1551416400,168483,0
1554091200,172767,0
1556683200,176828,1
1559361600,204487,0
1561953600,208715,0
1564632000,214327,0
1567310400,211377,0
1569902400,215774,0
1572580800,223297,0
1575176400,227522,0
1577854800,231779,0
1580533200,236220,1
1583038800,240244,2
1585713600,244955,3
1588305600,254271,4
1590984000,259414,5
1593576000,263848,6
1596254400,268592,7
1598932800,273125,8
1601524800,277561,9
1604203200,282827,10
1606798800,288645,11
