1564632000,840301,
1567310400,844130,
1569902400,848279,
1572580800,852371,
1575176400,856627,
1577854800,860868,
1580533200,865275,1
1583038800,869301,2
1585713600,874125,3
1588305600,878917,4
1590984000,883927,5
1593576000,888593,6
1596254400,893360,7
1598932800,898070,8
1601524800,902899,9
1604203200,907367,10
1606798800,911754,11
1609477200,916335,12
1612155600,921353,13
1614574800,926140,14
1617249600,933433,15
1619841600,939695,16
1622520000,945447,17
1625112000,956595,18
1627790400,961849,19
