1543640400,147786,
1546318800,150832,
1548997200,154450,
1551416400,157875,
1554091200,161868,
1556683200,165594,
1559361600,169401,1
1561953600,173035,2
1564632000,176600,3
1567310400,180137,4
1569902400,183880,5
1572580800,187415,6
1575176400,190757,7
1577854800,194279,8
1580533200,197905,9
1583038800,201136,10
1585713600,204964,11
1588305600,209097,12
1590984000,213132,13
1593576000,216693,14
1596254400,220482,15
1598932800,224293,16
1601524800,227815,17
1604203200,232167,18
1606798800,237258,19
