1546318800,70597,
1548997200,72110,
1551416400,73692,
1554091200,75396,
1556683200,76970,
1559361600,78681,
1561953600,80114,1
1564632000,81668,2
1567310400,83125,3
1569902400,84653,4
1572580800,86113,5
1575176400,87636,6
1577854800,89247,7
1580533200,90725,8
1583038800,92152,9
1585713600,93717,10
1588305600,95356,11
1590984000,97160,12
1593576000,98656,13
1596254400,100129,14
1598932800,101651,15
1601524800,103147,16
1604203200,104504,17
1606798800,105871,18
1609477200,107297,19
1612155600,108928,20
1614574800,110375,21
1617249600,113853,22
1619841600,116405,23
1622520000,118402,24
1625112000,122173,25
1627790400,124047,26
