1522555200,105920,
1525147200,108723,
1527825600,111461,
1530417600,114278,
1533096000,117024,
1535774400,124379,
1538366400,127255,1
1541044800,130265,2
1543640400,133609,3
1546318800,136261,4
1548997200,139403,5
1551416400,142482,6
1554091200,145991,7
1556683200,149289,8
1559361600,152652,9
1561953600,155810,10
1564632000,158994,11
1567310400,162116,12
1569902400,165421,13
1572580800,168579,14
1575176400,171569,15
1577854800,174734,16
1580533200,177865,17
1583038800,180735,18
1585713600,184103,19
1588305600,187679,20
1590984000,191203,21
1593576000,194258,22
1596254400,197512,23
1598932800,200768,24
1601524800,203872,25
1604203200,207661,26
1606798800,212292,27
