1559361600,807409,
1561953600,811067,
1564632000,815067,
1567310400,819164,
1569902400,823465,
1572580800,827671,
1575176400,832015,1
1577854800,836362,2
1580533200,840829,3
1583038800,844904,4
1585713600,849796,5
1588305600,854655,6
1590984000,859716,7
1593576000,864421,8
1596254400,869223,9
1598932800,873967,10
1601524800,878832,11
1604203200,883322,12
1606798800,887737,13
1609477200,892341,14
1612155600,897389,15
1614574800,902198,16
1617249600,909516,17
1619841600,915794,18
1622520000,921564,19
1625112000,932765,20
1627790400,938040,21
