1533096000,615651,
1535774400,619074,
1538366400,622775,
1541044800,626601,
1543640400,630996,
1546318800,634463,
1548997200,638766,1
1551416400,643032,2
1554091200,648155,3
1556683200,652870,4
1559361600,657683,5
1561953600,662235,6
1564632000,666963,7
1567310400,671588,8
1569902400,676352,9
1572580800,681021,10
1575176400,685708,11
1577854800,690398,12
1580533200,695234,13
1583038800,699654,14
1585713600,704963,15
1588305600,710269,16
1590984000,715831,17
1593576000,720876,18
1596254400,726112,19
1598932800,731219,20
1601524800,736454,21
1604203200,742145,22
1606798800,748558,23
