1533096000,613105,
1535774400,616589,
1538366400,620317,
1541044800,624142,
1543640400,628550,
1546318800,632028,
1548997200,636337,1
1551416400,640610,2
1554091200,645746,3
1556683200,650470,4
1559361600,655288,5
1561953600,659859,6
1564632000,664608,7
1567310400,669239,8
1569902400,674005,9
1572580800,678677,10
1575176400,683368,11
1577854800,688061,12
1580533200,692903,13
1583038800,697328,14
1585713600,702637,15
1588305600,707944,16
1590984000,713506,17
1593576000,718556,18
1596254400,723797,19
1598932800,728906,20
1601524800,734143,21
1604203200,739835,22
1606798800,746251,23
