1514782800,97593,
1517461200,100577,
1519880400,103064,
1522555200,109964,
1525147200,112878,
1527825600,115772,
1530417600,109244,0
1533096000,111855,0
1535774400,119194,0
1538366400,121995,0
1541044800,118839,0
1543640400,121898,0
1546318800,124291,0
1548997200,127138,0
1551416400,129895,0
1554091200,133093,1
1556683200,136090,2
1559361600,139218,3
1561953600,141995,4
1564632000,144881,5
1567310400,147728,6
1569902400,150801,7
1572580800,153613,8
1575176400,156345,9
1577854800,159198,10
1580533200,162099,11
1583038800,164701,12
1585713600,167770,13
1588305600,171028,14
1590984000,174209,15
1593576000,176961,16
1596254400,179779,17
1598932800,182774,18
1601524800,185701,19
1604203200,189473,20
1606798800,193733,21
