1554091200,770769,
1556683200,774346,
1559361600,778464,
1561953600,782469,
1564632000,786681,
1567310400,790928,
1569902400,795362,1
1572580800,799667,2
1575176400,804074,3
1577854800,808507,4
1580533200,813039,5
1583038800,817162,6
1585713600,822124,7
1588305600,827035,8
1590984000,832148,9
1593576000,836903,10
1596254400,841747,11
1598932800,846512,12
1601524800,851421,13
1604203200,855943,14
1606798800,860386,15
1609477200,865003,16
1612155600,870072,17
1614574800,874907,18
1617249600,882247,19
1619841600,888541,20
1622520000,894324,21
1625112000,905572,22
1627790400,910866,23
