1530417600,594201,
1533096000,597837,
1535774400,601503,
1538366400,605339,
1541044800,609254,
1543640400,613716,
1546318800,617230,1
1548997200,621578,2
1551416400,625897,3
1554091200,631080,4
1556683200,635846,5
1559361600,640698,6
1561953600,645302,7
1564632000,650083,8
1567310400,654733,9
1569902400,659532,10
1572580800,664234,11
1575176400,668945,12
1577854800,673654,13
1580533200,678506,14
1583038800,682948,15
1585713600,688268,16
1588305600,693589,17
1590984000,699163,18
1593576000,704229,19
1596254400,709483,20
1598932800,714600,21
1601524800,719842,22
1604203200,725541,23
1606798800,731973,24
