1512104400,90999,
1514782800,93275,
1517461200,96120,
1519880400,65586,
1522555200,59034,
1525147200,60655,
1527825600,62317,0
1530417600,63836,0
1533096000,65391,0
1535774400,73688,0
1538366400,75387,0
1541044800,77116,0
1543640400,79069,0
1546318800,80703,0
1548997200,82608,1
1551416400,84510,2
1554091200,86628,3
1556683200,88572,4
1559361600,90690,5
1561953600,88267,0
1564632000,90057,0
1567310400,78402,0
1569902400,79957,0
1572580800,81460,0
1575176400,82996,0
1577854800,84818,0
1580533200,86284,1
1583038800,87623,2
1585713600,89240,3
1588305600,90902,4
1590984000,92759,5
1593576000,94218,6
1596254400,95730,7
1598932800,97309,8
1601524800,99002,9
1604203200,101015,10
1606798800,103430,11
