1533096000,61148,
1535774400,48629,
1538366400,49711,
1541044800,50860,
1543640400,52079,
1546318800,53188,
1548997200,54417,1
1551416400,55624,2
1554091200,57029,3
1556683200,58308,4
1559361600,59640,5
1561953600,60804,6
1564632000,62100,7
1567310400,63275,8
1569902400,64569,9
1572580800,65755,10
1575176400,66975,11
1577854800,68249,12
1580533200,69455,13
1583038800,70609,14
1585713600,71967,15
1588305600,73351,16
1590984000,74799,17
1593576000,75994,18
1596254400,77218,19
1598932800,78429,20
1601524800,79671,21
1604203200,81336,22
1606798800,83469,23
