1543640400,688825,
1546318800,692046,
1548997200,696015,
1551416400,699979,
1554091200,704776,
1556683200,709302,
1559361600,713913,1
1561953600,718293,2
1564632000,722863,3
1567310400,727342,4
1569902400,732008,5
1572580800,736554,6
1575176400,741182,7
1577854800,745790,8
1580533200,750539,9
1583038800,754876,10
1585713600,760108,11
1588305600,765326,12
1590984000,770793,13
1593576000,775764,14
1596254400,780949,15
1598932800,786000,16
1601524800,791181,17
1604203200,796826,18
1606798800,803200,19
