1519880400,530140,
1522555200,533433,
1525147200,536922,
1527825600,540618,
1530417600,544646,
1533096000,548811,
1535774400,552850,1
1538366400,556929,2
1541044800,560953,3
1543640400,565617,4
1546318800,569266,5
1548997200,573772,6
1551416400,578269,7
1554091200,583563,8
1556683200,588453,9
1559361600,593397,10
1561953600,598066,11
1564632000,602939,12
1567310400,607685,13
1569902400,612568,14
1572580800,617357,15
1575176400,622173,16
1577854800,626944,17
1580533200,631863,18
1583038800,636342,19
1585713600,641724,20
1588305600,647104,21
1590984000,652718,22
1593576000,657823,23
1596254400,663108,24
1598932800,668262,25
1601524800,673539,26
1604203200,679273,27
1606798800,685746,28
