1538366400,106599,
1541044800,99368,
1543640400,102005,
1546318800,104131,
1548997200,106583,
1551416400,108910,
1554091200,111642,1
1556683200,114126,2
1559361600,116817,3
1561953600,119114,4
1564632000,121517,5
1567310400,123975,6
1569902400,126512,7
1572580800,127549,8
1575176400,119883,0
1577854800,122151,0
1580533200,124382,0
1583038800,126371,0
1585713600,123626,0
1588305600,125912,0
1590984000,128435,0
1593576000,130450,0
1596254400,132657,0
1598932800,134847,1
1601524800,136973,2
1604203200,124527,0
1606798800,127935,0
