1541044800,669903,
1543640400,673744,
1546318800,149693,
1548997200,84121,
1551416400,86021,
1554091200,83976,
1556683200,85758,
1559361600,65574,
1561953600,66894,
1564632000,66687,
1567310400,64268,
1569902400,49832,
1572580800,48095,
1575176400,48619,
1577854800,65386,
1580533200,66270,
1583038800,67357,
1585713600,68476,
1588305600,69645,
1590984000,70807,1
1593576000,71806,2
1596254400,72799,3
1598932800,73919,4
1601524800,60366,
1604203200,57426,
1606798800,57418,
1609477200,53775,
1612155600,54577,
1614574800,54404,
1617249600,54521,
1619841600,55267,
1622520000,55483,
1625112000,57717,
