1556683200,779007,
1559361600,783048,
1561953600,787024,
1564632000,791208,
1567310400,795430,
1569902400,799838,
1572580800,804128,1
1575176400,808531,2
1577854800,812953,3
1580533200,817475,4
1583038800,821588,5
1585713600,826538,6
1588305600,831444,7
1590984000,836549,8
1593576000,841300,9
1596254400,846136,10
1598932800,850903,11
1601524800,855809,12
1604203200,860325,13
1606798800,864763,14
1609477200,869374,15
1612155600,874445,16
1614574800,879275,17
1617249600,886611,18
1619841600,892902,19
1622520000,898685,20
1625112000,909931,21
