1498881600,406418,
1501560000,409250,
1504238400,412293,
1506830400,93416,
1509508800,96004,
1512104400,98625,
1514782800,101161,0
1517461200,104232,0
1519880400,106855,1
1522555200,109653,2
1525147200,112572,3
1527825600,115462,4
1530417600,118442,5
1533096000,121295,6
1535774400,128425,7
1538366400,131410,8
1541044800,134463,9
1543640400,137951,10
1546318800,140645,11
1548997200,143960,12
1551416400,147191,13
1554091200,150824,14
1556683200,154249,15
1559361600,157796,16
1561953600,161071,17
1564632000,164354,18
1567310400,167607,19
1569902400,171059,20
1572580800,174303,21
1575176400,177381,22
1577854800,180646,23
1580533200,183957,24
1583038800,186921,25
1585713600,190427,26
1588305600,194154,27
1590984000,197781,28
1593576000,201001,29
1596254400,204380,30
1598932800,207751,31
1601524800,210973,32
1604203200,214922,33
1606798800,219686,34
