1546318800,132701,
1548997200,135756,
1551416400,113917,
1554091200,116736,
1556683200,112577,
1559361600,105581,
1561953600,112740,
1564632000,108843,
1567310400,108738,
1569902400,111021,
1572580800,92004,
1575176400,93111,
1577854800,93331,
1580533200,79956,
1583038800,76249,
1585713600,75588,
1588305600,76654,
1590984000,70950,
1593576000,58235,
1596254400,57137,
1598932800,56395,
1601524800,50494,
1604203200,46847,
1606798800,41634,
1609477200,39721,
1612155600,38946,
1614574800,37253,
1617249600,39537,
1619841600,39762,
1622520000,40210,
1625112000,40350,
1627790400,38900,
