1559361600,811636,
1561953600,815193,
1564632000,819137,
1567310400,823211,
1569902400,827493,
1572580800,831682,
1575176400,836013,1
1577854800,840347,2
1580533200,844810,3
1583038800,848879,4
1585713600,853766,5
1588305600,858620,6
1590984000,863684,7
1593576000,868382,8
1596254400,873188,9
1598932800,877930,10
1601524800,882792,11
1604203200,887279,12
1606798800,891691,13
1609477200,896290,14
1612155600,901336,15
1614574800,906143,16
1617249600,913459,17
1619841600,919728,18
1622520000,925497,19
1625112000,936691,20
