1546318800,701139,
1548997200,704914,
1551416400,708714,
1554091200,713409,
1556683200,717669,
1559361600,722140,
1561953600,726424,1
1564632000,730892,2
1567310400,735329,3
1569902400,739888,4
1572580800,744355,5
1575176400,748903,6
1577854800,753474,7
1580533200,758105,8
1583038800,762300,9
1585713600,767382,10
1588305600,772408,11
1590984000,777606,12
1593576000,782425,13
1596254400,787354,14
1598932800,792162,15
1601524800,797149,16
1604203200,801748,17
1606798800,806251,18
1609477200,810898,19
1612155600,816000,20
1614574800,820869,21
1617249600,828241,22
1619841600,834565,23
1622520000,840378,24
1625112000,851705,25
1627790400,857028,26
