1543640400,686937,
1546318800,690193,
1548997200,694178,
1551416400,698155,
1554091200,702964,
1556683200,707503,
1559361600,712120,1
1561953600,716512,2
1564632000,721084,3
1567310400,725566,4
1569902400,730237,5
1572580800,734787,6
1575176400,739419,7
1577854800,744031,8
1580533200,748781,9
1583038800,753122,10
1585713600,758363,11
1588305600,763583,12
1590984000,769050,13
1593576000,774023,14
1596254400,779211,15
1598932800,784261,16
1601524800,789447,17
1604203200,795097,18
1606798800,801472,19
