1556683200,784296,
1559361600,788259,
1561953600,792186,
1564632000,796351,
1567310400,800540,
1569902400,804929,
1572580800,809202,1
1575176400,813600,2
1577854800,818013,3
1580533200,822525,4
1583038800,826629,5
1585713600,831571,6
1588305600,836473,7
1590984000,841569,8
1593576000,846311,9
1596254400,851138,10
1598932800,855900,11
1601524800,860791,12
1604203200,865302,13
1606798800,869734,14
1609477200,874344,15
1612155600,879410,16
1614574800,884237,17
1617249600,891570,18
1619841600,897859,19
1622520000,903638,20
1625112000,914871,21
1627790400,920154,22
