1498881600,400179,
1501560000,403157,
1504238400,406281,
1506830400,409195,
1509508800,412699,
1512104400,416195,
1514782800,419742,1
1517461200,423853,2
1519880400,427499,3
1522555200,431674,4
1525147200,435694,5
1527825600,439850,6
1530417600,444236,7
1533096000,448801,8
1535774400,453140,9
1538366400,457570,10
1541044800,461876,11
1543640400,466746,12
1546318800,470606,13
1548997200,475344,14
1551416400,480025,15
1554091200,485501,16
1556683200,490552,17
1559361600,495675,18
1561953600,500476,19
1564632000,505538,20
1567310400,510410,21
1569902400,515409,22
1572580800,520288,23
1575176400,525181,24
1577854800,530045,25
1580533200,535045,26
1583038800,539612,27
1585713600,545070,28
1588305600,550516,29
1590984000,556199,30
1593576000,561382,31
1596254400,566745,32
1598932800,571954,33
1601524800,577308,34
1604203200,583096,35
1606798800,589624,36
