1546318800,705050,
1548997200,708762,
1551416400,712526,
1554091200,717196,
1556683200,721431,
1559361600,725877,
1561953600,730150,1
1564632000,734611,2
1567310400,739048,3
1569902400,743596,4
1572580800,748054,5
1575176400,752591,6
1577854800,757153,7
1580533200,761775,8
1583038800,765973,9
1585713600,771043,10
1588305600,776068,11
1590984000,781261,12
1593576000,786078,13
1596254400,791006,14
1598932800,795816,15
1601524800,800799,16
1604203200,805393,17
1606798800,809894,18
1609477200,814540,19
1612155600,819639,20
1614574800,824504,21
1617249600,831870,22
1619841600,838195,23
1622520000,844006,24
1625112000,855326,25
1627790400,860646,26
