1561953600,820680,
1564632000,824558,
1567310400,828580,
1569902400,832824,
1572580800,836995,
1575176400,841312,
1577854800,845620,1
1580533200,850074,2
1583038800,854136,3
1585713600,859010,4
1588305600,863852,5
1590984000,868903,6
1593576000,873598,7
1596254400,878391,8
1598932800,883125,9
1601524800,887973,10
1604203200,892459,11
1606798800,896867,12
1609477200,901459,13
1612155600,906492,14
1614574800,911295,15
1617249600,918606,16
1619841600,924873,17
1622520000,930640,18
1625112000,941820,19
1627790400,947088,20
