1496289600,389227,
1498881600,392231,
1501560000,395321,
1504238400,398506,
1506830400,401460,
1509508800,405029,
1512104400,408559,1
1514782800,412136,2
1517461200,416269,3
1519880400,419947,4
1522555200,424159,5
1525147200,428200,6
1527825600,432379,7
1530417600,436794,8
1533096000,441377,9
1535774400,445735,10
1538366400,450178,11
1541044800,454496,12
1543640400,459392,13
1546318800,463266,14
1548997200,468025,15
1551416400,472723,16
1554091200,478204,17
1556683200,483275,18
1559361600,488406,19
1561953600,493212,20
1564632000,498281,21
1567310400,503155,22
1569902400,508160,23
1572580800,513047,24
1575176400,517949,25
1577854800,522820,26
1580533200,527829,27
1583038800,532403,28
1585713600,537863,29
1588305600,543318,30
1590984000,549003,31
1593576000,554195,32
1596254400,559567,33
1598932800,564786,34
1601524800,570141,35
1604203200,575936,36
1606798800,582467,37
