1519880400,526330,
1522555200,529783,
1525147200,533306,
1527825600,537025,
1530417600,541068,
1533096000,545250,
1535774400,549299,1
1538366400,553396,2
1541044800,557425,3
1543640400,562100,4
1546318800,565751,5
1548997200,570264,6
1551416400,574770,7
1554091200,580075,8
1556683200,584969,9
1559361600,589920,10
1561953600,594599,11
1564632000,599478,12
1567310400,604231,13
1569902400,609116,14
1572580800,613906,15
1575176400,618725,16
1577854800,623497,17
1580533200,628419,18
1583038800,632903,19
1585713600,638288,20
1588305600,643672,21
1590984000,649290,22
1593576000,654397,23
1596254400,659684,24
1598932800,664836,25
1601524800,670115,26
1604203200,675851,27
1606798800,682326,28
