1496289600,385802,
1498881600,388894,
1501560000,392029,
1504238400,395242,
1506830400,398220,
1509508800,401828,
1512104400,405375,1
1514782800,408963,2
1517461200,413105,3
1519880400,416795,4
1522555200,421020,5
1525147200,425075,6
1527825600,429261,7
1530417600,433684,8
1533096000,438268,9
1535774400,442631,10
1538366400,447078,11
1541044800,451403,12
1543640400,456308,13
1546318800,460187,14
1548997200,464951,15
1551416400,469653,16
1554091200,475139,17
1556683200,480214,18
1559361600,485350,19
1561953600,490156,20
1564632000,495222,21
1567310400,500100,22
1569902400,505112,23
1572580800,510002,24
1575176400,514905,25
1577854800,519782,26
1580533200,524796,27
1583038800,529373,28
1585713600,534837,29
1588305600,540295,30
1590984000,545981,31
1593576000,551175,32
1596254400,556550,33
1598932800,561772,34
1601524800,567127,35
1604203200,572924,36
1606798800,579457,37
