1519880400,524530,
1522555200,527965,
1525147200,531464,
1527825600,535142,
1530417600,539148,
1533096000,543277,
1535774400,547289,1
1538366400,551350,2
1541044800,555307,3
1543640400,559943,4
1546318800,563588,5
1548997200,568068,6
1551416400,572518,7
1554091200,577783,8
1556683200,582461,9
1559361600,587346,10
1561953600,591952,11
1564632000,596763,12
1567310400,601508,13
1569902400,606315,14
1572580800,611066,15
1575176400,615825,16
1577854800,620568,17
1580533200,625399,18
1583038800,629761,19
1585713600,635009,20
1588305600,640209,21
1590984000,645573,22
1593576000,650540,23
1596254400,655590,24
1598932800,660499,25
1601524800,665579,26
1604203200,670287,27
1606798800,674905,28
1609477200,679674,29
1612155600,684863,30
1614574800,689797,31
1617249600,697259,32
1619841600,703662,33
1622520000,709560,34
1625112000,721076,35
