1475294400,66975,
1477972800,69248,
1480568400,74978,
1483246800,77164,
1485925200,79495,
1488344400,82096,
1491019200,70369,0
1493611200,97622,0
1496289600,100837,0
1498881600,93691,0
1501560000,96633,0
1504238400,92012,0
1506830400,94310,0
1509508800,96961,0
1512104400,99650,0
1514782800,95282,0
1517461200,71525,0
1519880400,73389,0
1522555200,75498,0
1525147200,79165,0
1527825600,81228,0
1530417600,83400,1
1533096000,85449,2
1535774400,91676,3
1538366400,96749,0
1541044800,98814,1
1543640400,101444,2
1546318800,103548,0
1548997200,106003,1
1551416400,108309,2
1554091200,111038,3
1556683200,113509,4
1559361600,116182,5
1561953600,118503,6
1564632000,120908,7
1567310400,123280,8
1569902400,125831,9
1572580800,128274,10
1575176400,130703,11
1577854800,133152,12
1580533200,135582,13
1583038800,137779,14
1585713600,140326,15
1588305600,142979,16
1590984000,145675,17
1593576000,148074,18
1596254400,150602,19
1598932800,153099,20
1601524800,155591,21
1604203200,158750,22
1606798800,162631,23
