1519880400,523279,
1522555200,526785,
1525147200,530338,
1527825600,534074,
1530417600,538126,
1533096000,542330,
1535774400,546393,1
1538366400,550503,2
1541044800,554538,3
1543640400,559218,4
1546318800,562880,5
1548997200,567401,6
1551416400,571914,7
1554091200,577228,8
1556683200,582126,9
1559361600,587082,10
1561953600,591768,11
1564632000,596655,12
1567310400,601409,13
1569902400,606300,14
1572580800,611095,15
1575176400,615916,16
1577854800,620695,17
1580533200,625619,18
1583038800,630108,19
1585713600,635492,20
1588305600,640876,21
1590984000,646495,22
1593576000,651605,23
1596254400,656895,24
1598932800,662046,25
1601524800,667328,26
1604203200,673063,27
1606798800,679540,28
