1522555200,549852,
1525147200,92357,
1527825600,94711,
1530417600,97151,
1533096000,99437,
1535774400,107202,
1538366400,80681,0
1541044800,82505,0
1543640400,84531,0
1546318800,86210,0
1548997200,88045,0
1551416400,89982,1
1554091200,92192,2
1556683200,94158,3
1559361600,96367,4
1561953600,98141,5
1564632000,100102,6
1567310400,116582,0
1569902400,118973,0
1572580800,121220,0
1575176400,123438,0
1577854800,125736,0
1580533200,120047,0
1583038800,122024,0
1585713600,124304,0
1588305600,126751,0
1590984000,129320,0
1593576000,131375,1
1596254400,133600,2
1598932800,135787,3
1601524800,137997,4
1604203200,140901,5
1606798800,144557,6
