1554091200,20268,
1556683200,17738,
1559361600,18138,
1561953600,18508,
1564632000,17129,
1567310400,17464,
1569902400,17793,
1572580800,18101,
1575176400,18406,
1577854800,18783,1
1580533200,19091,2
1583038800,17959,
1585713600,18246,
1588305600,18523,
1590984000,18897,
1593576000,19193,
1596254400,19462,1
1598932800,19741,2
1601524800,20017,3
1604203200,20281,4
1606798800,20522,5
1609477200,20818,6
1612155600,21039,7
1614574800,21333,8
1617249600,21621,9
1619841600,21892,10
1622520000,22169,11
1625112000,23058,
