1548997200,171092,
1551416400,177068,
1554091200,181527,
1556683200,189244,
1559361600,193667,
1561953600,197704,
1564632000,201901,1
1567310400,206044,2
1569902400,210294,3
1572580800,214326,4
1575176400,218323,5
1577854800,222409,6
1580533200,226588,7
1583038800,230316,8
1585713600,234719,9
1588305600,239278,10
1590984000,243951,11
1593576000,247938,12
1596254400,252135,13
1598932800,256222,14
1601524800,260169,15
1604203200,264193,16
1606798800,267948,17
1609477200,272014,18
1612155600,276454,19
1614574800,280491,20
1617249600,287018,21
1619841600,292529,22
1622520000,297624,23
1625112000,306659,24
