1530417600,602909,
1533096000,606314,
1535774400,609894,
1538366400,613685,
1541044800,617552,
1543640400,621977,
1546318800,625470,1
1548997200,629793,2
1551416400,634094,3
1554091200,639251,4
1556683200,643989,5
1559361600,648823,6
1561953600,653410,7
1564632000,658177,8
1567310400,662816,9
1569902400,667590,10
1572580800,672275,11
1575176400,676972,12
1577854800,681674,13
1580533200,686519,14
1583038800,690953,15
1585713600,696265,16
1588305600,701573,17
1590984000,707143,18
1593576000,712201,19
1596254400,717450,20
1598932800,722560,21
1601524800,727799,22
1604203200,733491,23
1606798800,739913,24
