1538366400,656883,
1541044800,660183,
1543640400,664273,
1546318800,667765,
1548997200,671918,
1551416400,676046,
1554091200,680986,1
1556683200,685608,2
1559361600,690332,3
1561953600,694783,4
1564632000,699419,5
1567310400,703985,6
1569902400,708682,7
1572580800,713277,8
1575176400,717949,9
1577854800,722590,10
1580533200,727369,11
1583038800,731741,12
1585713600,736996,13
1588305600,742243,14
1590984000,747741,15
1593576000,752754,16
1596254400,757947,17
1598932800,763022,18
1601524800,768232,19
1604203200,773898,20
1606798800,780283,21
