1535774400,628460,
1538366400,632059,
1541044800,635797,
1543640400,640116,
1546318800,643535,
1548997200,647804,
1551416400,652035,1
1554091200,657089,2
1556683200,661781,3
1559361600,666574,4
1561953600,671104,5
1564632000,675823,6
1567310400,680435,7
1569902400,685189,8
1572580800,689830,9
1575176400,694510,10
1577854800,699185,11
1580533200,704009,12
1583038800,708414,13
1585713600,713706,14
1588305600,718998,15
1590984000,724550,16
1593576000,729581,17
1596254400,734811,18
1598932800,739908,19
1601524800,745139,20
1604203200,750821,21
1606798800,757220,22
