1554091200,760942,
1556683200,764771,
1559361600,768971,
1561953600,773033,
1564632000,777281,
1567310400,781578,
1569902400,786022,1
1572580800,790376,2
1575176400,794803,3
1577854800,799260,4
1580533200,803814,5
1583038800,807953,6
1585713600,812927,7
1588305600,817861,8
1590984000,822988,9
1593576000,827752,10
1596254400,832619,11
1598932800,837403,12
1601524800,842335,13
1604203200,846868,14
1606798800,851318,15
1609477200,855938,16
1612155600,861013,17
1614574800,865859,18
1617249600,873208,19
1619841600,879510,20
1622520000,885296,21
1625112000,896557,22
