1551416400,95179,
1554091200,97504,
1556683200,102667,
1559361600,105129,
1561953600,107155,
1564632000,115272,
1567310400,117506,1
1569902400,119982,2
1572580800,122278,
1575176400,124535,
1577854800,126828,1
1580533200,129183,2
1583038800,131121,3
1585713600,133491,4
1588305600,135910,5
1590984000,138534,6
1593576000,140739,7
1596254400,143061,8
1598932800,145353,9
1601524800,147600,10
1604203200,149715,11
1606798800,151762,12
1609477200,153959,13
1612155600,156381,14
1614574800,158657,15
1617249600,163045,16
1619841600,166441,17
1622520000,169431,18
1625112000,174463,19
1627790400,177205,20
