1491019200,64555,
1493611200,66649,
1496289600,68662,
1498881600,70757,
1501560000,72967,
1504238400,75027,
1506830400,76914,1
1509508800,79177,2
1512104400,81352,3
1514782800,68721,0
1517461200,70808,0
1519880400,72636,0
1522555200,74668,0
1525147200,76484,0
1527825600,78460,1
1530417600,80476,2
1533096000,76354,0
1535774400,80385,0
1538366400,84446,0
1541044800,86321,0
1543640400,88574,0
1546318800,90353,1
1548997200,92446,2
1551416400,85894,0
1554091200,88081,0
1556683200,90072,0
1559361600,92261,0
1561953600,91986,0
1564632000,93862,0
1567310400,96220,1
1569902400,98164,0
1572580800,100072,1
1575176400,101948,2
1577854800,104822,3
1580533200,108233,4
1583038800,116048,0
1585713600,118195,1
1588305600,120412,2
1590984000,107903,0
1593576000,109740,0
1596254400,111504,0
1598932800,114903,0
1601524800,116715,0
1604203200,119282,1
1606798800,117670,0
