1554091200,759336,
1556683200,763196,
1559361600,767409,
1561953600,771482,
1564632000,775741,
1567310400,780040,
1569902400,784489,1
1572580800,788850,2
1575176400,793283,3
1577854800,797741,4
1580533200,802297,5
1583038800,806435,6
1585713600,811415,7
1588305600,816351,8
1590984000,821480,9
1593576000,826249,10
1596254400,831118,11
1598932800,835902,12
1601524800,840835,13
1604203200,845371,14
1606798800,849824,15
1609477200,854445,16
1612155600,859522,17
1614574800,864368,18
1617249600,871719,19
1619841600,878024,20
1622520000,883810,21
1625112000,895071,22
1627790400,900372,23
