1556683200,776889,
1559361600,780975,
1561953600,784964,
1564632000,789165,
1567310400,793396,
1569902400,797821,
1572580800,802118,1
1575176400,806525,2
1577854800,810955,3
1580533200,815481,4
1583038800,819598,5
1585713600,824554,6
1588305600,829463,7
1590984000,834575,8
1593576000,839330,9
1596254400,844169,10
1598932800,848934,11
1601524800,853842,12
1604203200,858361,13
1606798800,862800,14
1609477200,126132,
1612155600,128876,
1614574800,130833,
1617249600,134584,
1619841600,137547,
1622520000,140057,1
1625112000,144242,2
1627790400,146574,3
