1546318800,699730,
1548997200,703534,
1551416400,707348,
1554091200,712050,
1556683200,716318,
1559361600,720798,
1561953600,725087,1
1564632000,729556,2
1567310400,733999,3
1569902400,738559,4
1572580800,743030,5
1575176400,747578,6
1577854800,752149,7
1580533200,756782,8
1583038800,760980,9
1585713600,766066,10
1588305600,771092,11
1590984000,776290,12
1593576000,781106,13
1596254400,786040,14
1598932800,790850,15
1601524800,795840,16
1604203200,800442,17
1606798800,804948,18
1609477200,809594,19
1612155600,814700,20
1614574800,819569,21
1617249600,826941,22
1619841600,833266,23
1622520000,839081,24
1625112000,850412,25
1627790400,855739,26
