1527825600,579274,
1530417600,582859,
1533096000,586684,
1535774400,590484,
1538366400,594380,
1541044800,598340,
1543640400,602841,1
1546318800,606391,2
1548997200,610785,3
1551416400,615162,4
1554091200,620378,5
1556683200,625176,6
1559361600,630051,7
1561953600,634683,8
1564632000,639485,9
1567310400,644152,10
1569902400,648970,11
1572580800,653688,12
1575176400,658418,13
1577854800,663143,14
1580533200,668019,15
1583038800,672470,16
1585713600,677797,17
1588305600,683132,18
1590984000,688723,19
1593576000,693797,20
1596254400,699054,21
1598932800,704179,22
1601524800,709430,23
1604203200,715137,24
1606798800,721581,25
