1546318800,696555,
1548997200,700424,
1551416400,704269,
1554091200,708998,
1556683200,713276,
1559361600,717774,
1561953600,722067,1
1564632000,726545,2
1567310400,731004,3
1569902400,735569,4
1572580800,740054,5
1575176400,744613,6
1577854800,749186,7
1580533200,753829,8
1583038800,758032,9
1585713600,763123,10
1588305600,768149,11
1590984000,773349,12
1593576000,778169,13
1596254400,783108,14
1598932800,787919,15
1601524800,792908,16
1604203200,797511,17
1606798800,802017,18
1609477200,806666,19
1612155600,811775,20
1614574800,816643,21
1617249600,824018,22
1619841600,830346,23
1622520000,836161,24
1625112000,847495,25
1627790400,852826,26
