1530417600,590995,
1533096000,594674,
1535774400,598378,
1538366400,602226,
1541044800,606156,
1543640400,610627,
1546318800,614153,1
1548997200,618511,2
1551416400,622839,3
1554091200,628034,4
1556683200,632809,5
1559361600,637669,6
1561953600,642283,7
1564632000,647073,8
1567310400,651729,9
1569902400,656534,10
1572580800,661240,11
1575176400,665952,12
1577854800,670662,13
1580533200,675516,14
1583038800,679963,15
1585713600,685284,16
1588305600,690609,17
1590984000,696187,18
1593576000,701255,19
1596254400,706512,20
1598932800,711631,21
1601524800,716877,22
1604203200,722582,23
1606798800,729019,24
