1519880400,519202,
1522555200,522771,
1525147200,526341,
1527825600,530101,
1530417600,534174,
1533096000,177808,
1535774400,182597,0
1538366400,187314,0
1541044800,191968,0
1543640400,197190,0
1546318800,201367,1
1548997200,206368,2
1551416400,211337,3
1554091200,217070,4
1556683200,222330,5
1559361600,227675,6
1561953600,232618,7
1564632000,237863,8
1567310400,242947,9
1569902400,248103,10
1572580800,253136,11
1575176400,258188,12
1577854800,263205,13
1580533200,268360,14
1583038800,273035,15
1585713600,278621,16
1588305600,284051,17
1590984000,289862,18
1593576000,295185,19
1596254400,300684,20
1598932800,306023,21
1601524800,311502,22
1604203200,317396,23
1606798800,324024,24
