1554091200,762008,
1556683200,765816,
1559361600,770008,
1561953600,774065,
1564632000,778307,
1567310400,782595,
1569902400,109671,
1572580800,111762,
1575176400,113820,
1577854800,115984,
1580533200,118068,
1583038800,119901,1
1585713600,122094,2
1588305600,124294,3
1590984000,126737,4
1593576000,128666,5
1596254400,130810,6
1598932800,132888,7
1601524800,134915,8
1604203200,136896,9
1606798800,138769,10
1609477200,140850,11
1612155600,143108,12
1614574800,145173,13
1617249600,149344,14
1619841600,152490,15
1622520000,155182,16
1625112000,160002,17
1627790400,162564,18
