1556683200,784193,
1559361600,788157,
1561953600,792087,
1564632000,796253,
1567310400,800445,
1569902400,804833,
1572580800,809106,1
1575176400,813505,2
1577854800,817919,3
1580533200,822431,4
1583038800,826535,5
1585713600,831477,6
1588305600,836380,7
1590984000,841476,8
1593576000,846218,9
1596254400,851045,10
1598932800,855807,11
1601524800,860698,12
1604203200,865209,13
1606798800,869641,14
1609477200,874251,15
1612155600,879317,16
1614574800,299238,
1617249600,307787,
1619841600,268303,
1622520000,244545,
1625112000,211469,
