1546318800,711110,
1548997200,714669,
1551416400,183448,
1554091200,140099,
1556683200,143163,
1559361600,140954,
1561953600,116758,
1564632000,119568,
1567310400,121874,
1569902400,124392,
1572580800,126780,
1575176400,129143,1
1577854800,131523,2
1580533200,133911,3
1583038800,135992,4
1585713600,138468,5
1588305600,141007,6
1590984000,143644,7
1593576000,145981,8
1596254400,148417,9
1598932800,150766,10
1601524800,153134,11
1604203200,155321,12
1606798800,157437,13
1609477200,159741,14
1612155600,162262,15
1614574800,164613,16
1617249600,169069,17
1619841600,172593,18
1622520000,175658,19
1625112000,181015,20
