1480568400,303887,
1483246800,306250,
1485925200,308711,
1488344400,311615,
1491019200,314822,
1493611200,317992,
1496289600,321227,1
1498881600,324944,2
1501560000,328572,3
1504238400,332133,4
1506830400,335373,5
1509508800,339319,6
1512104400,343113,7
1514782800,346943,8
1517461200,351396,9
1519880400,355246,10
1522555200,359664,11
1525147200,153286,0
1527825600,157471,0
1530417600,162771,0
1533096000,166285,0
1535774400,125034,0
1538366400,128383,0
1541044800,131412,0
1543640400,134846,0
1546318800,99207,0
1548997200,104327,0
1551416400,106609,0
1554091200,109268,0
1556683200,111640,0
1559361600,114301,1
1561953600,116864,2
1564632000,118925,3
1567310400,121229,4
1569902400,123816,5
1572580800,123506,6
1575176400,125816,7
1577854800,118353,0
1580533200,108362,0
1583038800,86631,0
1585713600,84788,0
1588305600,82836,0
1590984000,76659,0
1593576000,74037,0
1596254400,74124,0
1598932800,73345,0
1601524800,73833,0
1604203200,76866,0
1606798800,79131,0
