1543640400,116278,
1546318800,118383,
1548997200,121194,
1551416400,124125,
1554091200,127342,
1556683200,130184,
1559361600,133267,1
1561953600,135895,2
1564632000,138696,3
1567310400,141501,4
1569902400,144430,5
1572580800,147429,6
1575176400,150113,7
1577854800,152919,8
1580533200,155718,9
1583038800,158222,10
1585713600,161209,11
1588305600,164330,12
1590984000,167421,13
1593576000,170181,14
1596254400,172911,15
1598932800,175836,16
1601524800,178729,17
1604203200,182189,18
1606798800,186423,19
