1561953600,829418,
1564632000,833098,
1567310400,837014,
1569902400,841203,
1572580800,845326,
1575176400,849610,
1577854800,853888,1
1580533200,858316,2
1583038800,862360,3
1585713600,867206,4
1588305600,872025,5
1590984000,877055,6
1593576000,881734,7
1596254400,886510,8
1598932800,891233,9
1601524800,896073,10
1604203200,900547,11
1606798800,904944,12
1609477200,909533,13
1612155600,914556,14
1614574800,919354,15
1617249600,926659,16
1619841600,932919,17
1622520000,938675,18
1625112000,949840,19
1627790400,955104,20
