1527825600,153871,
1530417600,158863,
1533096000,165090,
1535774400,170155,
1538366400,174266,
1541044800,178554,
1543640400,183248,1
1546318800,187051,2
1548997200,191651,3
1551416400,196151,4
1554091200,201296,5
1556683200,206160,6
1559361600,211083,7
1561953600,215492,8
1564632000,220241,9
1567310400,224988,10
1569902400,229845,11
1572580800,234317,12
1575176400,238878,13
1577854800,243452,14
1580533200,248135,15
1583038800,252422,16
1585713600,257434,17
1588305600,262477,18
1590984000,267787,19
1593576000,272450,20
1596254400,277327,21
1598932800,281976,22
1601524800,286515,23
1604203200,291874,24
1606798800,297983,25
