1551416400,738896,
1554091200,743301,
1556683200,747349,
1559361600,751694,
1561953600,755845,
1564632000,760208,
1567310400,764560,1
1569902400,769045,2
1572580800,773442,3
1575176400,777907,4
1577854800,782415,5
1580533200,786990,6
1583038800,791160,7
1585713600,796178,8
1588305600,801155,9
1590984000,806301,10
1593576000,811090,11
1596254400,815982,12
1598932800,820777,13
1601524800,825737,14
1604203200,830301,15
1606798800,834770,16
1609477200,839403,17
1612155600,844484,18
1614574800,849340,19
1617249600,856702,20
1619841600,863014,21
1622520000,868814,22
1625112000,880098,23
