1551416400,746350,
1554091200,750570,
1556683200,754551,
1559361600,758833,
1561953600,762942,
1564632000,767258,
1567310400,771592,1
1569902400,776061,2
1572580800,780446,3
1575176400,784906,4
1577854800,789390,5
1580533200,793952,6
1583038800,798103,7
1585713600,803106,8
1588305600,808063,9
1590984000,813193,10
1593576000,817977,11
1596254400,822857,12
1598932800,827646,13
1601524800,832593,14
1604203200,837143,15
1606798800,841607,16
1609477200,846235,17
1612155600,851317,18
1614574800,856170,19
1617249600,863525,20
1619841600,869842,21
1622520000,875635,22
1625112000,886911,23
1627790400,892214,24
