1535774400,21732,
1538366400,20021,
1541044800,20478,
1543640400,20952,
1546318800,19486,
1548997200,19933,
1551416400,20394,0
1554091200,21640,0
1556683200,22485,0
1559361600,22230,0
1561953600,22662,0
1564632000,20507,0
1567310400,15355,0
1569902400,15641,0
1572580800,15939,0
1575176400,16233,0
1577854800,16593,0
1580533200,16854,1
1583038800,17127,2
1585713600,17426,3
1588305600,17717,4
1590984000,18074,5
1593576000,18348,6
1596254400,18602,7
1598932800,18892,8
1601524800,19167,9
1604203200,19427,10
1606798800,19668,11
