1541044800,673146,
1543640400,676996,
1546318800,680379,
1548997200,684439,
1551416400,688498,
1554091200,693375,
1556683200,697951,1
1559361600,702621,2
1561953600,707047,3
1564632000,711650,4
1567310400,716175,5
1569902400,720860,6
1572580800,725433,7
1575176400,730081,8
1577854800,734703,9
1580533200,739466,10
1583038800,743819,11
1585713600,749065,12
1588305600,754304,13
1590984000,759786,14
1593576000,764773,15
1596254400,769960,16
1598932800,775023,17
1601524800,780219,18
1604203200,785877,19
1606798800,792250,20
