1559361600,798346,
1561953600,802164,
1564632000,806234,
1567310400,810379,
1569902400,814719,
1572580800,818966,
1575176400,823335,1
1577854800,827723,2
1580533200,832214,3
1583038800,836305,4
1585713600,841226,5
1588305600,846102,6
1590984000,851174,7
1593576000,855895,8
1596254400,860707,9
1598932800,865468,10
1601524800,870349,11
1604203200,874851,12
1606798800,879274,13
1609477200,883883,14
1612155600,888941,15
1614574800,893758,16
1617249600,901081,17
1619841600,907363,18
1622520000,913137,19
1625112000,924353,20
1627790400,929630,21
