1556683200,786024,
1559361600,789959,
1561953600,793869,
1564632000,798020,
1567310400,802198,
1569902400,806563,
1572580800,810830,1
1575176400,815223,2
1577854800,819626,3
1580533200,824135,4
1583038800,828241,5
1585713600,833182,6
1588305600,838079,7
1590984000,843173,8
1593576000,847908,9
1596254400,852734,10
1598932800,857496,11
1601524800,862386,12
1604203200,866893,13
1606798800,871324,14
1609477200,875933,15
1612155600,880995,16
1614574800,885822,17
1617249600,893155,18
1619841600,899443,19
1622520000,905219,20
1625112000,916452,21
1627790400,921736,22
