1443672000,161735,
1446350400,163472,
1448946000,165496,
1451624400,167928,
1454302800,170332,
1456808400,172854,
1459483200,176015,1
1462075200,178916,2
1464753600,181795,3
1467345600,184357,4
1470024000,187254,5
1472702400,190222,6
1475294400,193170,7
1477972800,196290,8
1480568400,199159,9
1483246800,202202,10
1485925200,205111,11
1488344400,208456,12
1491019200,212105,13
1493611200,215666,14
1496289600,219316,15
1498881600,223371,16
1501560000,227372,17
1504238400,231191,18
1506830400,234694,19
1509508800,238917,20
1512104400,242933,21
1514782800,246996,22
1517461200,251703,23
1519880400,255711,24
1522555200,260290,25
1525147200,264699,26
1527825600,269216,27
1530417600,273906,28
1533096000,278885,29
1535774400,283564,30
1538366400,288208,31
1541044800,292776,32
1543640400,297956,33
1546318800,302063,34
1548997200,307004,35
1551416400,311925,36
1554091200,317576,37
1556683200,322794,38
1559361600,328092,39
1561953600,332989,40
1564632000,338190,41
1567310400,343216,42
1569902400,348335,43
1572580800,353324,44
1575176400,358325,45
1577854800,363300,46
1580533200,368411,47
1583038800,373063,48
1585713600,378626,49
1588305600,384180,50
1590984000,389962,51
1593576000,395260,52
1596254400,400724,53
1598932800,406030,54
1601524800,411465,55
1604203200,417326,56
1606798800,423925,57
