1525147200,554938,
1527825600,558450,
1530417600,562330,
1533096000,566363,
1535774400,570313,
1538366400,574307,
1541044800,578288,1
1543640400,582890,2
1546318800,586494,3
1548997200,590947,4
1551416400,595396,5
1554091200,600650,6
1556683200,605511,7
1559361600,610429,8
1561953600,615086,9
1564632000,619926,10
1567310400,624646,11
1569902400,629499,12
1572580800,634256,13
1575176400,639032,14
1577854800,643784,15
1580533200,648680,16
1583038800,653148,17
1585713600,658509,18
1588305600,663879,19
1590984000,669491,20
1593576000,674577,21
1596254400,679849,22
1598932800,684984,23
1601524800,690251,24
1604203200,695980,25
1606798800,702441,26
