1533096000,614465,
1535774400,617912,
1538366400,621623,
1541044800,625447,
1543640400,629846,
1546318800,633316,
1548997200,637621,1
1551416400,641894,2
1554091200,647023,3
1556683200,651743,4
1559361600,656560,5
1561953600,661127,6
1564632000,665866,7
1567310400,670494,8
1569902400,675260,9
1572580800,679929,10
1575176400,684617,11
1577854800,689309,12
1580533200,694148,13
1583038800,698570,14
1585713600,703880,15
1588305600,709188,16
1590984000,714750,17
1593576000,719797,18
1596254400,725037,19
1598932800,730146,20
1601524800,735381,21
1604203200,741072,22
1606798800,747487,23
