1535774400,627117,
1538366400,630684,
1541044800,634350,
1543640400,638625,
1546318800,642032,
1548997200,646267,
1551416400,650449,1
1554091200,655460,2
1556683200,659932,3
1559361600,664657,4
1561953600,669114,5
1564632000,673763,6
1567310400,678374,7
1569902400,683054,8
1572580800,687647,9
1575176400,692268,10
1577854800,696915,11
1580533200,701644,12
1583038800,705928,13
1585713600,711084,14
1588305600,716194,15
1590984000,721494,16
1593576000,726382,17
1596254400,731374,18
1598932800,736228,19
1601524800,741263,20
1604203200,745915,21
1606798800,750454,22
1609477200,755150,23
1612155600,760301,24
1614574800,765190,25
1617249600,772606,26
1619841600,778974,27
1622520000,784829,28
1625112000,796239,29
