1525147200,554584,
1527825600,558103,
1530417600,561990,
1533096000,566031,
1535774400,569984,
1538366400,573980,
1541044800,577961,1
1543640400,582565,2
1546318800,586170,3
1548997200,590623,4
1551416400,595074,5
1554091200,600329,6
1556683200,605190,7
1559361600,610109,8
1561953600,614766,9
1564632000,619604,10
1567310400,624325,11
1569902400,629178,12
1572580800,633937,13
1575176400,638713,14
1577854800,643465,15
1580533200,648363,16
1583038800,652831,17
1585713600,658192,18
1588305600,663562,19
1590984000,669175,20
1593576000,674261,21
1596254400,679533,22
1598932800,684668,23
1601524800,689935,24
1604203200,695665,25
1606798800,702126,26
