1554091200,765184,
1556683200,768916,
1559361600,131891,
1561953600,134475,
1564632000,137224,
1567310400,139978,
1569902400,142844,
1572580800,145536,1
1575176400,148143,2
1577854800,150890,3
1580533200,155831,4
1583038800,158257,5
1585713600,161238,6
1588305600,164259,7
1590984000,167303,8
1593576000,170013,9
1596254400,172657,10
1598932800,175466,11
1601524800,178211,12
1604203200,180735,13
1606798800,183144,14
1609477200,185829,15
1612155600,188852,16
1614574800,191524,17
1617249600,196401,18
1619841600,200349,19
1622520000,203891,20
1625112000,209908,21
