1541044800,668877,
1543640400,672832,
1546318800,676251,
1548997200,680353,
1551416400,684437,
1554091200,689336,
1556683200,693932,1
1559361600,698622,2
1561953600,703054,3
1564632000,707672,4
1567310400,712212,5
1569902400,716897,6
1572580800,721475,7
1575176400,726130,8
1577854800,730757,9
1580533200,735524,10
1583038800,739880,11
1585713600,745126,12
1588305600,750366,13
1590984000,755852,14
1593576000,760851,15
1596254400,766041,16
1598932800,771109,17
1601524800,776310,18
1604203200,781966,19
1606798800,788343,20
