1527825600,575320,
1530417600,578995,
1533096000,582866,
1535774400,586708,
1538366400,590620,
1541044800,594592,
1543640400,599125,1
1546318800,602676,2
1548997200,607081,3
1551416400,611489,4
1554091200,616704,5
1556683200,621514,6
1559361600,626400,7
1561953600,631031,8
1564632000,635841,9
1567310400,640519,10
1569902400,645338,11
1572580800,650061,12
1575176400,654795,13
1577854800,659530,14
1580533200,664406,15
1583038800,668858,16
1585713600,674191,17
1588305600,679530,18
1590984000,685126,19
1593576000,690202,20
1596254400,695467,21
1598932800,700592,22
1601524800,705845,23
1604203200,711556,24
1606798800,718007,25
