1548997200,718577,
1551416400,722261,
1554091200,726857,
1556683200,731029,
1559361600,735440,
1561953600,739662,
1564632000,744089,1
1567310400,748503,2
1569902400,753032,3
1572580800,757469,4
1575176400,761991,5
1577854800,766526,6
1580533200,771128,7
1583038800,775321,8
1585713600,780380,9
1588305600,785386,10
1590984000,790567,11
1593576000,795372,12
1596254400,800285,13
1598932800,805081,14
1601524800,810060,15
1604203200,814642,16
1606798800,819133,17
1609477200,823776,18
1612155600,828869,19
1614574800,833734,20
1617249600,841111,21
1619841600,847431,22
1622520000,853239,23
1625112000,864544,24
1627790400,869861,25
