1554091200,771100,
1556683200,774653,
1559361600,778768,
1561953600,782772,
1564632000,786983,
1567310400,791225,
1569902400,795657,1
1572580800,799963,2
1575176400,804371,3
1577854800,808804,4
1580533200,813336,5
1583038800,817459,6
1585713600,822421,7
1588305600,827332,8
1590984000,832445,9
1593576000,837199,10
1596254400,842043,11
1598932800,846809,12
1601524800,851718,13
1604203200,856240,14
1606798800,860682,15
1609477200,865298,16
1612155600,870367,17
1614574800,875202,18
1617249600,882541,19
1619841600,888834,20
1622520000,894617,21
1625112000,905865,22
