1517461200,131204,
1519880400,134445,
1522555200,137142,
1525147200,139559,
1527825600,143261,
1530417600,147190,
1533096000,149434,1
1535774400,119874,0
1538366400,117621,0
1541044800,121433,0
1543640400,125379,0
1546318800,128306,0
1548997200,129014,0
1551416400,130928,1
1554091200,134867,2
1556683200,132136,0
1559361600,134367,0
1561953600,137018,0
1564632000,139809,0
1567310400,142668,0
1569902400,147628,1
1572580800,148712,2
1575176400,154046,3
1577854800,156889,4
1580533200,159795,5
1583038800,161133,6
1585713600,163283,7
1588305600,166484,8
1590984000,169641,9
1593576000,172356,10
1596254400,175107,11
1598932800,178046,12
1601524800,171893,0
1604203200,174284,0
1606798800,177294,0
