1546318800,142146,
1548997200,111803,
1551416400,114199,
1554091200,76834,
1556683200,78547,
1559361600,80396,
1561953600,81961,
1564632000,83634,
1567310400,85199,1
1569902400,86864,2
1572580800,88444,3
1575176400,90104,4
1577854800,91802,5
1580533200,93416,6
1583038800,94959,7
1585713600,96659,8
1588305600,98408,9
1590984000,100304,10
1593576000,101890,11
1596254400,103537,12
1598932800,105174,13
1601524800,106804,14
1604203200,108293,15
1606798800,109716,16
1609477200,111358,17
1612155600,113107,18
1614574800,114706,19
1617249600,118265,20
1619841600,120965,21
1622520000,123095,22
1625112000,127026,23
