1559361600,805632,
1561953600,809323,
1564632000,813345,
1567310400,817449,
1569902400,821758,
1572580800,825974,
1575176400,830328,1
1577854800,834676,2
1580533200,839150,3
1583038800,843227,4
1585713600,848124,5
1588305600,852986,6
1590984000,858048,7
1593576000,862758,8
1596254400,867561,9
1598932800,872308,10
1601524800,877175,11
1604203200,881668,12
1606798800,886087,13
1609477200,890693,14
1612155600,895743,15
1614574800,900553,16
1617249600,907871,17
1619841600,914149,18
1622520000,919919,19
1625112000,931122,20
