1530417600,132410,
1533096000,32230,
1535774400,39075,
1538366400,39930,
1541044800,108230,
1543640400,51569,
1546318800,52672,0
1548997200,28625,0
1551416400,29341,0
1554091200,29806,0
1556683200,30771,0
1559361600,31057,0
1561953600,30275,0
1564632000,31104,0
1567310400,31690,0
1569902400,32347,0
1572580800,32905,0
1575176400,33556,1
1577854800,34145,2
1580533200,34718,3
1583038800,35275,4
1585713600,35901,5
1588305600,36540,6
1590984000,37259,7
1593576000,37830,8
1596254400,38500,9
1598932800,39056,10
1601524800,39596,11
1604203200,40165,12
1606798800,40707,13
