1522555200,542085,
1525147200,545452,
1527825600,549046,
1530417600,553014,
1533096000,557114,
1535774400,561123,
1538366400,565153,1
1541044800,569151,2
1543640400,573782,3
1546318800,577411,4
1548997200,581894,5
1551416400,586357,6
1554091200,591635,7
1556683200,596505,8
1559361600,601435,9
1561953600,606088,10
1564632000,610945,11
1567310400,615676,12
1569902400,620546,13
1572580800,625318,14
1575176400,630113,15
1577854800,634873,16
1580533200,639784,17
1583038800,644256,18
1585713600,649626,19
1588305600,655003,20
1590984000,660625,21
1593576000,665716,22
1596254400,670996,23
1598932800,676136,24
1601524800,681406,25
1604203200,687138,26
1606798800,693605,27
