1561953600,218652,
1564632000,221025,
1567310400,226460,
1569902400,231274,
1572580800,235756,
1575176400,240300,
1577854800,244898,1
1580533200,249565,2
1583038800,253805,3
1585713600,258712,4
1588305600,263684,5
1590984000,269605,6
1593576000,274230,7
1596254400,279002,8
1598932800,283491,9
1601524800,288035,10
1604203200,292389,11
1606798800,296799,12
1609477200,301318,13
1612155600,306322,14
1614574800,311060,15
1617249600,318098,16
1619841600,324218,17
1622520000,329889,18
1625112000,340022,19
