1527825600,584284,
1530417600,148077,
1533096000,153424,
1535774400,143199,
1538366400,133424,
1541044800,112713,
1543640400,123535,0
1546318800,147123,0
1548997200,165355,0
1551416400,169125,0
1554091200,173455,0
1556683200,177550,0
1559361600,181778,0
1561953600,185578,1
1564632000,189428,2
1567310400,193296,3
1569902400,197265,4
1572580800,201115,5
1575176400,204808,6
1577854800,208589,7
1580533200,212504,8
1583038800,216136,9
1585713600,220307,10
1588305600,224652,11
1590984000,228961,12
1593576000,232779,13
1596254400,236811,14
1598932800,240844,15
1601524800,244652,16
1604203200,249363,17
1606798800,254781,18
