1554091200,758771,
1556683200,762639,
1559361600,766862,
1561953600,770937,
1564632000,775198,
1567310400,779496,
1569902400,783943,1
1572580800,788307,2
1575176400,792741,3
1577854800,797200,4
1580533200,801755,5
1583038800,805894,6
1585713600,810877,7
1588305600,815819,8
1590984000,820950,9
1593576000,825720,10
1596254400,830591,11
1598932800,835376,12
1601524800,840310,13
1604203200,844848,14
1606798800,849302,15
1609477200,853924,16
1612155600,859001,17
1614574800,863847,18
1617249600,871198,19
1619841600,877503,20
1622520000,883290,21
1625112000,894552,22
1627790400,899854,23
