1448946000,173226,
1451624400,175507,
1454302800,177785,
1456808400,180218,
1459483200,183315,
1462075200,186159,
1464753600,188980,1
1467345600,191504,2
1470024000,194377,3
1472702400,197306,4
1475294400,200217,5
1477972800,203319,6
1480568400,206163,7
1483246800,209182,8
1485925200,212079,9
1488344400,215409,10
1491019200,219034,11
1493611200,222571,12
1496289600,226205,13
1498881600,230241,14
1501560000,234221,15
1504238400,238030,16
1506830400,241522,17
1509508800,245726,18
1512104400,249730,19
1514782800,253779,20
1517461200,258479,21
1519880400,262478,22
1522555200,267045,23
1525147200,271445,24
1527825600,275952,25
1530417600,280638,26
1533096000,285615,27
1535774400,290288,28
1538366400,294925,29
1541044800,299485,30
1543640400,304654,31
1546318800,308759,32
1548997200,313692,33
1551416400,318613,34
1554091200,324258,35
1556683200,329474,36
1559361600,334768,37
1561953600,339666,38
1564632000,344858,39
1567310400,349879,40
1569902400,354995,41
1572580800,359982,42
1575176400,364981,43
1577854800,369952,44
1580533200,375058,45
1583038800,379708,46
1585713600,385265,47
1588305600,390817,48
1590984000,396596,49
1593576000,401889,50
1596254400,407350,51
1598932800,412654,52
1601524800,418086,53
1604203200,423945,54
1606798800,430543,55
