1533096000,608041,
1535774400,611598,
1538366400,615376,
1541044800,619231,
1543640400,623653,
1546318800,627141,
1548997200,631462,1
1551416400,635757,2
1554091200,640909,3
1556683200,645644,4
1559361600,650474,5
1561953600,655056,6
1564632000,659819,7
1567310400,664456,8
1569902400,669227,9
1572580800,673910,10
1575176400,678604,11
1577854800,683303,12
1580533200,688148,13
1583038800,692580,14
1585713600,697893,15
1588305600,703202,16
1590984000,708770,17
1593576000,713827,18
1596254400,719074,19
1598932800,724184,20
1601524800,729420,21
1604203200,735113,22
1606798800,741532,23
