1477972800,67228,
1480568400,69303,
1483246800,71305,
1485925200,73448,
1488344400,75899,
1491019200,78488,
1493611200,80947,1
1496289600,83505,2
1498881600,86136,3
1501560000,88802,4
1504238400,91326,5
1506830400,93626,6
1509508800,96242,7
1512104400,98922,8
1514782800,101494,9
1517461200,104617,10
1519880400,107280,11
1522555200,110139,12
1525147200,113116,13
1527825600,116066,14
1530417600,119122,15
1533096000,122044,16
1535774400,125168,17
1538366400,128100,18
1541044800,131169,19
1543640400,134599,20
1546318800,137280,21
1548997200,140496,22
1551416400,143650,23
1554091200,147215,24
1556683200,150574,25
1559361600,154017,26
1561953600,157281,27
1564632000,160513,28
1567310400,163732,29
1569902400,167107,30
1572580800,170344,31
1575176400,173384,32
1577854800,176622,33
1580533200,179808,34
1583038800,182767,35
1585713600,186220,36
1588305600,189848,37
1590984000,193420,38
1593576000,196569,39
1596254400,199899,40
1598932800,203241,41
1601524800,206391,42
1604203200,210272,43
1606798800,214958,44
