1383278400,10225,
1385874000,10935,
1388552400,11700,
1391230800,12570,
1393650000,13374,
1396324800,14295,
1398916800,15261,1
1401595200,16292,2
1404187200,17322,3
1406865600,18284,4
1409544000,19406,5
1412136000,20417,6
1414814400,21570,7
1417410000,22696,8
1420088400,23793,9
1422766800,25071,10
1425186000,26270,11
1427860800,27468,12
1430452800,28714,13
1433131200,30085,14
1435723200,31486,15
1438401600,33110,16
1441080000,34786,17
1443672000,36432,18
1446350400,38056,19
1448946000,39793,20
1451624400,41649,21
1454302800,43363,22
1456808400,45170,23
1459483200,47213,24
1462075200,49231,25
1464753600,51196,26
1467345600,53003,27
1470024000,54964,28
1472702400,56891,29
1475294400,58718,30
1477972800,60669,31
1480568400,62628,32
1483246800,64445,33
1485925200,66300,34
1488344400,68397,35
1491019200,70801,36
1493611200,72993,37
1496289600,75269,38
1498881600,77583,39
1501560000,79990,40
1504238400,82241,41
1506830400,84242,42
1509508800,86726,43
1512104400,89091,44
1514782800,91368,45
1517461200,94216,46
1519880400,96613,47
1522555200,99232,48
1525147200,101965,49
1527825600,104611,50
1530417600,107341,51
1533096000,109960,52
1535774400,117287,53
1538366400,120080,54
1541044800,122887,55
1543640400,126098,56
1546318800,128604,57
1548997200,131668,58
1551416400,134627,59
1554091200,138008,60
1556683200,141146,61
1559361600,144434,62
1561953600,147454,63
1564632000,150514,64
1567310400,153530,65
1569902400,156721,66
1572580800,159710,67
1575176400,162611,68
1577854800,165659,69
1580533200,168656,70
1583038800,171381,71
1585713600,174656,72
1588305600,178054,73
1590984000,181392,74
1593576000,184317,75
1596254400,187384,76
1598932800,190486,77
1601524800,193516,78
1604203200,197195,79
1606798800,201670,80
