1488344400,101218,
1491019200,104906,
1493611200,108332,
1496289600,112027,
1498881600,115803,
1501560000,119602,
1504238400,123354,1
1506830400,126303,2
1509508800,130430,3
1512104400,134275,4
1514782800,138202,5
1517461200,142650,6
1519880400,146569,7
1522555200,150905,8
1525147200,155046,9
1527825600,159211,10
1530417600,163751,11
1533096000,168180,12
1535774400,173072,13
1538366400,177371,14
1541044800,181783,15
1543640400,186561,16
1546318800,190546,17
1548997200,195185,18
1551416400,199785,19
1554091200,205096,20
1556683200,210125,21
1559361600,215177,22
1561953600,219722,23
1564632000,224556,24
1567310400,229425,25
1569902400,234413,26
1572580800,239043,27
1575176400,243649,28
1577854800,248260,29
1580533200,253062,30
1583038800,257447,31
1585713600,262596,32
1588305600,267788,33
1590984000,273184,34
1593576000,278010,35
1596254400,283029,36
1598932800,287797,37
1601524800,292545,38
1604203200,297906,39
1606798800,304173,40
