1441080000,149578,
1443672000,151503,
1446350400,153552,
1448946000,155725,
1451624400,158275,
1454302800,160785,
1456808400,163382,1
1459483200,166615,2
1462075200,169558,3
1464753600,172480,4
1467345600,175094,5
1470024000,178029,6
1472702400,181053,7
1475294400,184044,8
1477972800,187215,9
1480568400,190107,10
1483246800,193178,11
1485925200,196108,12
1488344400,199481,13
1491019200,203155,14
1493611200,206746,15
1496289600,210417,16
1498881600,214488,17
1501560000,218507,18
1504238400,222350,19
1506830400,225860,20
1509508800,230115,21
1512104400,234141,22
1514782800,238222,23
1517461200,242945,24
1519880400,246969,25
1522555200,251561,26
1525147200,255980,27
1527825600,260504,28
1530417600,265211,29
1533096000,270205,30
1535774400,274894,31
1538366400,279543,32
1541044800,284121,33
1543640400,289304,34
1546318800,293417,35
1548997200,298366,36
1551416400,303289,37
1554091200,308947,38
1556683200,314172,39
1559361600,319477,40
1561953600,324379,41
1564632000,329584,42
1567310400,334618,43
1569902400,339744,44
1572580800,344737,45
1575176400,349742,46
1577854800,354720,47
1580533200,359830,48
1583038800,364483,49
1585713600,370051,50
1588305600,375605,51
1590984000,381392,52
1593576000,386692,53
1596254400,392159,54
1598932800,397467,55
1601524800,402905,56
1604203200,408767,57
1606798800,415372,58
