1509508800,467346,
1512104400,470116,
1514782800,473266,
1517461200,477011,
1519880400,480380,
1522555200,484291,
1525147200,488103,1
1527825600,492088,2
1530417600,496317,3
1533096000,500709,4
1535774400,504918,5
1538366400,509200,6
1541044800,513390,7
1543640400,518135,8
1546318800,521895,9
1548997200,526522,10
1551416400,531117,11
1554091200,536508,12
1556683200,541469,13
1559361600,546490,14
1561953600,551235,15
1564632000,556207,16
1567310400,561020,17
1569902400,565952,18
1572580800,570807,19
1575176400,575662,20
1577854800,580478,21
1580533200,585433,22
1583038800,589962,23
1585713600,595372,24
1588305600,600789,25
1590984000,606440,26
1593576000,611579,27
1596254400,616900,28
1598932800,622085,29
1601524800,627394,30
1604203200,633150,31
1606798800,639653,32
