1364788800,19810,
1367380800,20349,
1370059200,20862,
1372651200,21527,
1375329600,22207,
1378008000,22824,
1380600000,23659,1
1383278400,24401,2
1385874000,25300,3
1388552400,26267,4
1391230800,27381,5
1393650000,28387,6
1396324800,29677,7
1398916800,30887,8
1401595200,32279,9
1404187200,33664,10
1406865600,35007,11
1409544000,36643,12
1412136000,38179,13
1414814400,39814,14
1417410000,41460,15
1420088400,42977,16
1422766800,44825,17
1425186000,46566,18
1427860800,48428,19
1430452800,50272,20
1433131200,52426,21
1435723200,54480,22
1438401600,56982,23
1441080000,59511,24
1443672000,62180,25
1446350400,64820,26
1448946000,67625,27
1451624400,70682,28
1454302800,73646,29
1456808400,76637,30
1459483200,80181,31
1462075200,83470,32
1464753600,86735,33
1467345600,89613,34
1470024000,92834,35
1472702400,96166,36
1475294400,99400,37
1477972800,102785,38
1480568400,105886,39
1483246800,109142,40
1485925200,112238,41
1488344400,115788,42
1491019200,119655,43
1493611200,123392,44
1496289600,127211,45
1498881600,131428,46
1501560000,135581,47
1504238400,139575,48
1506830400,143193,49
1509508800,147650,50
1512104400,151784,51
1514782800,155965,52
1517461200,160792,53
1519880400,164892,54
1522555200,169545,55
1525147200,174044,56
1527825600,178639,57
1530417600,183428,58
1533096000,188504,59
1535774400,193271,60
1538366400,197975,61
1541044800,202615,62
1543640400,207855,63
1546318800,212015,64
1548997200,217001,65
1551416400,221964,66
1554091200,227672,67
1556683200,232921,68
1559361600,238254,69
1561953600,243188,70
1564632000,248425,71
1567310400,253504,72
1569902400,258652,73
1572580800,263680,74
1575176400,268723,75
1577854800,273732,76
1580533200,278879,77
1583038800,283546,78
1585713600,289120,79
1588305600,294705,80
1590984000,300505,81
1593576000,305821,82
1596254400,311311,83
1598932800,316645,84
1601524800,322111,85
1604203200,328007,86
1606798800,334631,87
