1498881600,408233,
1501560000,410974,
1504238400,413992,
1506830400,416822,
1509508800,420266,
1512104400,423703,
1514782800,427222,1
1517461200,431299,2
1519880400,434921,3
1522555200,439069,4
1525147200,443059,5
1527825600,447196,6
1530417600,451560,7
1533096000,456107,8
1535774400,460430,9
1538366400,464854,10
1541044800,469143,11
1543640400,473998,12
1546318800,477845,13
1548997200,482567,14
1551416400,487240,15
1554091200,492705,16
1556683200,497740,17
1559361600,502851,18
1561953600,507639,19
1564632000,512698,20
1567310400,517564,21
1569902400,522546,22
1572580800,527416,23
1575176400,532301,24
1577854800,537159,25
1580533200,542165,26
1583038800,546724,27
1585713600,552176,28
1588305600,557621,29
1590984000,563304,30
1593576000,568482,31
1596254400,573840,32
1598932800,579049,33
1601524800,584398,34
1604203200,590182,35
1606798800,596707,36
