1470024000,261047,
1472702400,263380,
1475294400,265829,
1477972800,268494,
1480568400,76423,
1483246800,78660,
1485925200,80995,0
1488344400,83640,0
1491019200,86543,0
1493611200,89247,1
1496289600,92088,2
1498881600,95048,3
1501560000,98013,4
1504238400,100760,5
1506830400,103342,6
1509508800,106286,7
1512104400,109182,8
1514782800,112125,9
1517461200,115537,10
1519880400,118444,11
1522555200,121654,12
1525147200,124858,13
1527825600,128065,14
1530417600,131525,15
1533096000,134878,16
1535774400,141242,17
1538366400,144627,18
1541044800,148045,19
1543640400,151777,20
1546318800,154894,21
1548997200,158576,22
1551416400,162122,23
1554091200,166239,24
1556683200,170082,25
1559361600,174011,26
1561953600,177649,27
1564632000,181316,28
1567310400,184974,29
1569902400,188719,30
1572580800,192345,31
1575176400,195866,32
1577854800,199442,33
1580533200,203096,34
1583038800,206519,35
1585713600,210511,36
1588305600,214728,37
1590984000,218833,38
1593576000,222467,39
1596254400,226355,40
1598932800,230152,41
1601524800,233805,42
1604203200,238322,43
1606798800,243540,44
