1548997200,715418,
1551416400,719124,
1554091200,723742,
1556683200,727943,
1559361600,732367,
1561953600,736617,
1564632000,741052,1
1567310400,745473,2
1569902400,750011,3
1572580800,754461,4
1575176400,758988,5
1577854800,763528,6
1580533200,768140,7
1583038800,772332,8
1585713600,777396,9
1588305600,782408,10
1590984000,787594,11
1593576000,792401,12
1596254400,797320,13
1598932800,802120,14
1601524800,807102,15
1604203200,811686,16
1606798800,816180,17
1609477200,820823,18
1612155600,825916,19
1614574800,830779,20
1617249600,838141,21
1619841600,844462,22
1622520000,850271,23
1625112000,861585,24
