1448946000,177366,
1451624400,179471,
1454302800,181706,
1456808400,184066,
1459483200,187123,
1462075200,189926,
1464753600,192715,1
1467345600,195218,2
1470024000,198075,3
1472702400,200990,4
1475294400,203894,5
1477972800,206976,6
1480568400,209804,7
1483246800,212824,8
1485925200,215704,9
1488344400,219021,10
1491019200,222635,11
1493611200,226162,12
1496289600,229787,13
1498881600,233811,14
1501560000,237781,15
1504238400,241585,16
1506830400,245068,17
1509508800,249262,18
1512104400,253260,19
1514782800,257304,20
1517461200,262004,21
1519880400,265997,22
1522555200,270568,23
1525147200,274964,24
1527825600,279465,25
1530417600,284148,26
1533096000,289121,27
1535774400,293788,28
1538366400,298423,29
1541044800,302976,30
1543640400,308144,31
1546318800,312240,32
1548997200,317171,33
1551416400,322086,34
1554091200,327724,35
1556683200,332934,36
1559361600,338228,37
1561953600,343127,38
1564632000,348316,39
1567310400,353334,40
1569902400,358450,41
1572580800,363435,42
1575176400,368434,43
1577854800,373403,44
1580533200,378510,45
1583038800,383160,46
1585713600,388713,47
1588305600,394264,48
1590984000,400039,49
1593576000,405330,50
1596254400,410790,51
1598932800,416089,52
1601524800,421521,53
1604203200,427381,54
1606798800,433979,55
