1551416400,745483,
1554091200,749723,
1556683200,753716,
1559361600,758006,
1561953600,762121,
1564632000,766448,
1567310400,770785,1
1569902400,775260,2
1572580800,779646,3
1575176400,784107,4
1577854800,788596,5
1580533200,793159,6
1583038800,797308,7
1585713600,802313,8
1588305600,807279,9
1590984000,812409,10
1593576000,817195,11
1596254400,822077,12
1598932800,826871,13
1601524800,831818,14
1604203200,836369,15
1606798800,840833,16
1609477200,845462,17
1612155600,850546,18
1614574800,855399,19
1617249600,862755,20
1619841600,869072,21
1622520000,874865,22
1625112000,886143,23
