1546318800,705358,
1548997200,709066,
1551416400,712818,
1554091200,717482,
1556683200,721713,
1559361600,726157,
1561953600,730429,1
1564632000,734889,2
1567310400,739327,3
1569902400,743874,4
1572580800,748331,5
1575176400,752868,6
1577854800,757429,7
1580533200,762051,8
1583038800,766249,9
1585713600,771319,10
1588305600,776344,11
1590984000,781537,12
1593576000,786353,13
1596254400,791281,14
1598932800,796092,15
1601524800,801075,16
1604203200,805669,17
1606798800,810170,18
1609477200,814816,19
1612155600,819915,20
1614574800,824780,21
1617249600,832146,22
1619841600,838470,23
1622520000,844280,24
1625112000,855600,25
