1543640400,689133,
1546318800,692350,
1548997200,696315,
1551416400,700277,
1554091200,705072,
1556683200,709597,
1559361600,714208,1
1561953600,718587,2
1564632000,723158,3
1567310400,727634,4
1569902400,732297,5
1572580800,736843,6
1575176400,741471,7
1577854800,746079,8
1580533200,750828,9
1583038800,755165,10
1585713600,760396,11
1588305600,765612,12
1590984000,771078,13
1593576000,776049,14
1596254400,781232,15
1598932800,786283,16
1601524800,791464,17
1604203200,797109,18
1606798800,803482,19
