1546318800,700603,
1548997200,704395,
1551416400,708203,
1554091200,712903,
1556683200,717164,
1559361600,721638,
1561953600,725925,1
1564632000,730393,2
1567310400,734831,3
1569902400,739390,4
1572580800,743857,5
1575176400,748405,6
1577854800,752976,7
1580533200,757607,8
1583038800,761801,9
1585713600,766886,10
1588305600,771912,11
1590984000,777110,12
1593576000,781931,13
1596254400,786860,14
1598932800,791668,15
1601524800,796656,16
1604203200,801255,17
1606798800,805758,18
1609477200,810405,19
1612155600,815509,20
1614574800,820378,21
1617249600,827750,22
1619841600,834075,23
1622520000,839888,24
1625112000,851215,25
1627790400,856539,26
