1501560000,415778,
1504238400,418701,
1506830400,421489,
1509508800,424900,
1512104400,428309,
1514782800,431794,
1517461200,435841,1
1519880400,439434,2
1522555200,443570,3
1525147200,447548,4
1527825600,451668,5
1530417600,456024,6
1533096000,460559,7
1535774400,464864,8
1538366400,469278,9
1541044800,473555,10
1543640400,478397,11
1546318800,482238,12
1548997200,486957,13
1551416400,491622,14
1554091200,497079,15
1556683200,502114,16
1559361600,507220,17
1561953600,512007,18
1564632000,517055,19
1567310400,521917,20
1569902400,526891,21
1572580800,531755,22
1575176400,536635,23
1577854800,541488,24
1580533200,546486,25
1583038800,551046,26
1585713600,556495,27
1588305600,561936,28
1590984000,567614,29
1593576000,572789,30
1596254400,578145,31
1598932800,583354,32
1601524800,588702,33
1604203200,594483,34
1606798800,601003,35
