1433131200,127607,
1435723200,129029,
1438401600,130965,
1441080000,132999,
1443672000,135185,
1446350400,137432,
1448946000,139809,1
1451624400,142529,2
1454302800,145160,3
1456808400,147870,4
1459483200,151216,5
1462075200,154216,6
1464753600,157237,7
1467345600,159918,8
1470024000,79872,0
1472702400,83023,0
1475294400,86161,0
1477972800,89346,0
1480568400,92300,0
1483246800,95334,1
1485925200,98283,2
1488344400,101748,3
1491019200,105476,4
1493611200,108930,5
1496289600,112641,6
1498881600,97326,0
1501560000,100365,0
1504238400,103260,0
1506830400,105894,0
1509508800,108992,0
1512104400,112050,1
1514782800,115092,2
1517461200,118601,3
1519880400,121625,4
1522555200,124941,5
1525147200,128188,6
1527825600,131462,7
1530417600,135115,8
1533096000,138577,9
1535774400,144849,10
1538366400,148316,11
1541044800,151859,12
1543640400,155700,13
1546318800,158925,14
1548997200,162720,15
1551416400,166454,16
1554091200,170709,17
1556683200,174721,18
1559361600,178841,19
1561953600,182580,20
1564632000,186424,21
1567310400,190250,22
1569902400,194113,23
1572580800,197800,24
1575176400,201423,25
1577854800,205175,26
1580533200,208999,27
1583038800,212559,28
1585713600,216675,29
1588305600,220916,30
1590984000,225129,31
1593576000,228895,32
1596254400,232941,33
1598932800,236832,34
1601524800,240624,35
1604203200,245222,36
1606798800,250542,37
