1446350400,168921,
1448946000,170759,
1451624400,173102,
1454302800,175413,
1456808400,177869,
1459483200,180986,
1462075200,183842,1
1464753600,186678,2
1467345600,189208,3
1470024000,192087,4
1472702400,195034,5
1475294400,197953,6
1477972800,201064,7
1480568400,203917,8
1483246800,206945,9
1485925200,209847,10
1488344400,213181,11
1491019200,216814,12
1493611200,220366,13
1496289600,224007,14
1498881600,228048,15
1501560000,232032,16
1504238400,235844,17
1506830400,239342,18
1509508800,243553,19
1512104400,247563,20
1514782800,251619,21
1517461200,256318,22
1519880400,260319,23
1522555200,264890,24
1525147200,269294,25
1527825600,273804,26
1530417600,278488,27
1533096000,283464,28
1535774400,288137,29
1538366400,292778,30
1541044800,297342,31
1543640400,302512,32
1546318800,306617,33
1548997200,311550,34
1551416400,316472,35
1554091200,322117,36
1556683200,327334,37
1559361600,332629,38
1561953600,337523,39
1564632000,342718,40
1567310400,347740,41
1569902400,352856,42
1572580800,357845,43
1575176400,362844,44
1577854800,367817,45
1580533200,372926,46
1583038800,377576,47
1585713600,383135,48
1588305600,388689,49
1590984000,394469,50
1593576000,399763,51
1596254400,405224,52
1598932800,410528,53
1601524800,415960,54
1604203200,421820,55
1606798800,428418,56
