1512104400,475719,
1514782800,478760,
1517461200,482431,
1519880400,485772,
1522555200,489638,
1525147200,493416,
1527825600,497381,1
1530417600,501596,2
1533096000,505965,3
1535774400,510157,4
1538366400,514417,5
1541044800,518596,6
1543640400,523325,7
1546318800,527074,8
1548997200,531689,9
1551416400,536272,10
1554091200,541663,11
1556683200,546619,12
1559361600,551630,13
1561953600,556364,14
1564632000,561329,15
1567310400,566135,16
1569902400,571060,17
1572580800,575902,18
1575176400,580750,19
1577854800,585560,20
1580533200,590516,21
1583038800,595040,22
1585713600,600449,23
1588305600,605857,24
1590984000,611500,25
1593576000,616634,26
1596254400,621952,27
1598932800,627136,28
1601524800,632445,29
1604203200,638200,30
1606798800,644700,31
