1548997200,725409,
1551416400,728968,
1554091200,733516,
1556683200,737653,
1559361600,742042,
1561953600,746245,
1564632000,750642,1
1567310400,755037,2
1569902400,759554,3
1572580800,763973,4
1575176400,768477,5
1577854800,772998,6
1580533200,777590,7
1583038800,781777,8
1585713600,786816,9
1588305600,791814,10
1590984000,796974,11
1593576000,801776,12
1596254400,806681,13
1598932800,811480,14
1601524800,816453,15
1604203200,821027,16
1606798800,825512,17
1609477200,830153,18
1612155600,835242,19
1614574800,840105,20
1617249600,847473,21
1619841600,853786,22
1622520000,859594,23
1625112000,870892,24
1627790400,876202,25
