1559361600,797726,
1561953600,801555,
1564632000,805636,
1567310400,809781,
1569902400,814119,
1572580800,818367,
1575176400,822740,1
1577854800,827128,2
1580533200,831620,3
1583038800,835714,4
1585713600,840636,5
1588305600,845514,6
1590984000,850586,7
1593576000,855308,8
1596254400,860122,9
1598932800,864884,10
1601524800,869764,11
1604203200,874265,12
1606798800,878688,13
1609477200,883296,14
1612155600,888354,15
1614574800,893171,16
1617249600,900494,17
1619841600,906776,18
1622520000,912550,19
1625112000,923765,20
1627790400,929042,21
