1446350400,45102,
1448946000,46370,
1451624400,46479,
1454302800,47975,
1456808400,49907,
1459483200,50598,
1462075200,51300,1
1464753600,52699,2
1467345600,54565,3
1470024000,49991,0
1472702400,49755,0
1475294400,51289,0
1477972800,53040,0
1480568400,54712,0
1483246800,56355,0
1485925200,57895,1
1488344400,59671,2
1491019200,61795,3
1493611200,63685,4
1496289600,65718,5
1498881600,67537,6
1501560000,69626,7
1504238400,71609,8
1506830400,73473,9
1509508800,75638,10
1512104400,77724,11
1514782800,79673,12
1517461200,82142,13
1519880400,84331,14
1522555200,86725,15
1525147200,88681,16
1527825600,91257,17
1530417600,93753,18
1533096000,96101,19
1535774400,57341,0
1538366400,58685,0
1541044800,59938,0
1543640400,61462,0
1546318800,62770,0
1548997200,64227,1
1551416400,65587,2
1554091200,67145,3
1556683200,68685,4
1559361600,70306,5
1561953600,71680,6
1564632000,73079,7
1567310400,74427,8
1569902400,75934,9
1572580800,77352,10
1575176400,78810,11
1577854800,80360,12
1580533200,81790,13
1583038800,83249,14
1585713600,84889,15
1588305600,86498,16
1590984000,88212,17
1593576000,89549,18
1596254400,90994,19
1598932800,92419,20
1601524800,93820,21
1604203200,95717,22
1606798800,98081,23
