1464753600,30201,
1467345600,22589,
1470024000,30739,
1472702400,63048,
1475294400,65126,
1477972800,56993,
1480568400,58821,0
1483246800,60517,0
1485925200,62247,0
1488344400,59381,0
1491019200,61496,0
1493611200,63377,0
1496289600,65299,0
1498881600,67328,0
1501560000,69408,1
1504238400,71361,2
1506830400,73202,3
1509508800,75381,4
1512104400,77453,5
1514782800,79434,6
1517461200,81861,7
1519880400,84028,8
1522555200,86346,9
1525147200,88638,10
1527825600,90949,11
1530417600,93378,12
1533096000,95634,13
1535774400,95889,14
1538366400,98151,15
1541044800,100344,16
1543640400,103008,17
1546318800,105154,18
1548997200,107624,19
1551416400,109958,20
1554091200,112693,21
1556683200,115230,22
1559361600,117955,23
1561953600,120246,24
1564632000,122688,25
1567310400,125159,26
1569902400,127727,27
1572580800,130232,28
1575176400,132636,29
1577854800,135154,30
1580533200,137638,31
1583038800,139884,32
1585713600,142481,33
1588305600,145188,34
1590984000,147898,35
1593576000,150366,36
1596254400,152912,37
1598932800,155446,38
1601524800,157955,39
1604203200,161182,40
1606798800,165100,41
