1443672000,161710,
1446350400,38926,
1448946000,40720,
1451624400,42580,
1454302800,44486,
1456808400,46509,
1459483200,48906,1
1462075200,51016,2
1464753600,53026,3
1467345600,54895,4
1470024000,58976,5
1472702400,56576,0
1475294400,58392,0
1477972800,62545,0
1480568400,64820,0
1483246800,66704,0
1485925200,68654,1
1488344400,70882,2
1491019200,73322,3
1493611200,75595,4
1496289600,77979,5
1498881600,80407,6
1501560000,82905,7
1504238400,85258,8
1506830400,87373,9
1509508800,89856,10
1512104400,92300,11
1514782800,94707,12
1517461200,97721,13
1519880400,100196,14
1522555200,102910,15
1525147200,105671,16
1527825600,108351,17
1530417600,111184,18
1533096000,113947,19
1535774400,116370,20
1538366400,119172,21
1541044800,121958,22
1543640400,125133,23
1546318800,127597,24
1548997200,130651,25
1551416400,133559,26
1554091200,136925,27
1556683200,140020,28
1559361600,143268,29
1561953600,146250,30
1564632000,149295,31
1567310400,152294,32
1569902400,155436,33
1572580800,158430,34
1575176400,161283,35
1577854800,164286,36
1580533200,167298,37
1583038800,170014,38
1585713600,173250,39
1588305600,176618,40
1590984000,179960,41
1593576000,182837,42
1596254400,185856,43
1598932800,188942,44
1601524800,191918,45
1604203200,195565,46
1606798800,200043,47
