1417410000,29523,
1420088400,31073,
1422766800,92745,
1425186000,94137,
1427860800,95657,
1430452800,97239,
1433131200,99070,0
1435723200,100905,1
1438401600,103159,2
1441080000,105478,3
1443672000,107913,4
1446350400,110368,5
1448946000,112993,6
1451624400,115893,7
1454302800,118692,8
1456808400,121527,9
1459483200,124987,10
1462075200,128141,11
1464753600,131289,12
1467345600,134062,13
1470024000,137170,14
1472702400,140385,15
1475294400,143517,16
1477972800,146805,17
1480568400,149812,18
1483246800,152995,19
1485925200,156038,20
1488344400,159520,21
1491019200,163310,22
1493611200,166994,23
1496289600,170758,24
1498881600,174921,25
1501560000,179014,26
1504238400,182945,27
1506830400,186527,28
1509508800,190882,29
1512104400,194976,30
1514782800,199117,31
1517461200,203907,32
1519880400,207971,33
1522555200,212611,34
1525147200,217064,35
1527825600,221631,36
1530417600,226394,37
1533096000,231435,38
1535774400,236172,39
1538366400,240859,40
1541044800,245477,41
1543640400,250705,42
1546318800,254845,43
1548997200,259813,44
1551416400,264757,45
1554091200,270448,46
1556683200,275691,47
1559361600,281011,48
1561953600,285928,49
1564632000,291148,50
1567310400,296210,51
1569902400,301349,52
1572580800,306359,53
1575176400,311388,54
1577854800,316380,55
1580533200,321514,56
1583038800,326174,57
1585713600,331752,58
1588305600,337319,59
1590984000,343114,60
1593576000,348418,61
1596254400,353895,62
1598932800,359222,63
1601524800,364678,64
1604203200,370558,65
1606798800,377174,66
