1443672000,158343,
1446350400,160234,
1448946000,162313,
1451624400,164788,
1454302800,167221,
1456808400,169766,
1459483200,172948,1
1462075200,175854,2
1464753600,178743,3
1467345600,181321,4
1470024000,184228,5
1472702400,187212,6
1475294400,190178,7
1477972800,193320,8
1480568400,196201,9
1483246800,199256,10
1485925200,202168,11
1488344400,205522,12
1491019200,209183,13
1493611200,212747,14
1496289600,216405,15
1498881600,220460,16
1501560000,224464,17
1504238400,228290,18
1506830400,231795,19
1509508800,236028,20
1512104400,240047,21
1514782800,244116,22
1517461200,248831,23
1519880400,252846,24
1522555200,257429,25
1525147200,261840,26
1527825600,266360,27
1530417600,271056,28
1533096000,276041,29
1535774400,280723,30
1538366400,285366,31
1541044800,289937,32
1543640400,295116,33
1546318800,299227,34
1548997200,304166,35
1551416400,309088,36
1554091200,314740,37
1556683200,319960,38
1559361600,325261,39
1561953600,330160,40
1564632000,335361,41
1567310400,340388,42
1569902400,345511,43
1572580800,350502,44
1575176400,355504,45
1577854800,360480,46
1580533200,365591,47
1583038800,370244,48
1585713600,375808,49
1588305600,381362,50
1590984000,387146,51
1593576000,392445,52
1596254400,397909,53
1598932800,403215,54
1601524800,408653,55
1604203200,414515,56
1606798800,421118,57
