1514782800,495739,
1517461200,498975,
1519880400,502181,
1522555200,505904,
1525147200,509543,
1527825600,513372,
1530417600,517474,1
1533096000,521717,2
1535774400,525815,3
1538366400,529984,4
1541044800,534024,5
1543640400,538709,6
1546318800,542404,7
1548997200,546935,8
1551416400,551429,9
1554091200,556739,10
1556683200,561458,11
1559361600,566366,12
1561953600,571010,13
1564632000,575861,14
1567310400,580636,15
1569902400,585464,16
1572580800,590243,17
1575176400,595010,18
1577854800,599778,19
1580533200,604627,20
1583038800,609013,21
1585713600,614270,22
1588305600,619480,23
1590984000,624860,24
1593576000,629839,25
1596254400,634902,26
1598932800,639834,27
1601524800,644928,28
1604203200,649648,29
1606798800,654274,30
1609477200,659056,31
1612155600,664256,32
1614574800,669197,33
1617249600,676671,34
1619841600,683084,35
1622520000,688981,36
1625112000,700510,37
1627790400,705914,38
