1493611200,377423,
1496289600,379978,
1498881600,383188,
1501560000,386397,
1504238400,389668,
1506830400,392669,
1509508800,396311,1
1512104400,399879,2
1514782800,403485,3
1517461200,407677,4
1519880400,411382,5
1522555200,415638,6
1525147200,419698,7
1527825600,423892,8
1530417600,428335,9
1533096000,432928,10
1535774400,437303,11
1538366400,441755,12
1541044800,446085,13
1543640400,450995,14
1546318800,454884,15
1548997200,459659,16
1551416400,464363,17
1554091200,469859,18
1556683200,474938,19
1559361600,480081,20
1561953600,484893,21
1564632000,489962,22
1567310400,494846,23
1569902400,499861,24
1572580800,504755,25
1575176400,509663,26
1577854800,514547,27
1580533200,519559,28
1583038800,524143,29
1585713600,529611,30
1588305600,535071,31
1590984000,540759,32
1593576000,545962,33
1596254400,551340,34
1598932800,556567,35
1601524800,561923,36
1604203200,567722,37
1606798800,574253,38
