1443672000,157721,
1446350400,159626,
1448946000,161710,
1451624400,164192,
1454302800,166630,
1456808400,169177,
1459483200,172366,1
1462075200,175275,2
1464753600,178167,3
1467345600,180749,4
1470024000,183659,5
1472702400,186645,6
1475294400,189612,7
1477972800,192761,8
1480568400,195642,9
1483246800,198697,10
1485925200,201609,11
1488344400,204964,12
1491019200,208626,13
1493611200,212193,14
1496289600,215854,15
1498881600,219909,16
1501560000,223911,17
1504238400,227737,18
1506830400,231242,19
1509508800,235476,20
1512104400,239495,21
1514782800,243566,22
1517461200,248281,23
1519880400,252297,24
1522555200,256881,25
1525147200,261292,26
1527825600,265812,27
1530417600,270510,28
1533096000,275496,29
1535774400,280179,30
1538366400,284823,31
1541044800,289394,32
1543640400,294572,33
1546318800,298684,34
1548997200,303623,35
1551416400,308545,36
1554091200,314197,37
1556683200,319418,38
1559361600,324719,39
1561953600,329618,40
1564632000,334819,41
1567310400,339846,42
1569902400,344970,43
1572580800,349961,44
1575176400,354963,45
1577854800,359940,46
1580533200,365051,47
1583038800,369704,48
1585713600,375269,49
1588305600,380823,50
1590984000,386608,51
1593576000,391906,52
1596254400,397370,53
1598932800,402676,54
1601524800,408114,55
1604203200,413976,56
1606798800,420579,57
