1475294400,287562,
1477972800,289800,
1480568400,292033,
1483246800,294560,
1485925200,297136,
1488344400,300135,
1491019200,303425,1
1493611200,306666,2
1496289600,309961,3
1498881600,313723,4
1501560000,317405,5
1504238400,320996,6
1506830400,324266,7
1509508800,328250,8
1512104400,332070,9
1514782800,335934,10
1517461200,340427,11
1519880400,344306,12
1522555200,348750,13
1525147200,352998,14
1527825600,357361,15
1530417600,361931,16
1533096000,366713,17
1535774400,371255,18
1538366400,375807,19
1541044800,380250,20
1543640400,385300,21
1546318800,389330,22
1548997200,394189,23
1551416400,398995,24
1554091200,404573,25
1556683200,409735,26
1559361600,414970,27
1561953600,419822,28
1564632000,424961,29
1567310400,429921,30
1569902400,434991,31
1572580800,439934,32
1575176400,444896,33
1577854800,449820,34
1580533200,454886,35
1583038800,459503,36
1585713600,465024,37
1588305600,470535,38
1590984000,476264,39
1593576000,481505,40
1596254400,486922,41
1598932800,492179,42
1601524800,497576,43
1604203200,503415,44
1606798800,509984,45
