1420088400,97062,
1422766800,98317,
1425186000,99607,
1427860800,101047,
1430452800,102594,
1433131200,104382,
1435723200,106168,1
1438401600,108373,2
1441080000,110658,3
1443672000,113060,4
1446350400,115486,5
1448946000,118049,6
1451624400,120928,7
1454302800,123708,8
1456808400,126515,9
1459483200,129959,10
1462075200,133082,11
1464753600,136212,12
1467345600,138974,13
1470024000,142063,14
1472702400,145259,15
1475294400,148379,16
1477972800,151657,17
1480568400,154650,18
1483246800,157825,19
1485925200,160852,20
1488344400,164319,21
1491019200,168100,22
1493611200,171770,23
1496289600,175527,24
1498881600,179679,25
1501560000,183757,26
1504238400,187679,27
1506830400,191253,28
1509508800,195602,29
1512104400,199684,30
1514782800,203822,31
1517461200,208605,32
1519880400,212663,33
1522555200,217296,34
1525147200,221749,35
1527825600,226313,36
1530417600,231070,37
1533096000,236107,38
1535774400,240839,39
1538366400,245523,40
1541044800,250138,41
1543640400,255357,42
1546318800,259495,43
1548997200,264462,44
1551416400,269407,45
1554091200,275095,46
1556683200,280341,47
1559361600,285662,48
1561953600,290574,49
1564632000,295792,50
1567310400,300852,51
1569902400,305987,52
1572580800,310994,53
1575176400,316022,54
1577854800,321012,55
1580533200,326146,56
1583038800,330806,57
1585713600,336383,58
1588305600,341949,59
1590984000,347744,60
1593576000,353050,61
1596254400,358527,62
1598932800,363849,63
1601524800,369301,64
1604203200,375180,65
1606798800,381796,66
