1512104400,86267,
1514782800,94179,
1517461200,97380,
1519880400,100121,
1522555200,103636,
1525147200,106390,
1527825600,109130,1
1530417600,111972,2
1533096000,114799,3
1535774400,103623,0
1538366400,106040,0
1541044800,108475,0
1543640400,111341,0
1546318800,113671,0
1548997200,116376,1
1551416400,118924,2
1554091200,121852,3
1556683200,124583,4
1559361600,127584,5
1561953600,130123,6
1564632000,132812,7
1567310400,135469,8
1569902400,138253,9
1572580800,140849,10
1575176400,143426,11
1577854800,146135,12
1580533200,148799,13
1583038800,151170,14
1585713600,154022,15
1588305600,156999,16
1590984000,159977,17
1593576000,162542,18
1596254400,165209,19
1598932800,167956,20
1601524800,170728,21
1604203200,174080,22
1606798800,178216,23
