1498881600,404221,
1501560000,407113,
1504238400,410173,
1506830400,413040,
1509508800,416512,
1512104400,419984,
1514782800,423517,1
1517461200,427612,2
1519880400,431249,3
1522555200,435409,4
1525147200,439411,5
1527825600,443559,6
1530417600,447934,7
1533096000,452489,8
1535774400,456822,9
1538366400,461251,10
1541044800,465546,11
1543640400,470410,12
1546318800,474264,13
1548997200,478992,14
1551416400,483667,15
1554091200,489137,16
1556683200,494184,17
1559361600,499303,18
1561953600,504095,19
1564632000,509153,20
1567310400,514022,21
1569902400,519019,22
1572580800,523892,23
1575176400,528778,24
1577854800,533638,25
1580533200,538636,26
1583038800,543200,27
1585713600,548655,28
1588305600,554101,29
1590984000,559786,30
1593576000,564966,31
1596254400,570328,32
1598932800,575536,33
1601524800,580889,34
1604203200,586675,35
1606798800,593200,36
