1477972800,294177,
1480568400,296329,
1483246800,298803,
1485925200,301349,
1488344400,304314,
1491019200,307576,
1493611200,310799,1
1496289600,314073,2
1498881600,317819,3
1501560000,321472,4
1504238400,325064,5
1506830400,328319,6
1509508800,332294,7
1512104400,336111,8
1514782800,339964,9
1517461200,344449,10
1519880400,348320,11
1522555200,352753,12
1525147200,356992,13
1527825600,361343,14
1530417600,365909,15
1533096000,370682,16
1535774400,375217,17
1538366400,379762,18
1541044800,384197,19
1543640400,389237,20
1546318800,393267,21
1548997200,398119,22
1551416400,402920,23
1554091200,408496,24
1556683200,413656,25
1559361600,418888,26
1561953600,423733,27
1564632000,428874,28
1567310400,433827,29
1569902400,438897,30
1572580800,443837,31
1575176400,448795,32
1577854800,453721,33
1580533200,458785,34
1583038800,463401,35
1585713600,468916,36
1588305600,474423,37
1590984000,480150,38
1593576000,485388,39
1596254400,490804,40
1598932800,496056,41
1601524800,501453,42
1604203200,507291,43
1606798800,513856,44
