1543640400,681842,
1546318800,685176,
1548997200,689200,
1551416400,693225,
1554091200,698068,
1556683200,702624,
1559361600,707271,1
1561953600,711686,2
1564632000,716271,3
1567310400,720768,4
1569902400,725446,5
1572580800,730013,6
1575176400,734652,7
1577854800,739267,8
1580533200,744027,9
1583038800,748375,10
1585713600,753619,11
1588305600,758845,12
1590984000,764321,13
1593576000,769302,14
1596254400,774492,15
1598932800,779553,16
1601524800,784744,17
1604203200,790399,18
1606798800,796772,19
