1464753600,49579,
1467345600,51255,
1470024000,53074,
1472702400,54885,
1475294400,56636,
1477972800,58528,
1480568400,60348,1
1483246800,62058,2
1485925200,63868,3
1488344400,65833,4
1491019200,68107,5
1493611200,70103,6
1496289600,72185,7
1498881600,74398,8
1501560000,76641,9
1504238400,78789,10
1506830400,80693,11
1509508800,83048,12
1512104400,85261,13
1514782800,87430,14
1517461200,90156,15
1519880400,92412,16
1522555200,94860,17
1525147200,97454,18
1527825600,99913,19
1530417600,102551,20
1533096000,105011,21
1535774400,112501,0
1538366400,115131,1
1541044800,117800,2
1543640400,120855,3
1546318800,123247,4
1548997200,126108,5
1551416400,128863,6
1554091200,132056,7
1556683200,135056,8
1559361600,138192,9
1561953600,140968,10
1564632000,143853,11
1567310400,146708,12
1569902400,149782,13
1572580800,152600,14
1575176400,155327,15
1577854800,158181,16
1580533200,161085,17
1583038800,163693,18
1585713600,166758,19
1588305600,170008,20
1590984000,173192,21
1593576000,175945,22
1596254400,178760,23
1598932800,181756,24
1601524800,184686,25
1604203200,188458,26
1606798800,192721,27
