1472702400,47457,
1475294400,48888,
1477972800,50568,
1480568400,52063,
1483246800,53567,
1485925200,43297,
1488344400,44714,0
1491019200,46276,0
1493611200,47673,0
1496289600,49104,0
1498881600,50656,1
1501560000,52160,2
1504238400,53670,3
1506830400,50779,0
1509508800,52262,0
1512104400,58545,0
1514782800,60170,0
1517461200,61926,0
1519880400,63499,0
1522555200,65273,0
1525147200,67033,1
1527825600,68838,2
1530417600,70533,3
1533096000,72296,4
1535774400,82644,0
1538366400,84572,0
1541044800,86487,0
1543640400,88759,0
1546318800,90539,0
1548997200,92642,1
1551416400,94710,2
1554091200,97023,3
1556683200,99166,4
1559361600,101523,5
1561953600,103533,6
1564632000,105619,7
1567310400,107701,8
1569902400,109984,9
1572580800,100571,0
1575176400,102437,0
1577854800,104462,0
1580533200,106352,0
1583038800,108126,0
1585713600,110039,1
1588305600,112078,2
1590984000,114294,3
1593576000,116131,4
1596254400,117989,5
1598932800,119949,6
1601524800,121872,7
1604203200,124506,8
1606798800,127914,9
