1561953600,823130,
1564632000,826961,
1567310400,830957,
1569902400,835192,
1572580800,839354,
1575176400,843663,
1577854800,847966,1
1580533200,852412,2
1583038800,856468,3
1585713600,861335,4
1588305600,866165,5
1590984000,871208,6
1593576000,875899,7
1596254400,880689,8
1598932800,885418,9
1601524800,890263,10
1604203200,894746,11
1606798800,899151,12
1609477200,903740,13
1612155600,908769,14
1614574800,913571,15
1617249600,920883,16
1619841600,927150,17
1622520000,932914,18
1625112000,944091,19
1627790400,949358,20
