1301630400,680,
1304222400,764,
1306900800,849,
1309492800,931,
1312171200,1040,
1314849600,1178,
1317441600,1351,1
1320120000,1506,2
1322715600,1678,3
1325394000,1830,4
1328072400,2015,5
1330578000,2224,6
1333252800,2432,7
1335844800,2657,8
1338523200,2906,9
1341115200,3169,10
1343793600,3425,11
1346472000,3789,12
1349064000,4128,13
1351742400,4505,14
1354338000,4929,15
1357016400,5333,16
1359694800,5879,17
1362114000,6386,18
1364788800,7144,19
1367380800,7853,20
1370059200,8502,21
1372651200,9309,22
1375329600,10096,23
1378008000,10805,24
1380600000,11740,25
1383278400,12567,26
1385874000,13535,27
1388552400,14569,28
1391230800,15743,29
1393650000,16822,30
1396324800,18195,31
1398916800,19481,32
1401595200,20934,33
1404187200,22368,34
1406865600,23768,35
1409544000,25456,36
1412136000,27023,37
1414814400,28703,38
1417410000,30376,39
1420088400,31926,40
1422766800,33805,41
1425186000,35584,42
1427860800,37465,43
1430452800,25357,0
1433131200,26549,0
1435723200,27771,0
1438401600,29221,0
1441080000,30630,0
1443672000,32000,1
1446350400,33418,2
1448946000,34964,3
1451624400,36603,4
1454302800,38127,5
1456808400,39639,6
1459483200,29026,0
1462075200,27011,0
1464753600,28055,0
1467345600,28961,0
1470024000,18870,0
1472702400,19546,0
1475294400,21861,0
1477972800,22605,0
1480568400,22461,0
1483246800,23167,0
1485925200,23844,0
1488344400,24731,0
1491019200,25628,0
1493611200,26496,1
1496289600,27992,2
1498881600,28964,3
1501560000,29808,4
1504238400,30927,5
1506830400,31609,6
1509508800,24442,0
1512104400,24287,0
1514782800,24948,0
1517461200,25621,0
1519880400,26312,0
1522555200,27002,0
1525147200,22454,0
1527825600,30457,0
1530417600,31262,0
1533096000,31966,0
1535774400,33568,0
1538366400,34405,0
1541044800,35184,1
1543640400,35982,2
1546318800,36757,3
1548997200,37582,4
1551416400,38427,5
1554091200,37054,0
1556683200,28680,0
1559361600,29335,0
1561953600,29941,0
1564632000,30560,0
1567310400,31126,0
1569902400,31779,1
1572580800,32319,2
1575176400,38061,0
1577854800,38758,0
1580533200,39429,0
1583038800,40061,0
1585713600,34016,0
1588305600,34635,0
1590984000,27133,0
1593576000,27566,0
1596254400,27969,0
1598932800,26875,0
1601524800,26849,0
1604203200,27228,0
1606798800,27561,0
