1422766800,98857,
1425186000,100139,
1427860800,101567,
1430452800,103104,
1433131200,104886,
1435723200,106671,
1438401600,108875,1
1441080000,111158,2
1443672000,113556,3
1446350400,115981,4
1448946000,118539,5
1451624400,121413,6
1454302800,124187,7
1456808400,126992,8
1459483200,130435,9
1462075200,133555,10
1464753600,136684,11
1467345600,139444,12
1470024000,142532,13
1472702400,145726,14
1475294400,148844,15
1477972800,152121,16
1480568400,155113,17
1483246800,158287,18
1485925200,161310,19
1488344400,164777,20
1491019200,168557,21
1493611200,172227,22
1496289600,175983,23
1498881600,180132,24
1501560000,184210,25
1504238400,188131,26
1506830400,191704,27
1509508800,196055,28
1512104400,200137,29
1514782800,204275,30
1517461200,209058,31
1519880400,213115,32
1522555200,217748,33
1525147200,222201,34
1527825600,226765,35
1530417600,231518,36
1533096000,236554,37
1535774400,241285,38
1538366400,99620,0
1541044800,101854,0
1543640400,104516,0
1546318800,106689,0
1548997200,40743,0
1551416400,39989,0
1554091200,40951,0
1556683200,42034,0
1559361600,42997,0
1561953600,43852,0
1564632000,44859,1
1567310400,45679,2
1569902400,46610,3
1572580800,47641,4
1575176400,48535,5
1577854800,49280,6
1580533200,50092,7
1583038800,50979,8
1585713600,51894,9
1588305600,52854,10
1590984000,53973,11
1593576000,54816,12
1596254400,55675,13
1598932800,56543,14
1601524800,57436,15
1604203200,58852,16
1606798800,60838,17
