1501560000,420512,
1504238400,423337,
1506830400,426084,
1509508800,429440,
1512104400,432822,
1514782800,436280,
1517461200,440306,1
1519880400,443889,2
1522555200,448006,3
1525147200,451962,4
1527825600,456067,5
1530417600,460415,6
1533096000,464930,7
1535774400,469226,8
1538366400,473635,9
1541044800,477908,10
1543640400,482736,11
1546318800,486569,12
1548997200,491277,13
1551416400,495928,14
1554091200,501376,15
1556683200,506406,16
1559361600,511503,17
1561953600,516291,18
1564632000,521333,19
1567310400,526189,20
1569902400,531167,21
1572580800,536026,22
1575176400,540899,23
1577854800,545746,24
1580533200,550736,25
1583038800,555294,26
1585713600,560740,27
1588305600,566176,28
1590984000,571850,29
1593576000,577021,30
1596254400,582377,31
1598932800,587582,32
1601524800,592925,33
1604203200,598706,34
1606798800,605225,35
