1517461200,514598,
1519880400,517588,
1522555200,521193,
1525147200,524772,
1527825600,528544,
1530417600,532627,
1533096000,536861,1
1535774400,540951,2
1538366400,545092,3
1541044800,549153,4
1543640400,553847,5
1546318800,557530,6
1548997200,562067,7
1551416400,566589,8
1554091200,571913,9
1556683200,576823,10
1559361600,581789,11
1561953600,586481,12
1564632000,591381,13
1567310400,596144,14
1569902400,601040,15
1572580800,605842,16
1575176400,610654,17
1577854800,615439,18
1580533200,620365,19
1583038800,624863,20
1585713600,630248,21
1588305600,635634,22
1590984000,641256,23
1593576000,646370,24
1596254400,651658,25
1598932800,656815,26
1601524800,662099,27
1604203200,667837,28
1606798800,674316,29
