1433131200,21846,
1435723200,22703,
1438401600,23921,
1441080000,24507,
1443672000,24666,
1446350400,25744,
1448946000,26984,1
1451624400,27891,2
1454302800,28917,3
1456808400,29588,4
1459483200,28986,0
1462075200,32833,0
1464753600,34012,0
1467345600,35154,0
1470024000,46156,0
1472702400,48187,0
1475294400,51354,0
1477972800,53059,0
1480568400,53915,0
1483246800,56114,1
1485925200,57593,2
1488344400,59389,3
1491019200,61116,4
1493611200,68438,0
1496289600,70226,0
1498881600,72103,0
1501560000,73970,0
1504238400,76149,0
1506830400,82120,0
1509508800,81515,0
1512104400,82635,0
1514782800,84713,0
1517461200,87354,0
1519880400,89574,0
1522555200,91585,1
1525147200,93760,2
1527825600,95903,3
1530417600,97788,4
1533096000,100045,5
1535774400,51104,0
1538366400,52328,0
1541044800,53491,0
1543640400,54753,0
1546318800,55949,0
1548997200,57262,1
1551416400,58303,2
1554091200,59730,3
1556683200,60978,4
1559361600,62401,5
1561953600,63558,6
1564632000,62688,0
1567310400,63840,0
1569902400,65095,0
1572580800,66292,0
1575176400,67533,0
1577854800,68797,1
1580533200,70018,2
1583038800,71201,3
1585713600,72621,4
1588305600,74002,5
1590984000,75446,6
1593576000,76639,7
1596254400,77898,8
1598932800,79094,9
1601524800,80345,10
1604203200,82031,11
1606798800,84112,12
