1561953600,823741,
1564632000,827547,
1567310400,831540,
1569902400,835774,
1572580800,839937,
1575176400,844246,
1577854800,848548,1
1580533200,852991,2
1583038800,857046,3
1585713600,861910,4
1588305600,866739,5
1590984000,871781,6
1593576000,876472,7
1596254400,881260,8
1598932800,885985,9
1601524800,890831,10
1604203200,895314,11
1606798800,899719,12
1609477200,904307,13
1612155600,909333,14
1614574800,914136,15
1617249600,921447,16
1619841600,927714,17
1622520000,933475,18
1625112000,944652,19
