1483246800,321117,
1485925200,323319,
1488344400,326049,
1491019200,329127,
1493611200,332196,
1496289600,335371,
1498881600,338996,1
1501560000,342554,2
1504238400,346060,3
1506830400,349251,4
1509508800,353130,5
1512104400,356875,6
1514782800,360657,7
1517461200,365041,8
1519880400,368854,9
1522555200,373232,10
1525147200,377406,11
1527825600,381723,12
1530417600,386261,13
1533096000,390986,14
1535774400,395482,15
1538366400,399992,16
1541044800,404407,17
1543640400,409409,18
1546318800,413403,19
1548997200,418233,20
1551416400,423004,21
1554091200,428555,22
1556683200,433696,23
1559361600,438889,24
1561953600,443722,25
1564632000,448839,26
1567310400,453773,27
1569902400,458826,28
1572580800,463756,29
1575176400,468703,30
1577854800,473619,31
1580533200,478663,32
1583038800,483268,33
1585713600,488771,34
1588305600,494261,35
1590984000,499980,36
1593576000,505211,37
1596254400,510619,38
1598932800,515859,39
1601524800,521242,40
1604203200,527069,41
1606798800,533620,42
