1498881600,400932,
1501560000,403888,
1504238400,406997,
1506830400,409907,
1509508800,413404,
1512104400,416898,
1514782800,420442,1
1517461200,424552,2
1519880400,428197,3
1522555200,432369,4
1525147200,436385,5
1527825600,440540,6
1530417600,444927,7
1533096000,449490,8
1535774400,453828,9
1538366400,458259,10
1541044800,462564,11
1543640400,467432,12
1546318800,471292,13
1548997200,476028,14
1551416400,480707,15
1554091200,486181,16
1556683200,491231,17
1559361600,496352,18
1561953600,501152,19
1564632000,506213,20
1567310400,511085,21
1569902400,516084,22
1572580800,520963,23
1575176400,525855,24
1577854800,530717,25
1580533200,535716,26
1583038800,540282,27
1585713600,545739,28
1588305600,551186,29
1590984000,556868,30
1593576000,562051,31
1596254400,567415,32
1598932800,572625,33
1601524800,577979,34
1604203200,583765,35
1606798800,590292,36
