1483246800,95021,
1485925200,97974,
1488344400,101528,
1491019200,105233,
1493611200,108661,
1496289600,112407,
1498881600,116204,1
1501560000,120017,2
1504238400,123786,3
1506830400,127216,4
1509508800,131338,5
1512104400,135299,6
1514782800,139361,7
1517461200,143820,8
1519880400,147764,9
1522555200,152101,10
1525147200,156285,11
1527825600,160540,12
1530417600,165096,13
1533096000,169528,14
1535774400,174591,15
1538366400,178945,16
1541044800,183319,17
1543640400,188218,18
1546318800,192251,19
1548997200,196879,20
1551416400,201537,21
1554091200,206905,22
1556683200,211995,23
1559361600,217060,24
1561953600,221700,25
1564632000,226615,26
1567310400,231400,27
1569902400,236411,28
1572580800,241065,29
1575176400,245742,30
1577854800,250411,31
1580533200,255249,32
1583038800,259665,33
1585713600,264877,34
1588305600,270150,35
1590984000,275635,36
1593576000,280478,37
1596254400,285603,38
1598932800,290471,39
1601524800,295342,40
1604203200,300802,41
1606798800,307065,42
