1451624400,23598,
1454302800,16418,
1456808400,17057,
1459483200,17248,
1462075200,16688,
1464753600,14384,
1467345600,14761,0
1470024000,15260,0
1472702400,15745,0
1475294400,16222,0
1477972800,16731,1
1480568400,17208,2
1483246800,17687,3
1485925200,23097,0
1488344400,23612,0
1491019200,24411,0
1493611200,25095,0
1496289600,25363,0
1498881600,23044,0
1501560000,27468,0
1504238400,30528,0
1506830400,31121,0
1509508800,35594,0
1512104400,36574,1
1514782800,37598,2
1517461200,38711,0
1519880400,39802,0
1522555200,40934,1
1525147200,42056,2
1527825600,43103,3
1530417600,44184,4
1533096000,45123,5
1535774400,47339,6
1538366400,48408,7
1541044800,49505,8
1543640400,50689,9
1546318800,51784,10
1548997200,52988,11
1551416400,54159,12
1554091200,55500,13
1556683200,56815,14
1559361600,58131,15
1561953600,59252,16
1564632000,60520,17
1567310400,61674,18
1569902400,62943,19
1572580800,64060,20
1575176400,65265,21
1577854800,66555,22
1580533200,67724,23
1583038800,68853,24
1585713600,70164,25
1588305600,71510,26
1590984000,72918,27
1593576000,74052,28
1596254400,75257,29
1598932800,76484,30
1601524800,77680,31
1604203200,79321,32
1606798800,81445,33
