1533096000,607690,
1535774400,611252,
1538366400,615030,
1541044800,618885,
1543640400,623306,
1546318800,626795,
1548997200,631117,1
1551416400,635413,2
1554091200,640567,3
1556683200,645303,4
1559361600,650133,5
1561953600,654716,6
1564632000,659480,7
1567310400,664118,8
1569902400,668889,9
1572580800,673571,10
1575176400,678265,11
1577854800,682964,12
1580533200,687809,13
1583038800,692241,14
1585713600,697554,15
1588305600,702862,16
1590984000,708430,17
1593576000,713488,18
1596254400,718735,19
1598932800,723845,20
1601524800,729081,21
1604203200,734774,22
1606798800,741193,23
