1383278400,6873,
1385874000,7337,
1388552400,4302,
1391230800,3862,
1393650000,4011,
1396324800,4300,
1398916800,4458,0
1401595200,4026,0
1404187200,2566,0
1406865600,2582,0
1409544000,2363,0
1412136000,2402,0
1414814400,2295,0
1417410000,2309,0
1420088400,450,0
1422766800,441,0
1425186000,421,0
1427860800,423,0
1430452800,518,0
1433131200,511,0
1435723200,506,0
1438401600,520,0
1441080000,574,0
1443672000,466,0
1446350400,479,0
1448946000,502,0
1451624400,514,0
1454302800,553,0
1456808400,567,1
1459483200,580,2
1462075200,1058,0
1464753600,1098,0
1467345600,1128,0
1470024000,1141,0
1472702400,1164,0
1475294400,1182,1
1477972800,1207,2
1480568400,1235,3
1483246800,1244,4
1485925200,1286,5
1488344400,1300,6
1491019200,1310,7
1493611200,1499,0
1496289600,1324,0
1498881600,1329,0
1501560000,1349,0
1504238400,1365,0
1506830400,1388,0
1509508800,1404,1
1512104400,1422,2
1514782800,1466,3
1517461200,1497,4
1519880400,1513,5
1522555200,1536,6
1525147200,1559,7
1527825600,1579,8
1530417600,1620,9
1533096000,1634,10
1535774400,2994,0
1538366400,3449,0
1541044800,3507,0
1543640400,3504,0
1546318800,3510,0
1548997200,3553,0
1551416400,3600,0
1554091200,3641,0
1556683200,3683,1
1559361600,3699,2
1561953600,3723,3
1564632000,3722,0
1567310400,3745,0
1569902400,3659,0
1572580800,3682,0
1575176400,3684,0
1577854800,3699,0
1580533200,3630,0
1583038800,3650,0
1585713600,3673,0
1588305600,3708,0
1590984000,3784,0
1593576000,3830,0
1596254400,3826,0
1598932800,3937,0
1601524800,3958,0
1604203200,3898,0
1606798800,3923,0
