1551416400,735950,
1554091200,740405,
1556683200,744488,
1559361600,748849,
1561953600,753018,
1564632000,757390,
1567310400,761753,1
1569902400,766247,2
1572580800,770644,3
1575176400,775122,4
1577854800,779635,5
1580533200,784211,6
1583038800,788389,7
1585713600,793411,8
1588305600,798397,9
1590984000,803553,10
1593576000,808346,11
1596254400,813240,12
1598932800,818034,13
1601524800,823000,14
1604203200,827566,15
1606798800,832040,16
1609477200,836677,17
1612155600,841762,18
1614574800,846622,19
1617249600,853985,20
1619841600,860293,21
1622520000,866097,22
1625112000,877385,23
