1420088400,23516,
1422766800,33276,
1425186000,34863,
1427860800,36714,
1430452800,35645,
1433131200,40485,
1435723200,42556,0
1438401600,108427,0
1441080000,110711,0
1443672000,113113,0
1446350400,115539,0
1448946000,118101,0
1451624400,120979,1
1454302800,123759,2
1456808400,126565,3
1459483200,130009,4
1462075200,133131,5
1464753600,136261,6
1467345600,139023,7
1470024000,142112,8
1472702400,145307,9
1475294400,148427,10
1477972800,151705,11
1480568400,154698,12
1483246800,157873,13
1485925200,160900,14
1488344400,164367,15
1491019200,168148,16
1493611200,171818,17
1496289600,175575,18
1498881600,179727,19
1501560000,183805,20
1504238400,187727,21
1506830400,191301,22
1509508800,195650,23
1512104400,199732,24
1514782800,203870,25
1517461200,208653,26
1519880400,212711,27
1522555200,217344,28
1525147200,221797,29
1527825600,226361,30
1530417600,231117,31
1533096000,236154,32
1535774400,240886,33
1538366400,245570,34
1541044800,250185,35
1543640400,255404,36
1546318800,259542,37
1548997200,264509,38
1551416400,269454,39
1554091200,275142,40
1556683200,280388,41
1559361600,285709,42
1561953600,290621,43
1564632000,295839,44
1567310400,300899,45
1569902400,306034,46
1572580800,311041,47
1575176400,316068,48
1577854800,321058,49
1580533200,326192,50
1583038800,330852,51
1585713600,336429,52
1588305600,341995,53
1590984000,347790,54
1593576000,353096,55
1596254400,358573,56
1598932800,363895,57
1601524800,369347,58
1604203200,375226,59
1606798800,381842,60
