1485925200,75742,
1488344400,78269,
1491019200,80933,
1493611200,83386,
1496289600,85980,
1498881600,88635,
1501560000,91344,1
1504238400,93909,2
1506830400,98925,3
1509508800,101754,4
1512104400,104510,5
1514782800,107266,6
1517461200,110506,7
1519880400,113298,8
1522555200,116351,9
1525147200,119388,10
1527825600,122422,11
1530417600,125603,12
1533096000,128748,13
1535774400,135573,14
1538366400,138770,15
1541044800,142019,16
1543640400,145597,17
1546318800,148524,18
1548997200,152040,19
1551416400,155414,20
1554091200,159257,21
1556683200,162897,22
1559361600,166651,23
1561953600,170187,24
1564632000,173638,25
1567310400,177143,26
1569902400,180841,27
1572580800,184296,28
1575176400,187552,29
1577854800,190999,30
1580533200,194499,31
1583038800,197691,32
1585713600,201484,33
1588305600,205444,34
1590984000,209376,35
1593576000,212842,36
1596254400,216526,37
1598932800,220176,38
1601524800,223607,39
1604203200,227821,40
1606798800,232853,41
