1493611200,374786,
1496289600,377429,
1498881600,380676,
1501560000,383916,
1504238400,387203,
1506830400,390217,
1509508800,393871,1
1512104400,397450,2
1514782800,401063,3
1517461200,405272,4
1519880400,408986,5
1522555200,413248,6
1525147200,417310,7
1527825600,421521,8
1530417600,425969,9
1533096000,430569,10
1535774400,434953,11
1538366400,439408,12
1541044800,443739,13
1543640400,448655,14
1546318800,452548,15
1548997200,457326,16
1551416400,462037,17
1554091200,467535,18
1556683200,472615,19
1559361600,477762,20
1561953600,482577,21
1564632000,487647,22
1567310400,492534,23
1569902400,497553,24
1572580800,502449,25
1575176400,507359,26
1577854800,512243,27
1580533200,517257,28
1583038800,521841,29
1585713600,527312,30
1588305600,532773,31
1590984000,538463,32
1593576000,543664,33
1596254400,549044,34
1598932800,554271,35
1601524800,559628,36
1604203200,565431,37
1606798800,571962,38
