1448946000,176555,
1451624400,178691,
1454302800,180942,
1456808400,183315,
1459483200,186377,
1462075200,189187,
1464753600,191984,1
1467345600,194489,2
1470024000,197350,3
1472702400,200265,4
1475294400,203172,5
1477972800,206260,6
1480568400,209090,7
1483246800,212110,8
1485925200,214991,9
1488344400,218310,10
1491019200,221928,11
1493611200,225458,12
1496289600,229087,13
1498881600,233115,14
1501560000,237087,15
1504238400,240893,16
1506830400,244378,17
1509508800,248575,18
1512104400,252573,19
1514782800,256619,20
1517461200,261318,21
1519880400,265312,22
1522555200,269884,23
1525147200,274283,24
1527825600,278784,25
1530417600,283471,26
1533096000,288444,27
1535774400,293112,28
1538366400,297748,29
1541044800,302301,30
1543640400,307468,31
1546318800,311565,32
1548997200,316496,33
1551416400,321411,34
1554091200,327050,35
1556683200,332261,36
1559361600,337555,37
1561953600,342455,38
1564632000,347644,39
1567310400,352663,40
1569902400,357779,41
1572580800,362766,42
1575176400,367765,43
1577854800,372734,44
1580533200,377841,45
1583038800,382491,46
1585713600,388046,47
1588305600,393597,48
1590984000,399372,49
1593576000,404663,50
1596254400,410125,51
1598932800,415424,52
1601524800,420856,53
1604203200,426715,54
1606798800,433313,55
