1491019200,358927,
1493611200,361610,
1496289600,364525,
1498881600,367925,
1501560000,371289,
1504238400,374650,
1506830400,377724,1
1509508800,381458,2
1512104400,385095,3
1514782800,388758,4
1517461200,393046,5
1519880400,396779,6
1522555200,401089,7
1525147200,405193,8
1527825600,409432,9
1530417600,413903,10
1533096000,418531,11
1535774400,422953,12
1538366400,427428,13
1541044800,431768,14
1543640400,436709,15
1546318800,440627,16
1548997200,445422,17
1551416400,450154,18
1554091200,455665,19
1556683200,460765,20
1559361600,465928,21
1561953600,470760,22
1564632000,475850,23
1567310400,480755,24
1569902400,485784,25
1572580800,490689,26
1575176400,495608,27
1577854800,500501,28
1580533200,505528,29
1583038800,510117,30
1585713600,515599,31
1588305600,521073,32
1590984000,526773,33
1593576000,531988,34
1596254400,537381,35
1598932800,542610,36
1601524800,547977,37
1604203200,553785,38
1606798800,560320,39
