1514782800,494834,
1517461200,498211,
1519880400,501462,
1522555200,505224,
1525147200,508909,
1527825600,512784,
1530417600,516931,1
1533096000,521245,2
1535774400,525391,3
1538366400,529603,4
1541044800,533726,5
1543640400,538450,6
1546318800,542155,7
1548997200,546732,8
1551416400,551282,9
1554091200,556640,10
1556683200,561574,11
1559361600,566555,12
1561953600,571279,13
1564632000,576206,14
1567310400,580990,15
1569902400,585902,16
1572580800,590726,17
1575176400,595556,18
1577854800,600354,19
1580533200,605301,20
1583038800,609813,21
1585713600,615209,22
1588305600,620606,23
1590984000,626241,24
1593576000,631362,25
1596254400,636666,26
1598932800,641841,27
1601524800,647138,28
1604203200,652888,29
1606798800,659374,30
