1498881600,399108,
1501560000,402101,
1504238400,405231,
1506830400,408155,
1509508800,411664,
1512104400,415164,
1514782800,418712,1
1517461200,422829,2
1519880400,426477,3
1522555200,430666,4
1525147200,434689,5
1527825600,438848,6
1530417600,443239,7
1533096000,447805,8
1535774400,452147,9
1538366400,456578,10
1541044800,460890,11
1543640400,465763,12
1546318800,469624,13
1548997200,474366,14
1551416400,479049,15
1554091200,484527,16
1556683200,489581,17
1559361600,494708,18
1561953600,499512,19
1564632000,504575,20
1567310400,509447,21
1569902400,514447,22
1572580800,519327,23
1575176400,524222,24
1577854800,529088,25
1580533200,534091,26
1583038800,538659,27
1585713600,544116,28
1588305600,549563,29
1590984000,555245,30
1593576000,560431,31
1596254400,565796,32
1598932800,571005,33
1601524800,576359,34
1604203200,582148,35
1606798800,588676,36
