1506830400,441679,
1509508800,444841,
1512104400,448094,
1514782800,451454,
1517461200,455390,
1519880400,458925,
1522555200,462950,1
1525147200,466827,2
1527825600,470871,3
1530417600,475175,4
1533096000,479632,5
1535774400,483897,6
1538366400,488257,7
1541044800,492482,8
1543640400,497266,9
1546318800,501070,10
1548997200,505733,11
1551416400,510358,12
1554091200,515791,13
1556683200,520796,14
1559361600,525859,15
1561953600,530635,16
1564632000,535655,17
1567310400,540492,18
1569902400,545456,19
1572580800,550323,20
1575176400,555182,21
1577854800,560016,22
1580533200,564992,23
1583038800,569540,24
1585713600,574972,25
1588305600,580405,26
1590984000,586072,27
1593576000,591231,28
1596254400,596577,29
1598932800,601775,30
1601524800,607105,31
1604203200,612873,32
1606798800,619387,33
