1556683200,109169,
1559361600,111751,
1561953600,113911,
1564632000,116236,
1567310400,118454,
1569902400,120957,
1572580800,123255,1
1575176400,125521,2
1577854800,127860,3
1580533200,130189,4
1583038800,132154,5
1585713600,134550,6
1588305600,136992,7
1590984000,139602,8
1593576000,141811,9
1596254400,144192,10
1598932800,146523,11
1601524800,148822,12
1604203200,150906,13
1606798800,152969,14
1609477200,155193,15
1612155600,157657,16
1614574800,159957,17
1617249600,164370,18
1619841600,167798,19
1622520000,170805,20
1625112000,175909,21
1627790400,178651,22
