1533096000,614815,
1535774400,618256,
1538366400,621961,
1541044800,625790,
1543640400,630187,
1546318800,633656,
1548997200,637961,1
1551416400,642231,2
1554091200,647360,3
1556683200,652078,4
1559361600,656891,5
1561953600,661445,6
1564632000,666177,7
1567310400,670803,8
1569902400,675569,9
1572580800,680238,10
1575176400,684926,11
1577854800,689618,12
1580533200,694456,13
1583038800,698877,14
1585713600,704187,15
1588305600,709494,16
1590984000,715056,17
1593576000,720101,18
1596254400,725341,19
1598932800,730449,20
1601524800,735683,21
1604203200,741374,22
1606798800,747789,23
