1522555200,543839,
1525147200,547178,
1527825600,550762,
1530417600,554719,
1533096000,558812,
1535774400,562806,
1538366400,566831,1
1541044800,570829,2
1543640400,575457,3
1546318800,579081,4
1548997200,583560,5
1551416400,588019,6
1554091200,593294,7
1556683200,598163,8
1559361600,603089,9
1561953600,607743,10
1564632000,612594,11
1567310400,617319,12
1569902400,622188,13
1572580800,626960,14
1575176400,631753,15
1577854800,636511,16
1580533200,641420,17
1583038800,645892,18
1585713600,651259,19
1588305600,656638,20
1590984000,662257,21
1593576000,667348,22
1596254400,672625,23
1598932800,677763,24
1601524800,683033,25
1604203200,688764,26
1606798800,695230,27
