1372651200,26058,
1375329600,26637,
1378008000,27201,
1380600000,27972,
1383278400,28662,
1385874000,29506,
1388552400,30418,1
1391230800,31494,2
1393650000,32458,3
1396324800,33687,4
1398916800,34876,5
1401595200,36237,6
1404187200,37599,7
1406865600,38923,8
1409544000,40532,9
1412136000,42053,10
1414814400,43671,11
1417410000,45294,12
1420088400,46793,13
1422766800,48619,14
1425186000,50346,15
1427860800,52191,16
1430452800,54029,17
1433131200,56170,18
1435723200,58213,19
1438401600,60705,20
1441080000,63222,21
1443672000,65882,22
1446350400,68510,23
1448946000,71305,24
1451624400,74358,25
1454302800,77305,26
1456808400,80283,27
1459483200,83836,28
1462075200,87120,29
1464753600,90378,30
1467345600,93248,31
1470024000,96463,32
1472702400,99790,33
1475294400,103023,34
1477972800,106404,35
1480568400,109501,36
1483246800,112748,37
1485925200,115841,38
1488344400,119386,39
1491019200,123253,40
1493611200,126983,41
1496289600,130797,42
1498881600,135011,43
1501560000,139160,44
1504238400,143151,45
1506830400,146763,46
1509508800,151210,47
1512104400,155340,48
1514782800,159517,49
1517461200,164345,50
1519880400,168440,51
1522555200,173091,52
1525147200,177586,53
1527825600,182180,54
1530417600,186967,55
1533096000,192039,56
1535774400,196805,57
1538366400,201507,58
1541044800,206149,59
1543640400,211388,60
1546318800,215546,61
1548997200,220531,62
1551416400,225493,63
1554091200,231200,64
1556683200,236450,65
1559361600,241784,66
1561953600,246716,67
1564632000,251951,68
1567310400,257030,69
1569902400,262179,70
1572580800,267206,71
1575176400,272247,72
1577854800,277257,73
1580533200,282404,74
1583038800,287070,75
1585713600,292642,76
1588305600,298225,77
1590984000,304024,78
1593576000,309340,79
1596254400,314829,80
1598932800,320162,81
1601524800,325628,82
1604203200,331523,83
1606798800,338147,84
