1467345600,253641,
1470024000,65644,
1472702400,68015,
1475294400,70278,
1477972800,76702,
1480568400,79060,
1483246800,81448,1
1485925200,83874,2
1488344400,86637,3
1491019200,89664,4
1493611200,92507,5
1496289600,95437,6
1498881600,98455,7
1501560000,101463,8
1504238400,104379,9
1506830400,107093,10
1509508800,110244,11
1512104400,113282,12
1514782800,116329,13
1517461200,119859,14
1519880400,122909,15
1522555200,126277,16
1525147200,129537,17
1527825600,132855,18
1530417600,136446,19
1533096000,139941,20
1535774400,146180,21
1538366400,149656,22
1541044800,153221,23
1543640400,157087,24
1546318800,160320,25
1548997200,164122,26
1551416400,167863,27
1554091200,172151,28
1556683200,176215,29
1559361600,180381,30
1561953600,184157,31
1564632000,187943,32
1567310400,191756,33
1569902400,195651,34
1572580800,199474,35
1575176400,203119,36
1577854800,206835,37
1580533200,210734,38
1583038800,214299,39
1585713600,218491,40
1588305600,222780,41
1590984000,227014,42
1593576000,230745,43
1596254400,234799,44
1598932800,238745,45
1601524800,242540,46
1604203200,247200,47
1606798800,252499,48
