1525147200,562009,
1527825600,565354,
1530417600,569191,
1533096000,573156,
1535774400,577061,
1538366400,581021,
1541044800,584967,1
1543640400,589549,2
1546318800,593125,3
1548997200,597559,4
1551416400,602001,5
1554091200,607234,6
1556683200,612074,7
1559361600,616981,8
1561953600,621628,9
1564632000,626450,10
1567310400,631157,11
1569902400,635996,12
1572580800,640738,13
1575176400,645501,14
1577854800,650255,15
1580533200,655146,16
1583038800,659606,17
1585713600,664956,18
1588305600,670307,19
1590984000,675912,20
1593576000,680992,21
1596254400,686258,22
1598932800,691384,23
1601524800,696646,24
1604203200,702366,25
1606798800,708823,26
