1496289600,56323,
1498881600,58026,
1501560000,59695,
1504238400,61303,
1506830400,62802,
1509508800,64575,
1512104400,66319,1
1514782800,67983,2
1517461200,69962,3
1519880400,71722,4
1522555200,73676,5
1525147200,75692,6
1527825600,77604,7
1530417600,79511,8
1533096000,81406,9
1535774400,89380,0
1538366400,91367,0
1541044800,93355,0
1543640400,95806,0
1546318800,97762,0
1548997200,99999,1
1551416400,102168,2
1554091200,104659,3
1556683200,106884,4
1559361600,109348,5
1561953600,111479,6
1564632000,113677,7
1567310400,115886,8
1569902400,118275,9
1572580800,120526,10
1575176400,122741,11
1577854800,125041,12
1580533200,127306,13
1583038800,129273,14
1585713600,131608,15
1588305600,134016,16
1590984000,136621,17
1593576000,138780,18
1596254400,141136,19
1598932800,143396,20
1601524800,145689,21
1604203200,148656,22
1606798800,152412,23
