1414814400,23497,
1417410000,21284,
1420088400,10139,
1422766800,13365,
1425186000,14063,
1427860800,14672,
1430452800,13511,0
1433131200,14141,0
1435723200,14903,0
1438401600,15675,0
1441080000,16372,0
1443672000,17091,1
1446350400,17857,2
1448946000,18604,3
1451624400,19512,4
1454302800,20301,5
1456808400,21117,6
1459483200,22030,7
1462075200,22876,8
1464753600,23816,9
1467345600,24604,10
1470024000,25395,11
1472702400,26329,12
1475294400,27150,13
1477972800,28029,14
1480568400,28867,15
1483246800,29769,16
1485925200,30638,17
1488344400,31670,18
1491019200,32747,19
1493611200,33725,20
1496289600,34765,21
1498881600,35929,22
1501560000,37014,23
1504238400,38081,24
1506830400,39056,25
1509508800,40245,26
1512104400,41315,27
1514782800,42420,28
1517461200,43741,29
1519880400,44868,30
1522555200,45638,31
1525147200,46915,32
1527825600,48116,33
1530417600,49334,34
1533096000,50467,35
1535774400,48730,0
1538366400,51028,0
1541044800,52182,0
1543640400,53450,0
1546318800,54622,0
1548997200,55904,1
1551416400,57109,2
1554091200,58548,3
1556683200,59864,4
1559361600,61285,5
1561953600,62494,6
1564632000,63798,7
1567310400,64975,8
1569902400,66314,9
1572580800,67542,10
1575176400,68804,11
1577854800,70111,12
1580533200,71345,13
1583038800,72524,14
1585713600,73903,15
1588305600,75346,16
1590984000,76847,17
1593576000,78069,18
1596254400,79352,19
1598932800,80606,20
1601524800,81917,21
1604203200,83609,22
1606798800,85776,23
