1517461200,515161,
1519880400,518135,
1522555200,521732,
1525147200,525306,
1527825600,529073,
1530417600,533154,
1533096000,537386,1
1535774400,541478,2
1538366400,545618,3
1541044800,549679,4
1543640400,554373,5
1546318800,558053,6
1548997200,562587,7
1551416400,567109,8
1554091200,572432,9
1556683200,577342,10
1559361600,582308,11
1561953600,586999,12
1564632000,591898,13
1567310400,596658,14
1569902400,601554,15
1572580800,606354,16
1575176400,611165,17
1577854800,615949,18
1580533200,620875,19
1583038800,625373,20
1585713600,630758,21
1588305600,636143,22
1590984000,641765,23
1593576000,646879,24
1596254400,652166,25
1598932800,657323,26
1601524800,662607,27
1604203200,668346,28
1606798800,674826,29
