1443672000,41283,
1446350400,43270,
1448946000,45230,
1451624400,42831,
1454302800,40413,
1456808400,42068,
1459483200,35864,0
1462075200,26955,0
1464753600,27765,0
1467345600,28832,0
1470024000,29893,0
1472702400,30717,0
1475294400,31628,1
1477972800,32696,2
1480568400,33697,3
1483246800,34697,4
1485925200,35713,5
1488344400,36858,6
1491019200,38201,7
1493611200,39351,8
1496289600,40581,9
1498881600,41859,10
1501560000,43155,11
1504238400,44467,12
1506830400,45463,13
1509508800,46764,14
1512104400,48046,15
1514782800,49352,16
1517461200,50886,17
1519880400,52187,18
1522555200,53651,19
1525147200,54982,20
1527825600,56580,21
1530417600,57984,22
1533096000,59354,23
1535774400,49515,0
1538366400,50675,0
1541044800,51810,0
1543640400,53070,0
1546318800,54209,0
1548997200,55468,1
1551416400,56667,2
1554091200,58108,3
1556683200,59403,4
1559361600,60787,5
1561953600,61993,6
1564632000,63292,7
1567310400,64457,8
1569902400,65784,9
1572580800,67026,10
1575176400,68265,11
1577854800,69568,12
1580533200,70794,13
1583038800,71961,14
1585713600,73361,15
1588305600,74782,16
1590984000,76263,17
1593576000,77477,18
1596254400,78728,19
1598932800,79963,20
1601524800,81247,21
1604203200,82921,22
1606798800,85082,23
