1551416400,735701,
1554091200,740160,
1556683200,744245,
1559361600,748607,
1561953600,752779,
1564632000,757151,
1567310400,761514,1
1569902400,766008,2
1572580800,770406,3
1575176400,774885,4
1577854800,779398,5
1580533200,783974,6
1583038800,788152,7
1585713600,793174,8
1588305600,798161,9
1590984000,803318,10
1593576000,808112,11
1596254400,813007,12
1598932800,817802,13
1601524800,822769,14
1604203200,827335,15
1606798800,831809,16
1609477200,836446,17
1612155600,841531,18
1614574800,846391,19
1617249600,853754,20
1619841600,860064,21
1622520000,865869,22
1625112000,877157,23
