1451624400,183573,
1454302800,185735,
1456808400,188037,
1459483200,191039,
1462075200,193799,
1464753600,196561,
1467345600,199032,1
1470024000,201867,2
1472702400,204768,3
1475294400,207650,4
1477972800,210721,5
1480568400,213538,6
1483246800,216548,7
1485925200,219409,8
1488344400,222710,9
1491019200,226310,10
1493611200,229822,11
1496289600,233440,12
1498881600,237460,13
1501560000,241422,14
1504238400,245216,15
1506830400,248696,16
1509508800,252882,17
1512104400,256872,18
1514782800,260907,19
1517461200,265602,20
1519880400,269593,21
1522555200,274162,22
1525147200,278550,23
1527825600,283044,24
1530417600,287720,25
1533096000,292689,26
1535774400,297349,27
1538366400,301985,28
1541044800,306534,29
1543640400,311695,30
1546318800,315785,31
1548997200,320713,32
1551416400,325626,33
1554091200,331267,34
1556683200,336474,35
1559361600,341770,36
1561953600,346668,37
1564632000,351854,38
1567310400,356865,39
1569902400,361979,40
1572580800,366962,41
1575176400,371956,42
1577854800,376925,43
1580533200,382032,44
1583038800,386682,45
1585713600,392233,46
1588305600,397784,47
1590984000,403560,48
1593576000,408849,49
1596254400,414306,50
1598932800,419604,51
1601524800,425034,52
1604203200,430892,53
1606798800,437488,54
