1506830400,448010,
1509508800,451027,
1512104400,454189,
1514782800,457507,
1517461200,461390,
1519880400,464887,
1522555200,468882,1
1525147200,472747,2
1527825600,476782,3
1530417600,481067,4
1533096000,485504,5
1535774400,489748,6
1538366400,494089,7
1541044800,498300,8
1543640400,503065,9
1546318800,506852,10
1548997200,511507,11
1551416400,516130,12
1554091200,521547,13
1556683200,526536,14
1559361600,531595,15
1561953600,536366,16
1564632000,541381,17
1567310400,546212,18
1569902400,551163,19
1572580800,556024,20
1575176400,560878,21
1577854800,565709,22
1580533200,570679,23
1583038800,575226,24
1585713600,580647,25
1588305600,586077,26
1590984000,591739,27
1593576000,596893,28
1596254400,602231,29
1598932800,607425,30
1601524800,612750,31
1604203200,618513,32
1606798800,625026,33
