1517461200,511890,
1519880400,514975,
1522555200,518612,
1525147200,522211,
1527825600,526005,
1530417600,530105,
1533096000,534349,1
1535774400,538453,2
1538366400,542606,3
1541044800,546675,4
1543640400,551377,5
1546318800,555063,6
1548997200,559601,7
1551416400,564124,8
1554091200,569453,9
1556683200,574369,10
1559361600,579334,11
1561953600,584033,12
1564632000,588935,13
1567310400,593703,14
1569902400,598607,15
1572580800,603408,16
1575176400,608225,17
1577854800,613011,18
1580533200,617938,19
1583038800,622437,20
1585713600,627824,21
1588305600,633211,22
1590984000,638841,23
1593576000,643961,24
1596254400,649249,25
1598932800,654407,26
1601524800,659692,27
1604203200,665434,28
1606798800,671914,29
