1491019200,359906,
1493611200,362559,
1496289600,365466,
1498881600,368858,
1501560000,372212,
1504238400,375566,
1506830400,378639,1
1509508800,382365,2
1512104400,385997,3
1514782800,389654,4
1517461200,393937,5
1519880400,397673,6
1522555200,401981,7
1525147200,406082,8
1527825600,410316,9
1530417600,414786,10
1533096000,419413,11
1535774400,423831,12
1538366400,428305,13
1541044800,432643,14
1543640400,437583,15
1546318800,441498,16
1548997200,446293,17
1551416400,451025,18
1554091200,456535,19
1556683200,461634,20
1559361600,466797,21
1561953600,471627,22
1564632000,476716,23
1567310400,481620,24
1569902400,486648,25
1572580800,491553,26
1575176400,496471,27
1577854800,501365,28
1580533200,506390,29
1583038800,510978,30
1585713600,516460,31
1588305600,521933,32
1590984000,527633,33
1593576000,532847,34
1596254400,538237,35
1598932800,543464,36
1601524800,548830,37
1604203200,554637,38
1606798800,561172,39
