1546318800,707196,
1548997200,710865,
1551416400,714606,
1554091200,719254,
1556683200,723480,
1559361600,727921,
1561953600,732186,1
1564632000,736641,2
1567310400,741074,3
1569902400,745620,4
1572580800,750074,5
1575176400,754609,6
1577854800,759160,7
1580533200,763779,8
1583038800,767975,9
1585713600,773044,10
1588305600,778067,11
1590984000,783257,12
1593576000,788072,13
1596254400,792997,14
1598932800,797804,15
1601524800,802786,16
1604203200,807378,17
1606798800,811878,18
1609477200,816525,19
1612155600,821624,20
1614574800,826489,21
1617249600,833852,22
1619841600,840174,23
1622520000,845984,24
1625112000,857304,25
