1530417600,589615,
1533096000,593310,
1535774400,597027,
1538366400,600884,
1541044800,604814,
1543640400,609290,
1546318800,612821,1
1548997200,617183,2
1551416400,621521,3
1554091200,626719,4
1556683200,631500,5
1559361600,636363,6
1561953600,640983,7
1564632000,645776,8
1567310400,650436,9
1569902400,655243,10
1572580800,659952,11
1575176400,664666,12
1577854800,669375,13
1580533200,674234,14
1583038800,678681,15
1585713600,684004,16
1588305600,689329,17
1590984000,694908,18
1593576000,699977,19
1596254400,705234,20
1598932800,710355,21
1601524800,715602,22
1604203200,721307,23
1606798800,727747,24
