1517461200,503674,
1519880400,506874,
1522555200,510604,
1525147200,514253,
1527825600,518102,
1530417600,522236,
1533096000,526516,1
1535774400,530645,2
1538366400,534839,3
1541044800,538942,4
1543640400,543663,5
1546318800,547363,6
1548997200,551920,7
1551416400,556465,8
1554091200,561806,9
1556683200,566735,10
1559361600,571708,11
1561953600,576423,12
1564632000,581342,13
1567310400,586119,14
1569902400,591023,15
1572580800,595835,16
1575176400,600658,17
1577854800,605451,18
1580533200,610387,19
1583038800,614892,20
1585713600,620284,21
1588305600,625679,22
1590984000,631311,23
1593576000,636433,24
1596254400,641730,25
1598932800,646903,26
1601524800,652193,27
1604203200,657941,28
1606798800,664423,29
