1498881600,408125,
1501560000,410873,
1504238400,413892,
1506830400,416725,
1509508800,420168,
1512104400,423606,
1514782800,427125,1
1517461200,431203,2
1519880400,434825,3
1522555200,438973,4
1525147200,442965,5
1527825600,447103,6
1530417600,451467,7
1533096000,456016,8
1535774400,460339,9
1538366400,464764,10
1541044800,469053,11
1543640400,473908,12
1546318800,477755,13
1548997200,482477,14
1551416400,487150,15
1554091200,492616,16
1556683200,497651,17
1559361600,502762,18
1561953600,507550,19
1564632000,512609,20
1567310400,517475,21
1569902400,522457,22
1572580800,527327,23
1575176400,532212,24
1577854800,537070,25
1580533200,542076,26
1583038800,546635,27
1585713600,552087,28
1588305600,557532,29
1590984000,563216,30
1593576000,568394,31
1596254400,573752,32
1598932800,578961,33
1601524800,584310,34
1604203200,590094,35
1606798800,596619,36
