1462075200,226902,
1464753600,229280,
1467345600,231444,
1470024000,234099,
1472702400,236786,
1475294400,239502,
1477972800,242410,1
1480568400,245085,2
1483246800,247967,3
1485925200,250785,4
1488344400,253971,5
1491019200,257472,6
1493611200,260894,7
1496289600,264394,8
1498881600,268302,9
1501560000,272175,10
1504238400,275879,11
1506830400,279288,12
1509508800,283399,13
1512104400,287321,14
1514782800,291297,15
1517461200,295906,16
1519880400,299857,17
1522555200,304377,18
1525147200,308727,19
1527825600,313185,20
1530417600,317817,21
1533096000,322742,22
1535774400,327361,23
1538366400,331972,24
1541044800,336481,25
1543640400,341603,26
1546318800,345674,27
1548997200,350580,28
1551416400,355467,29
1554091200,361085,30
1556683200,366281,31
1559361600,371552,32
1561953600,376433,33
1564632000,381603,34
1567310400,386601,35
1569902400,391688,36
1572580800,396666,37
1575176400,401655,38
1577854800,406613,39
1580533200,411702,40
1583038800,416341,41
1585713600,421875,42
1588305600,427408,43
1590984000,433158,44
1593576000,438429,45
1596254400,443870,46
1598932800,449152,47
1601524800,454568,48
1604203200,460423,49
1606798800,467009,50
