1385874000,38055,
1388552400,38816,
1391230800,39741,
1393650000,40617,
1396324800,41744,
1398916800,42853,
1401595200,44143,1
1404187200,45458,2
1406865600,46723,3
1409544000,48263,4
1412136000,49746,5
1414814400,51325,6
1417410000,52904,7
1420088400,54370,8
1422766800,56171,9
1425186000,57855,10
1427860800,59666,11
1430452800,61477,12
1433131200,63594,13
1435723200,65613,14
1438401600,68062,15
1441080000,70558,16
1443672000,73189,17
1446350400,75793,18
1448946000,78567,19
1451624400,81602,20
1454302800,84533,21
1456808400,87497,22
1459483200,91053,23
1462075200,94311,24
1464753600,97552,25
1467345600,100406,26
1470024000,103606,27
1472702400,106928,28
1475294400,110153,29
1477972800,113521,30
1480568400,116608,31
1483246800,119840,32
1485925200,122929,33
1488344400,126466,34
1491019200,130321,35
1493611200,134043,36
1496289600,137849,37
1498881600,142058,38
1501560000,146193,39
1504238400,150174,40
1506830400,153787,41
1509508800,158225,42
1512104400,162347,43
1514782800,166521,44
1517461200,171348,45
1519880400,175439,46
1522555200,180086,47
1525147200,184572,48
1527825600,189164,49
1530417600,193948,50
1533096000,199012,51
1535774400,203775,52
1538366400,208474,53
1541044800,213109,54
1543640400,218342,55
1546318800,222503,56
1548997200,227485,57
1551416400,232442,58
1554091200,238144,59
1556683200,243392,60
1559361600,248727,61
1561953600,253658,62
1564632000,258888,63
1567310400,263964,64
1569902400,269115,65
1572580800,274137,66
1575176400,279177,67
1577854800,284181,68
1580533200,289325,69
1583038800,293991,70
1585713600,299562,71
1588305600,305143,72
1590984000,310942,73
1593576000,316256,74
1596254400,321743,75
1598932800,327074,76
1601524800,332538,77
1604203200,338430,78
1606798800,345051,79
