1496289600,391478,
1498881600,394398,
1501560000,397469,
1504238400,400637,
1506830400,403579,
1509508800,407123,
1512104400,410645,1
1514782800,414220,2
1517461200,418347,3
1519880400,422014,4
1522555200,426220,5
1525147200,430253,6
1527825600,434427,7
1530417600,438833,8
1533096000,443414,9
1535774400,447770,10
1538366400,452206,11
1541044800,456524,12
1543640400,461414,13
1546318800,465280,14
1548997200,470031,15
1551416400,474722,16
1554091200,480200,17
1556683200,485263,18
1559361600,490392,19
1561953600,495201,20
1564632000,500268,21
1567310400,505140,22
1569902400,510145,23
1572580800,515029,24
1575176400,519928,25
1577854800,524799,26
1580533200,529805,27
1583038800,534378,28
1585713600,539838,29
1588305600,545291,30
1590984000,550975,31
1593576000,556167,32
1596254400,561538,33
1598932800,566753,34
1601524800,572107,35
1604203200,577901,36
1606798800,584432,37
