1441080000,153106,
1443672000,154852,
1446350400,156827,
1448946000,158957,
1451624400,161476,
1454302800,163937,
1456808400,166509,1
1459483200,169717,2
1462075200,172642,3
1464753600,175543,4
1467345600,178140,5
1470024000,181060,6
1472702400,184063,7
1475294400,187038,8
1477972800,190196,9
1480568400,193082,10
1483246800,196144,11
1485925200,199061,12
1488344400,202424,13
1491019200,206090,14
1493611200,209667,15
1496289600,213332,16
1498881600,217396,17
1501560000,221407,18
1504238400,225238,19
1506830400,228747,20
1509508800,232992,21
1512104400,237015,22
1514782800,241091,23
1517461200,245812,24
1519880400,249834,25
1522555200,254419,26
1525147200,258838,27
1527825600,263359,28
1530417600,268061,29
1533096000,273052,30
1535774400,277738,31
1538366400,282384,32
1541044800,286959,33
1543640400,292142,34
1546318800,296254,35
1548997200,301199,36
1551416400,306120,37
1554091200,311775,38
1556683200,316996,39
1559361600,322298,40
1561953600,327196,41
1564632000,332400,42
1567310400,337429,43
1569902400,342554,44
1572580800,347545,45
1575176400,352548,46
1577854800,357526,47
1580533200,362636,48
1583038800,367289,49
1585713600,372856,50
1588305600,378410,51
1590984000,384195,52
1593576000,389494,53
1596254400,394958,54
1598932800,400266,55
1601524800,405703,56
1604203200,411566,57
1606798800,418170,58
