1372651200,26318,
1375329600,26883,
1378008000,27445,
1380600000,28209,
1383278400,28897,
1385874000,29732,
1388552400,30642,1
1391230800,31717,2
1393650000,32680,3
1396324800,33905,4
1398916800,35092,5
1401595200,36454,6
1404187200,37815,7
1406865600,39136,8
1409544000,40744,9
1412136000,42265,10
1414814400,43882,11
1417410000,45505,12
1420088400,47003,13
1422766800,48826,14
1425186000,50552,15
1427860800,52399,16
1430452800,54235,17
1433131200,56376,18
1435723200,58419,19
1438401600,60909,20
1441080000,63426,21
1443672000,66085,22
1446350400,68713,23
1448946000,71508,24
1451624400,74560,25
1454302800,77506,26
1456808400,80484,27
1459483200,84036,28
1462075200,87320,29
1464753600,90578,30
1467345600,93448,31
1470024000,96662,32
1472702400,99989,33
1475294400,103221,34
1477972800,106600,35
1480568400,109697,36
1483246800,112944,37
1485925200,116037,38
1488344400,119582,39
1491019200,123448,40
1493611200,127178,41
1496289600,130992,42
1498881600,135206,43
1501560000,139355,44
1504238400,143346,45
1506830400,146959,46
1509508800,151406,47
1512104400,155536,48
1514782800,159713,49
1517461200,164541,50
1519880400,168636,51
1522555200,173287,52
1525147200,177782,53
1527825600,182375,54
1530417600,187162,55
1533096000,192234,56
1535774400,197000,57
1538366400,201702,58
1541044800,206344,59
1543640400,211583,60
1546318800,215741,61
1548997200,220726,62
1551416400,225688,63
1554091200,231395,64
1556683200,236645,65
1559361600,241979,66
1561953600,246911,67
1564632000,252146,68
1567310400,257225,69
1569902400,262374,70
1572580800,267401,71
1575176400,272442,72
1577854800,277452,73
1580533200,282599,74
1583038800,287265,75
1585713600,292837,76
1588305600,298420,77
1590984000,304218,78
1593576000,309534,79
1596254400,315023,80
1598932800,320356,81
1601524800,325822,82
1604203200,331717,83
1606798800,338341,84
