1459483200,213461,
1462075200,215872,
1464753600,218421,
1467345600,220702,
1470024000,223413,
1472702400,226188,
1475294400,228965,1
1477972800,231922,2
1480568400,234644,3
1483246800,237567,4
1485925200,240420,5
1488344400,243650,6
1491019200,247191,7
1493611200,250630,8
1496289600,254173,9
1498881600,258133,10
1501560000,262030,11
1504238400,265746,12
1506830400,269183,13
1509508800,273314,14
1512104400,277263,15
1514782800,281258,16
1517461200,285879,17
1519880400,289834,18
1522555200,294370,19
1525147200,298729,20
1527825600,303201,21
1530417600,307849,22
1533096000,312787,23
1535774400,317418,24
1538366400,322037,25
1541044800,326556,26
1543640400,331688,27
1546318800,335756,28
1548997200,340670,29
1551416400,345565,30
1554091200,351188,31
1556683200,356389,32
1559361600,361665,33
1561953600,366548,34
1564632000,371724,35
1567310400,376729,36
1569902400,381825,37
1572580800,386806,38
1575176400,391796,39
1577854800,396759,40
1580533200,401850,41
1583038800,406490,42
1585713600,412027,43
1588305600,417569,44
1590984000,423331,45
1593576000,428609,46
1596254400,434057,47
1598932800,439345,48
1601524800,444769,49
1604203200,450623,50
1606798800,457210,51
