1467345600,248114,
1470024000,250538,
1472702400,253056,
1475294400,255596,
1477972800,258365,
1480568400,260894,
1483246800,263665,1
1485925200,266409,2
1488344400,269540,3
1491019200,272967,4
1493611200,276337,5
1496289600,279770,6
1498881600,283633,7
1501560000,287437,8
1504238400,291107,9
1506830400,294464,10
1509508800,298534,11
1512104400,302415,12
1514782800,306360,13
1517461200,310931,14
1519880400,314858,15
1522555200,319347,16
1525147200,323673,17
1527825600,328111,18
1530417600,332723,19
1533096000,337558,20
1535774400,342156,21
1538366400,346749,22
1541044800,351236,23
1543640400,356338,24
1546318800,360394,25
1548997200,365281,26
1551416400,370147,27
1554091200,375755,28
1556683200,380941,29
1559361600,386195,30
1561953600,391065,31
1564632000,396221,32
1567310400,401211,33
1569902400,406291,34
1572580800,411260,35
1575176400,416243,36
1577854800,421191,37
1580533200,426270,38
1583038800,430897,39
1585713600,436426,40
1588305600,441960,41
1590984000,447699,42
1593576000,452963,43
1596254400,458398,44
1598932800,463673,45
1601524800,469083,46
1604203200,474927,47
1606798800,481507,48
