1470024000,78550,
1472702400,81617,
1475294400,84571,
1477972800,79127,
1480568400,81665,
1483246800,84174,
1485925200,86760,0
1488344400,91508,0
1491019200,96275,1
1493611200,98641,2
1496289600,101907,3
1498881600,105189,4
1501560000,120075,0
1504238400,123838,0
1506830400,127283,0
1509508800,131403,0
1512104400,135381,0
1514782800,139447,1
1517461200,143910,2
1519880400,147881,3
1522555200,152229,4
1525147200,156422,5
1527825600,160672,6
1530417600,165242,7
1533096000,169680,8
1535774400,172415,9
1538366400,176664,10
1541044800,181081,11
1543640400,185827,12
1546318800,189806,13
1548997200,194423,14
1551416400,198987,15
1554091200,203920,16
1556683200,208873,17
1559361600,213915,18
1561953600,218457,19
1564632000,223302,20
1567310400,228138,21
1569902400,233088,22
1572580800,237638,23
1575176400,242223,24
1577854800,246848,25
1580533200,251609,26
1583038800,255992,27
1585713600,261112,28
1588305600,266872,29
1590984000,272257,30
1593576000,277061,31
1596254400,282081,32
1598932800,286838,33
1601524800,291573,34
1604203200,296906,35
1606798800,303160,36
