1464753600,236576,
1467345600,238675,
1470024000,241258,
1472702400,243881,
1475294400,246529,
1477972800,249399,
1480568400,252037,1
1483246800,254887,2
1485925200,257687,3
1488344400,260859,4
1491019200,264342,5
1493611200,267749,6
1496289600,271228,7
1498881600,275119,8
1501560000,278974,9
1504238400,282664,10
1506830400,286055,11
1509508800,290158,12
1512104400,294060,13
1514782800,298028,14
1517461200,302620,15
1519880400,306559,16
1522555200,311074,17
1525147200,315415,18
1527825600,319861,19
1530417600,324486,20
1533096000,329399,21
1535774400,334011,22
1538366400,338616,23
1541044800,343119,24
1543640400,348233,25
1546318800,352301,26
1548997200,357202,27
1551416400,362081,28
1554091200,367694,29
1556683200,372885,30
1559361600,378146,31
1561953600,383020,32
1564632000,388183,33
1567310400,393177,34
1569902400,398263,35
1572580800,403240,36
1575176400,408225,37
1577854800,413178,38
1580533200,418266,39
1583038800,422902,40
1585713600,428434,41
1588305600,433967,42
1590984000,439716,43
1593576000,444985,44
1596254400,450424,45
1598932800,455701,46
1601524800,461112,47
1604203200,466961,48
1606798800,473545,49
