1393650000,50046,
1396324800,50894,
1398916800,51859,
1401595200,52992,
1404187200,54213,
1406865600,55394,
1409544000,56855,1
1412136000,58247,2
1414814400,59759,3
1417410000,61273,4
1420088400,62686,5
1422766800,64424,6
1425186000,66058,7
1427860800,67820,8
1430452800,69598,9
1433131200,71662,10
1435723200,73648,11
1438401600,76057,12
1441080000,78526,13
1443672000,81120,14
1446350400,83691,15
1448946000,34582,0
1451624400,35097,0
1454302800,36516,0
1456808400,37983,0
1459483200,36882,0
1462075200,102075,0
1464753600,105298,0
1467345600,108139,0
1470024000,44564,0
1472702400,46109,0
1475294400,39380,0
1477972800,40116,0
1480568400,21531,0
1483246800,22006,0
1485925200,22387,0
1488344400,20991,0
1491019200,21396,0
1493611200,21936,0
1496289600,22574,0
1498881600,23083,0
1501560000,27088,0
1504238400,24858,0
1506830400,25113,0
1509508800,25631,0
1512104400,27057,0
1514782800,25724,0
1517461200,25237,0
1519880400,25873,0
1522555200,22644,0
1525147200,19099,0
1527825600,19469,0
1530417600,19903,0
1533096000,20276,0
1535774400,21213,0
1538366400,21646,1
1541044800,21919,2
1543640400,22323,3
1546318800,22143,0
1548997200,22359,0
1551416400,22546,0
1554091200,22139,0
1556683200,23165,0
1559361600,23558,0
1561953600,24273,0
1564632000,24203,0
1567310400,24371,0
1569902400,19461,0
1572580800,19840,0
1575176400,20107,0
1577854800,20528,0
1580533200,21289,0
1583038800,21494,1
1585713600,18466,0
1588305600,18031,0
1590984000,18422,0
1593576000,18652,0
1596254400,18769,0
1598932800,19086,0
1601524800,19260,1
1604203200,19365,2
1606798800,19469,3
