1546318800,697410,
1548997200,701259,
1551416400,705094,
1554091200,709817,
1556683200,714091,
1559361600,718584,
1561953600,722875,1
1564632000,727350,2
1567310400,731805,3
1569902400,736369,4
1572580800,740850,5
1575176400,745403,6
1577854800,749978,7
1580533200,754616,8
1583038800,758815,9
1585713600,763902,10
1588305600,768927,11
1590984000,774127,12
1593576000,778948,13
1596254400,783886,14
1598932800,788696,15
1601524800,793685,16
1604203200,798288,17
1606798800,802793,18
1609477200,807441,19
1612155600,812548,20
1614574800,817417,21
1617249600,824791,22
1619841600,831119,23
1622520000,836934,24
1625112000,848266,25
1627790400,853596,26
