1548997200,119955,
1551416400,122485,
1554091200,125391,
1556683200,128078,
1559361600,131032,
1561953600,133544,
1564632000,136221,1
1567310400,138874,2
1569902400,141626,3
1572580800,144244,4
1575176400,146787,5
1577854800,149439,6
1580533200,152075,7
1583038800,154426,8
1585713600,157217,9
1588305600,160083,10
1590984000,162973,11
1593576000,165538,12
1596254400,168166,13
1598932800,170822,14
1601524800,173422,15
1604203200,175880,16
1606798800,178247,17
1609477200,180822,18
1612155600,183755,19
1614574800,186257,20
1617249600,190986,21
1619841600,194714,22
1622520000,198080,23
1625112000,203961,24
