1493611200,370209,
1496289600,372997,
1498881600,376312,
1501560000,379598,
1504238400,382904,
1506830400,385950,
1509508800,389630,1
1512104400,393224,2
1514782800,396858,3
1517461200,401101,4
1519880400,404829,5
1522555200,409107,6
1525147200,413178,7
1527825600,417398,8
1530417600,421858,9
1533096000,426473,10
1535774400,430873,11
1538366400,435331,12
1541044800,439666,13
1543640400,444588,14
1546318800,448484,15
1548997200,453266,16
1551416400,457992,17
1554091200,463493,18
1556683200,468581,19
1559361600,473736,20
1561953600,478556,21
1564632000,483633,22
1567310400,488529,23
1569902400,493551,24
1572580800,498447,25
1575176400,503359,26
1577854800,508247,27
1580533200,513265,28
1583038800,517851,29
1585713600,523327,30
1588305600,528794,31
1590984000,534487,32
1593576000,539694,33
1596254400,545080,34
1598932800,550306,35
1601524800,555663,36
1604203200,561468,37
1606798800,568003,38
