1493611200,377513,
1496289600,380068,
1498881600,383277,
1501560000,386483,
1504238400,389754,
1506830400,392753,
1509508800,396395,1
1512104400,399963,2
1514782800,403570,3
1517461200,407762,4
1519880400,411467,5
1522555200,415722,6
1525147200,419782,7
1527825600,423975,8
1530417600,428416,9
1533096000,433008,10
1535774400,437382,11
1538366400,441834,12
1541044800,446164,13
1543640400,451074,14
1546318800,454963,15
1548997200,459737,16
1551416400,464441,17
1554091200,469937,18
1556683200,475016,19
1559361600,480159,20
1561953600,484971,21
1564632000,490040,22
1567310400,494924,23
1569902400,499939,24
1572580800,504833,25
1575176400,509741,26
1577854800,514625,27
1580533200,519637,28
1583038800,524221,29
1585713600,529689,30
1588305600,535149,31
1590984000,540837,32
1593576000,546040,33
1596254400,551418,34
1598932800,556645,35
1601524800,562001,36
1604203200,567800,37
1606798800,574331,38
