1535774400,635959,
1538366400,639395,
1541044800,643068,
1543640400,647336,
1546318800,650727,
1548997200,654967,
1551416400,659165,1
1554091200,664193,2
1556683200,668865,3
1559361600,673639,4
1561953600,678145,5
1564632000,682847,6
1567310400,687453,7
1569902400,692190,8
1572580800,696821,9
1575176400,701496,10
1577854800,706159,11
1580533200,710966,12
1583038800,715357,13
1585713600,720645,14
1588305600,725923,15
1590984000,731463,16
1593576000,736491,17
1596254400,741705,18
1598932800,746799,19
1601524800,752027,20
1604203200,757705,21
1606798800,764096,22
