1546318800,117176,
1548997200,119884,
1551416400,122416,
1554091200,133039,
1556683200,135949,
1559361600,139079,
1561953600,141815,
1564632000,144668,
1567310400,147490,1
1569902400,150522,2
1572580800,153314,3
1575176400,155965,4
1577854800,158786,5
1580533200,161629,6
1583038800,164116,7
1585713600,167096,8
1588305600,170234,9
1590984000,173306,10
1593576000,175990,11
1596254400,178731,12
1598932800,181610,13
1601524800,184396,14
1604203200,186985,15
1606798800,189425,16
1609477200,192193,17
1612155600,195223,18
1614574800,197950,19
1617249600,202883,20
1619841600,206893,21
1622520000,210509,22
1625112000,216956,23
