1493611200,367899,
1496289600,370726,
1498881600,374065,
1501560000,377363,
1504238400,380679,
1506830400,383744,
1509508800,387437,1
1512104400,391041,2
1514782800,394685,3
1517461200,398941,4
1519880400,402668,5
1522555200,406957,6
1525147200,411032,7
1527825600,415252,8
1530417600,419715,9
1533096000,424335,10
1535774400,428744,11
1538366400,433209,12
1541044800,437550,13
1543640400,442476,14
1546318800,446376,15
1548997200,451159,16
1551416400,455887,17
1554091200,461392,18
1556683200,466483,19
1559361600,471642,20
1561953600,476466,21
1564632000,481544,22
1567310400,486442,23
1569902400,491464,24
1572580800,496364,25
1575176400,501279,26
1577854800,506169,27
1580533200,511186,28
1583038800,515772,29
1585713600,521251,30
1588305600,526719,31
1590984000,532411,32
1593576000,537619,33
1596254400,543005,34
1598932800,548233,35
1601524800,553595,36
1604203200,559401,37
1606798800,565936,38
