1335844800,6450,
1338523200,6647,
1341115200,6857,
1343793600,7081,
1346472000,7413,
1349064000,7720,
1351742400,8074,1
1354338000,8461,2
1357016400,8839,3
1359694800,9366,4
1362114000,9851,5
1364788800,10585,6
1367380800,11280,7
1370059200,11920,8
1372651200,12703,9
1375329600,13473,10
1378008000,14170,11
1380600000,15086,12
1383278400,15898,13
1385874000,16855,14
1388552400,17877,15
1391230800,19039,16
1393650000,20106,17
1396324800,21461,18
1398916800,22730,19
1401595200,24170,20
1404187200,25594,21
1406865600,26983,22
1409544000,28663,23
1412136000,30223,24
1414814400,31884,25
1417410000,33545,26
1420088400,35084,27
1422766800,36959,28
1425186000,38732,29
1427860800,40609,30
1430452800,42469,31
1433131200,44636,32
1435723200,46720,33
1438401600,49243,34
1441080000,51794,35
1443672000,54484,36
1446350400,57157,37
1448946000,59981,38
1451624400,63057,39
1454302800,66038,40
1456808400,69045,41
1459483200,72593,42
1462075200,75908,43
1464753600,79183,44
1467345600,82066,45
1470024000,85299,46
1472702400,88646,47
1475294400,91894,48
1477972800,95290,49
1480568400,98397,50
1483246800,101666,51
1485925200,104766,52
1488344400,108329,53
1491019200,112203,54
1493611200,115952,55
1496289600,119780,56
1498881600,123998,57
1501560000,128161,58
1504238400,132167,59
1506830400,135793,60
1509508800,140271,61
1512104400,144415,62
1514782800,148608,63
1517461200,153438,64
1519880400,157544,65
1522555200,162203,66
1525147200,166711,67
1527825600,171313,68
1530417600,176107,69
1533096000,181187,70
1535774400,185963,71
1538366400,190674,72
1541044800,195320,73
1543640400,200558,74
1546318800,204723,75
1548997200,209712,76
1551416400,214674,77
1554091200,220396,78
1556683200,225654,79
1559361600,230995,80
1561953600,235934,81
1564632000,241175,82
1567310400,246254,83
1569902400,251404,84
1572580800,256432,85
1575176400,261479,86
1577854800,266491,87
1580533200,271643,88
1583038800,276313,89
1585713600,281892,90
1588305600,287477,91
1590984000,293281,92
1593576000,298599,93
1596254400,304093,94
1598932800,309427,95
1601524800,314902,96
1604203200,320795,97
1606798800,327420,98
