1525147200,565431,
1527825600,568686,
1530417600,572480,
1533096000,576420,
1535774400,580310,
1538366400,584248,
1541044800,588177,1
1543640400,592738,2
1546318800,596303,3
1548997200,600732,4
1551416400,605164,5
1554091200,610396,6
1556683200,615224,7
1559361600,620120,8
1561953600,624761,9
1564632000,629583,10
1567310400,634282,11
1569902400,639112,12
1572580800,643849,13
1575176400,648602,14
1577854800,653350,15
1580533200,658234,16
1583038800,662692,17
1585713600,668034,18
1588305600,673382,19
1590984000,678986,20
1593576000,684063,21
1596254400,689328,22
1598932800,694456,23
1601524800,699713,24
1604203200,705431,25
1606798800,711882,26
