1485925200,335192,
1488344400,337668,
1491019200,340598,
1493611200,343564,
1496289600,346646,
1498881600,350193,
1501560000,353693,1
1504238400,357143,2
1506830400,360293,3
1509508800,364122,4
1512104400,367838,5
1514782800,371581,6
1517461200,375932,7
1519880400,379719,8
1522555200,384077,9
1525147200,388220,10
1527825600,392510,11
1530417600,397034,12
1533096000,401701,13
1535774400,406170,14
1538366400,410665,15
1541044800,415058,16
1543640400,420034,17
1546318800,424010,18
1548997200,428818,19
1551416400,433580,20
1554091200,439114,21
1556683200,444235,22
1559361600,449407,23
1561953600,454253,24
1564632000,459360,25
1567310400,464279,26
1569902400,469320,27
1572580800,474246,28
1575176400,479180,29
1577854800,484086,30
1580533200,489122,31
1583038800,493720,32
1585713600,499220,33
1588305600,504707,34
1590984000,510418,35
1593576000,515646,36
1596254400,521053,37
1598932800,526285,38
1601524800,531661,39
1604203200,537478,40
1606798800,544023,41
