1496289600,390934,
1498881600,393874,
1501560000,396958,
1504238400,400130,
1506830400,403075,
1509508800,406626,
1512104400,410150,1
1514782800,413726,2
1517461200,417858,3
1519880400,421528,4
1522555200,425738,5
1525147200,429771,6
1527825600,433946,7
1530417600,438354,8
1533096000,442935,9
1535774400,447291,10
1538366400,451730,11
1541044800,456047,12
1543640400,460936,13
1546318800,464805,14
1548997200,469560,15
1551416400,474252,16
1554091200,479730,17
1556683200,484794,18
1559361600,489924,19
1561953600,494732,20
1564632000,499799,21
1567310400,504672,22
1569902400,509677,23
1572580800,514561,24
1575176400,519460,25
1577854800,524333,26
1580533200,529339,27
1583038800,533912,28
1585713600,539371,29
1588305600,544825,30
1590984000,550508,31
1593576000,555700,32
1596254400,561071,33
1598932800,566287,34
1601524800,571640,35
1604203200,577434,36
1606798800,583966,37
