1533096000,619363,
1535774400,622634,
1538366400,626300,
1541044800,630099,
1543640400,634458,
1546318800,637907,
1548997200,642199,1
1551416400,646461,2
1554091200,651564,3
1556683200,656269,4
1559361600,661077,5
1561953600,665614,6
1564632000,670341,7
1567310400,674957,8
1569902400,679715,9
1572580800,684383,10
1575176400,689067,11
1577854800,693751,12
1580533200,698581,13
1583038800,702996,14
1585713600,708298,15
1588305600,713599,16
1590984000,719157,17
1593576000,724197,18
1596254400,729431,19
1598932800,734533,20
1601524800,739767,21
1604203200,745456,22
1606798800,751861,23
