1401595200,20281,
1404187200,21704,
1406865600,23029,
1409544000,24738,
1412136000,26384,
1414814400,27929,
1417410000,29511,1
1420088400,31007,2
1422766800,32865,3
1425186000,34598,4
1427860800,36425,5
1430452800,37992,6
1433131200,39973,7
1435723200,41960,8
1438401600,44434,9
1441080000,46865,10
1443672000,49398,11
1446350400,52005,12
1448946000,54702,13
1451624400,57516,14
1454302800,60222,15
1456808400,62975,16
1459483200,66219,17
1462075200,69383,18
1464753600,72426,19
1467345600,75136,20
1470024000,78048,21
1472702400,81066,22
1475294400,84000,23
1477972800,86973,24
1480568400,89795,25
1483246800,92719,26
1485925200,95588,27
1488344400,98840,28
1491019200,102296,29
1493611200,105645,30
1496289600,109217,31
1498881600,112832,32
1501560000,116575,33
1504238400,120160,34
1506830400,123461,35
1509508800,127317,36
1512104400,131094,37
1514782800,134897,38
1517461200,139262,39
1519880400,143032,40
1522555200,147235,41
1525147200,151157,42
1527825600,155239,43
1530417600,159625,44
1533096000,163894,45
1535774400,153465,0
1538366400,157135,0
1541044800,160867,0
1543640400,165109,0
1546318800,168504,0
1548997200,172500,1
1551416400,176436,2
1554091200,180976,3
1556683200,185323,4
1559361600,189731,5
1561953600,193739,6
1564632000,197850,7
1567310400,201955,8
1569902400,206140,9
1572580800,210156,10
1575176400,214078,11
1577854800,218053,12
1580533200,222197,13
1583038800,226009,14
1585713600,230371,15
1588305600,235044,16
1590984000,239697,17
1593576000,243680,18
1596254400,247958,19
1598932800,252107,20
1601524800,256101,21
1604203200,260964,22
1606798800,266482,23
