1438401600,36323,
1441080000,38155,
1443672000,40007,
1446350400,41840,
1448946000,43697,
1451624400,45710,
1454302800,47557,1
1456808400,49542,2
1459483200,51824,3
1462075200,53964,4
1464753600,56092,5
1467345600,58063,6
1470024000,60205,7
1472702400,62305,8
1475294400,64311,9
1477972800,66481,10
1480568400,68515,11
1483246800,70487,12
1485925200,72575,13
1488344400,74988,14
1491019200,77541,15
1493611200,79920,16
1496289600,82437,17
1498881600,85036,18
1501560000,87670,19
1504238400,90166,20
1506830400,92368,21
1509508800,94951,22
1512104400,97581,23
1514782800,100121,24
1517461200,103198,25
1519880400,105813,26
1522555200,108611,27
1525147200,111528,28
1527825600,114425,29
1530417600,117424,30
1533096000,120271,31
1535774400,127404,32
1538366400,130392,33
1541044800,133453,34
1543640400,136934,35
1546318800,139645,36
1548997200,142956,37
1551416400,146187,38
1554091200,149820,39
1556683200,153245,40
1559361600,156792,41
1561953600,160065,42
1564632000,163350,43
1567310400,166602,44
1569902400,170058,45
1572580800,173296,46
1575176400,176376,47
1577854800,179640,48
1580533200,182952,49
1583038800,185925,50
1585713600,189435,51
1588305600,193160,52
1590984000,196789,53
1593576000,200004,54
1596254400,203385,55
1598932800,206757,56
1601524800,209985,57
1604203200,213930,58
1606798800,218690,59
