1404187200,65516,
1406865600,21665,
1409544000,23091,
1412136000,24418,
1414814400,25799,
1417410000,27193,
1420088400,28532,1
1422766800,30114,2
1425186000,31571,3
1427860800,33196,4
1430452800,34803,5
1433131200,36519,6
1435723200,38280,7
1438401600,40301,8
1441080000,42450,9
1443672000,44647,10
1446350400,46890,11
1448946000,49115,12
1451624400,51491,13
1454302800,53847,14
1456808400,56144,15
1459483200,58832,16
1462075200,61361,17
1464753600,63843,18
1467345600,66157,19
1470024000,68631,20
1472702400,63599,0
1475294400,65727,0
1477972800,68006,0
1480568400,58941,0
1483246800,60661,0
1485925200,62466,0
1488344400,64444,0
1491019200,66701,0
1493611200,68724,1
1496289600,70776,2
1498881600,73009,3
1501560000,75257,4
1504238400,77413,5
1506830400,79328,6
1509508800,81677,7
1512104400,60413,0
1514782800,62077,0
1517461200,65513,0
1519880400,67171,0
1522555200,69076,0
1525147200,71011,1
1527825600,72906,2
1530417600,74686,3
1533096000,76544,4
1535774400,82352,0
1538366400,84571,1
1541044800,86441,2
1543640400,88713,3
1546318800,90523,0
1548997200,92624,1
1551416400,94688,2
1554091200,97004,3
1556683200,99149,4
1559361600,101502,5
1561953600,103507,6
1564632000,105587,7
1567310400,107671,8
1569902400,109953,9
1572580800,112046,10
1575176400,114129,11
1577854800,116307,12
1580533200,118420,13
1583038800,120382,14
1585713600,122609,15
1588305600,142649,0
1590984000,145336,0
1593576000,147748,0
1596254400,150254,0
1598932800,152726,0
1601524800,155223,1
1604203200,158359,2
1606798800,162250,3
