1514782800,42302,
1517461200,43613,
1519880400,44748,
1522555200,45948,
1525147200,47253,
1527825600,48429,
1530417600,49665,1
1533096000,50807,2
1535774400,51429,3
1538366400,52636,4
1541044800,53825,5
1543640400,55135,6
1546318800,56353,7
1548997200,57645,8
1551416400,58903,9
1554091200,60385,10
1556683200,64248,0
1559361600,65749,1
1561953600,67054,2
1564632000,68412,3
1567310400,69698,0
1569902400,71102,1
1572580800,72436,2
1575176400,73783,3
1577854800,75217,4
1580533200,76513,5
1583038800,77802,6
1585713600,79276,7
1588305600,80832,8
1590984000,82483,9
1593576000,83837,10
1596254400,85168,11
1598932800,86525,12
1601524800,87885,13
1604203200,89700,14
1606798800,91990,15
