1435723200,136717,
1438401600,138364,
1441080000,140272,
1443672000,142385,
1446350400,144553,
1448946000,146838,
1451624400,149491,1
1454302800,152066,2
1456808400,154742,3
1459483200,158038,4
1462075200,161013,5
1464753600,163995,6
1467345600,166657,7
1470024000,169633,8
1472702400,172704,9
1475294400,175726,10
1477972800,178930,11
1480568400,181849,12
1483246800,184944,13
1485925200,187892,14
1488344400,191275,15
1491019200,194982,16
1493611200,198596,17
1496289600,202286,18
1498881600,206382,19
1501560000,210410,20
1504238400,214275,21
1506830400,217808,22
1509508800,222079,23
1512104400,226122,24
1514782800,230215,25
1517461200,234952,26
1519880400,238985,27
1522555200,243584,28
1525147200,248005,29
1527825600,252535,30
1530417600,257252,31
1533096000,262254,32
1535774400,266947,33
1538366400,271604,34
1541044800,276189,35
1543640400,281387,36
1546318800,285502,37
1548997200,290450,38
1551416400,295378,39
1554091200,301044,40
1556683200,306271,41
1559361600,311576,42
1561953600,316476,43
1564632000,321683,44
1567310400,326719,45
1569902400,331842,46
1572580800,336838,47
1575176400,341844,48
1577854800,346823,49
1580533200,351939,50
1583038800,356595,51
1585713600,362163,52
1588305600,367717,53
1590984000,373506,54
1593576000,378808,55
1596254400,384278,56
1598932800,389589,57
1601524800,395037,58
1604203200,400901,59
1606798800,407509,60
