1391230800,45365,
1393650000,46102,
1396324800,47119,
1398916800,48164,
1401595200,49381,
1404187200,50641,
1406865600,51867,1
1409544000,53363,2
1412136000,54797,3
1414814400,56330,4
1417410000,57866,5
1420088400,59295,6
1422766800,61063,7
1425186000,62717,8
1427860800,64494,9
1430452800,66290,10
1433131200,68377,11
1435723200,70380,12
1438401600,72818,13
1441080000,75301,14
1443672000,77916,15
1446350400,80502,16
1448946000,83256,17
1451624400,86270,18
1454302800,89187,19
1456808400,92137,20
1459483200,95684,21
1462075200,98933,22
1464753600,102165,23
1467345600,105010,24
1470024000,108199,25
1472702400,111504,26
1475294400,114721,27
1477972800,118085,28
1480568400,121166,29
1483246800,124397,30
1485925200,127479,31
1488344400,131012,32
1491019200,134861,33
1493611200,138580,34
1496289600,142386,35
1498881600,146589,36
1501560000,150712,37
1504238400,154681,38
1506830400,158294,39
1509508800,162724,40
1512104400,166838,41
1514782800,171009,42
1517461200,175828,43
1519880400,179918,44
1522555200,184576,45
1525147200,189058,46
1527825600,193645,47
1530417600,198430,48
1533096000,203492,49
1535774400,208251,50
1538366400,212947,51
1541044800,217580,52
1543640400,222810,53
1546318800,226970,54
1548997200,231948,55
1551416400,236901,56
1554091200,242602,57
1556683200,247850,58
1559361600,253186,59
1561953600,258116,60
1564632000,263345,61
1567310400,268419,62
1569902400,273569,63
1572580800,278592,64
1575176400,283630,65
1577854800,288631,66
1580533200,293777,67
1583038800,298439,68
1585713600,304010,69
1588305600,309588,70
1590984000,315387,71
1593576000,320701,72
1596254400,326186,73
1598932800,331515,74
1601524800,336979,75
1604203200,342869,76
1606798800,349488,77
