1422766800,99030,
1425186000,30951,
1427860800,32501,
1430452800,34058,
1433131200,35713,
1435723200,36380,
1438401600,21981,0
1441080000,27177,0
1443672000,22157,0
1446350400,17522,0
1448946000,18267,0
1451624400,22550,0
1454302800,23667,0
1456808400,25349,0
1459483200,21135,0
1462075200,19087,0
1464753600,19868,0
1467345600,20574,0
1470024000,19449,0
1472702400,20537,0
1475294400,22036,0
1477972800,22115,0
1480568400,19156,0
1483246800,15245,0
1485925200,15492,0
1488344400,14499,0
1491019200,15026,0
1493611200,15475,0
1496289600,16361,0
1498881600,16827,0
1501560000,16970,1
1504238400,17136,0
1506830400,12958,0
1509508800,12919,0
1512104400,12893,0
1514782800,12274,0
1517461200,12576,0
1519880400,12189,0
1522555200,12295,0
1525147200,12722,0
1527825600,12879,0
1530417600,13047,0
1533096000,13325,1
1535774400,7836,0
1538366400,7841,0
1541044800,7880,0
1543640400,7890,0
1546318800,7879,0
1548997200,7869,0
1551416400,7584,0
1554091200,7514,0
1556683200,7507,0
1559361600,7512,0
1561953600,7552,0
1564632000,7620,0
1567310400,7372,0
1569902400,7145,0
1572580800,6964,0
1575176400,6878,0
1577854800,6840,0
1580533200,6778,0
1583038800,6727,0
1585713600,6682,0
1588305600,6582,0
1590984000,6595,0
1593576000,6597,0
1596254400,6510,0
1598932800,6492,0
1601524800,6476,0
1604203200,6478,0
1606798800,6439,0
