1514782800,491758,
1517461200,495227,
1519880400,498503,
1522555200,502292,
1525147200,505992,
1527825600,509880,
1530417600,514048,1
1533096000,518367,2
1535774400,522524,3
1538366400,526743,4
1541044800,530881,5
1543640400,535592,6
1546318800,539304,7
1548997200,543901,8
1551416400,548449,9
1554091200,553812,10
1556683200,558749,11
1559361600,563739,12
1561953600,568464,13
1564632000,573400,14
1567310400,578191,15
1569902400,583104,16
1572580800,587931,17
1575176400,592765,18
1577854800,597564,19
1580533200,602515,20
1583038800,607032,21
1585713600,612429,22
1588305600,617827,23
1590984000,623465,24
1593576000,628589,25
1596254400,633893,26
1598932800,639071,27
1601524800,644371,28
1604203200,650121,29
1606798800,656610,30
