1420088400,31606,
1422766800,33489,
1425186000,35266,
1427860800,37143,
1430452800,39009,
1433131200,41137,
1435723200,43230,1
1438401600,45759,2
1441080000,48320,3
1443672000,50991,4
1446350400,53675,5
1448946000,56524,6
1451624400,59607,7
1454302800,62590,8
1456808400,65605,9
1459483200,69149,10
1462075200,72518,11
1464753600,75790,12
1467345600,78685,13
1470024000,81904,14
1472702400,85250,15
1475294400,88486,16
1477972800,91878,17
1480568400,95028,18
1483246800,98284,19
1485925200,101381,20
1488344400,104944,21
1491019200,108815,22
1493611200,112559,23
1496289600,116399,24
1498881600,120608,25
1501560000,124775,26
1504238400,128780,27
1506830400,132405,28
1509508800,136710,29
1512104400,140869,30
1514782800,145056,31
1517461200,149857,32
1519880400,153963,33
1522555200,158648,34
1525147200,163160,35
1527825600,167763,36
1530417600,172566,37
1533096000,177196,38
1535774400,181727,39
1538366400,186426,40
1541044800,191065,41
1543640400,196213,42
1546318800,200343,43
1548997200,205304,44
1551416400,210246,45
1554091200,215959,46
1556683200,221186,47
1559361600,226490,48
1561953600,231381,49
1564632000,236617,50
1567310400,241710,51
1569902400,246898,52
1572580800,251903,53
1575176400,256937,54
1577854800,261927,55
1580533200,267077,56
1583038800,271759,57
1585713600,277195,58
1588305600,282783,59
1590984000,288569,60
1593576000,293676,61
1596254400,299123,62
1598932800,304219,63
1601524800,309379,64
1604203200,315253,65
1606798800,321786,66
