1367380800,22074,
1370059200,22524,
1372651200,23147,
1375329600,23799,
1378008000,24389,
1380600000,25204,
1383278400,25929,1
1385874000,26810,2
1388552400,27757,3
1391230800,28859,4
1393650000,29847,5
1396324800,31109,6
1398916800,32308,7
1401595200,33684,8
1404187200,35066,9
1406865600,36402,10
1409544000,38024,11
1412136000,39556,12
1414814400,41184,13
1417410000,42827,14
1420088400,44338,15
1422766800,46174,16
1425186000,47907,17
1427860800,49761,18
1430452800,51605,19
1433131200,53754,20
1435723200,55808,21
1438401600,58307,22
1441080000,60833,23
1443672000,63497,24
1446350400,66134,25
1448946000,68934,26
1451624400,71989,27
1454302800,74944,28
1456808400,77928,29
1459483200,81481,30
1462075200,84769,31
1464753600,88031,32
1467345600,90904,33
1470024000,94124,34
1472702400,97456,35
1475294400,100691,36
1477972800,104073,37
1480568400,107173,38
1483246800,110425,39
1485925200,113521,40
1488344400,117069,41
1491019200,120937,42
1493611200,124670,43
1496289600,128489,44
1498881600,132704,45
1501560000,136855,46
1504238400,140848,47
1506830400,144462,48
1509508800,148915,49
1512104400,153049,50
1514782800,157229,51
1517461200,162057,52
1519880400,166153,53
1522555200,170807,54
1525147200,175306,55
1527825600,179898,56
1530417600,184687,57
1533096000,189761,58
1535774400,194528,59
1538366400,199231,60
1541044800,203873,61
1543640400,209113,62
1546318800,213272,63
1548997200,218258,64
1551416400,223220,65
1554091200,228928,66
1556683200,234177,67
1559361600,239511,68
1561953600,244443,69
1564632000,249679,70
1567310400,254758,71
1569902400,259906,72
1572580800,264934,73
1575176400,269976,74
1577854800,274985,75
1580533200,280132,76
1583038800,284799,77
1585713600,290372,78
1588305600,295955,79
1590984000,301755,80
1593576000,307071,81
1596254400,312561,82
1598932800,317895,83
1601524800,323361,84
1604203200,329257,85
1606798800,335881,86
