1504238400,432490,
1506830400,435073,
1509508800,438325,
1512104400,441629,
1514782800,445034,
1517461200,449016,
1519880400,452573,1
1522555200,456644,2
1525147200,460559,3
1527825600,464629,4
1530417600,468950,5
1533096000,473436,6
1535774400,477712,7
1538366400,482086,8
1541044800,486329,9
1543640400,491135,10
1546318800,494951,11
1548997200,499634,12
1551416400,504269,13
1554091200,509712,14
1556683200,514724,15
1559361600,519810,16
1561953600,524587,17
1564632000,529610,18
1567310400,534459,19
1569902400,539430,20
1572580800,544285,21
1575176400,549146,22
1577854800,553983,23
1580533200,558965,24
1583038800,563516,25
1585713600,568957,26
1588305600,574388,27
1590984000,580060,28
1593576000,585224,29
1596254400,590574,30
1598932800,595776,31
1601524800,601109,32
1604203200,606886,33
1606798800,613402,34
