1501560000,77427,
1504238400,79580,
1506830400,81498,
1509508800,83833,
1512104400,86043,
1514782800,88204,
1517461200,90915,1
1519880400,93172,2
1522555200,95616,3
1525147200,98212,4
1527825600,100693,5
1530417600,103333,6
1533096000,105796,7
1535774400,113287,0
1538366400,115914,1
1541044800,118583,2
1543640400,121639,3
1546318800,124035,4
1548997200,126886,5
1551416400,129644,6
1554091200,132837,7
1556683200,135829,8
1559361600,138961,9
1561953600,141739,10
1564632000,144624,11
1567310400,147471,12
1569902400,150545,13
1572580800,153360,14
1575176400,156090,15
1577854800,158941,16
1580533200,161842,17
1583038800,164445,18
1585713600,167513,19
1588305600,170770,20
1590984000,173952,21
1593576000,176704,22
1596254400,179518,23
1598932800,182515,24
1601524800,185441,25
1604203200,189212,26
1606798800,193473,27
