1475294400,281311,
1477972800,283735,
1480568400,94782,
1483246800,81855,
1485925200,84333,
1488344400,80759,
1491019200,75786,0
1493611200,78188,0
1496289600,84204,0
1498881600,86838,0
1501560000,89494,0
1504238400,76825,0
1506830400,78742,0
1509508800,97474,0
1512104400,96141,0
1514782800,98651,0
1517461200,101713,0
1519880400,104273,0
1522555200,107074,0
1525147200,113504,1
1527825600,116436,2
1530417600,119520,3
1533096000,122465,4
1535774400,125357,5
1538366400,132322,6
1541044800,97700,0
1543640400,100723,0
1546318800,113344,0
1548997200,116076,0
1551416400,117894,0
1554091200,120796,0
1556683200,123546,0
1559361600,126519,1
1561953600,129050,2
1564632000,131728,3
1567310400,134339,4
1569902400,137096,5
1572580800,139687,6
1575176400,142257,7
1577854800,144928,8
1580533200,147575,9
1583038800,149932,10
1585713600,152755,11
1588305600,155666,12
1590984000,158593,13
1593576000,161153,14
1596254400,159140,0
1598932800,161778,0
1601524800,164391,0
1604203200,167698,0
1606798800,171712,0
