1464753600,245335,
1467345600,247147,
1470024000,249584,
1472702400,252116,
1475294400,254666,
1477972800,257440,
1480568400,259975,1
1483246800,262755,2
1485925200,265504,3
1488344400,268639,4
1491019200,78054,0
1493611200,80437,0
1496289600,77025,0
1498881600,79400,0
1501560000,81885,0
1504238400,84275,0
1506830400,86320,0
1509508800,73641,0
1512104400,81464,0
1514782800,77847,0
1517461200,80206,0
1519880400,76259,0
1522555200,106277,0
1525147200,109260,0
1527825600,112112,0
1530417600,115567,0
1533096000,118719,0
1535774400,124833,1
1538366400,127754,2
1541044800,131092,3
1543640400,134577,4
1546318800,137368,5
1548997200,140582,6
1551416400,143703,7
1554091200,127063,0
1556683200,120739,0
1559361600,123069,0
1561953600,125833,0
1564632000,128400,0
1567310400,132381,0
1569902400,135090,1
1572580800,128143,0
1575176400,130650,0
1577854800,133373,0
1580533200,135805,0
1583038800,138014,0
1585713600,141459,1
1588305600,144349,2
1590984000,44304,0
1593576000,17688,0
1596254400,9907,0
1598932800,9527,0
1601524800,8983,0
1604203200,8234,0
1606798800,6759,0
