1483246800,317744,
1485925200,320044,
1488344400,322814,
1491019200,325923,
1493611200,329013,
1496289600,332201,
1498881600,335848,1
1501560000,339430,2
1504238400,342953,3
1506830400,346157,4
1509508800,350047,5
1512104400,353802,6
1514782800,357599,7
1517461200,361996,8
1519880400,365814,9
1522555200,370204,10
1525147200,374384,11
1527825600,378710,12
1530417600,383253,13
1533096000,387980,14
1535774400,392483,15
1538366400,396997,16
1541044800,401415,17
1543640400,406422,18
1546318800,410419,19
1548997200,415252,20
1551416400,420025,21
1554091200,425582,22
1556683200,430729,23
1559361600,435931,24
1561953600,440767,25
1564632000,445884,26
1567310400,450820,27
1569902400,455871,28
1572580800,460802,29
1575176400,465749,30
1577854800,470667,31
1580533200,475715,32
1583038800,480322,33
1585713600,485825,34
1588305600,491315,35
1590984000,497034,36
1593576000,502267,37
1596254400,507675,38
1598932800,512917,39
1601524800,518302,40
1604203200,524130,41
1606798800,530686,42
