1564632000,849427,
1567310400,853100,
1569902400,857198,
1572580800,861245,
1575176400,865474,
1577854800,869674,
1580533200,874053,1
1583038800,878056,2
1585713600,882853,3
1588305600,887622,4
1590984000,892614,5
1593576000,897262,6
1596254400,902019,7
1598932800,906715,8
1601524800,911535,9
1604203200,915989,10
1606798800,920362,11
1609477200,924935,12
1612155600,929940,13
1614574800,934717,14
1617249600,942005,15
1619841600,948257,16
1622520000,954000,17
1625112000,965124,18
1627790400,970379,19
