1509508800,455979,
1512104400,459077,
1514782800,462334,
1517461200,466170,
1519880400,469632,
1522555200,473612,
1525147200,477460,1
1527825600,481474,2
1530417600,485741,3
1533096000,490152,4
1535774400,494386,5
1538366400,498704,6
1541044800,502905,7
1543640400,507663,8
1546318800,511439,9
1548997200,516083,10
1551416400,520703,11
1554091200,526108,12
1556683200,531090,13
1559361600,536134,14
1561953600,540897,15
1564632000,545903,16
1567310400,550733,17
1569902400,555684,18
1572580800,560547,19
1575176400,565397,20
1577854800,570225,21
1580533200,575191,22
1583038800,579730,23
1585713600,585147,24
1588305600,590576,25
1590984000,596232,26
1593576000,601377,27
1596254400,606709,28
1598932800,611902,29
1601524800,617222,30
1604203200,622982,31
1606798800,629489,32
