1509508800,44665,
1512104400,45799,
1514782800,46967,
1517461200,48318,
1519880400,49465,
1522555200,50738,
1525147200,52061,1
1527825600,53310,2
1530417600,54488,3
1533096000,55751,4
1535774400,47142,0
1538366400,50916,0
1541044800,52071,0
1543640400,53343,0
1546318800,54508,0
1548997200,55785,0
1551416400,56983,1
1554091200,57141,2
1556683200,58423,3
1559361600,57856,0
1561953600,58983,0
1564632000,60241,0
1567310400,61375,0
1569902400,62657,0
1572580800,63779,1
1575176400,65003,2
1577854800,66279,3
1580533200,67420,4
1583038800,68540,5
1585713600,69858,6
1588305600,71199,7
1590984000,72630,8
1593576000,73731,9
1596254400,74928,10
1598932800,76126,11
1601524800,77308,12
1604203200,78946,13
1606798800,81069,14
