1446350400,169915,
1448946000,171692,
1451624400,174014,
1454302800,176314,
1456808400,178761,
1459483200,181869,
1462075200,184723,1
1464753600,187554,2
1467345600,190082,3
1470024000,192962,4
1472702400,195904,5
1475294400,198818,6
1477972800,201927,7
1480568400,204778,8
1483246800,207802,9
1485925200,210702,10
1488344400,214036,11
1491019200,217665,12
1493611200,221217,13
1496289600,224852,14
1498881600,228890,15
1501560000,232871,16
1504238400,236683,17
1506830400,240179,18
1509508800,244387,19
1512104400,248395,20
1514782800,252449,21
1517461200,257148,22
1519880400,261148,23
1522555200,265717,24
1525147200,270118,25
1527825600,274626,26
1530417600,279310,27
1533096000,284285,28
1535774400,288958,29
1538366400,293598,30
1541044800,298160,31
1543640400,303329,32
1546318800,307434,33
1548997200,312366,34
1551416400,317288,35
1554091200,322932,36
1556683200,328149,37
1559361600,333444,38
1561953600,338337,39
1564632000,343531,40
1567310400,348553,41
1569902400,353669,42
1572580800,358657,43
1575176400,363656,44
1577854800,368629,45
1580533200,373737,46
1583038800,378387,47
1585713600,383944,48
1588305600,389498,49
1590984000,395277,50
1593576000,400571,51
1596254400,406032,52
1598932800,411335,53
1601524800,416767,54
1604203200,422626,55
1606798800,429224,56
