1527825600,581067,
1530417600,584609,
1533096000,588407,
1535774400,592182,
1538366400,596074,
1541044800,600026,
1543640400,604523,1
1546318800,608067,2
1548997200,612452,3
1551416400,616803,4
1554091200,622018,5
1556683200,626814,6
1559361600,631688,7
1561953600,636315,8
1564632000,641117,9
1567310400,645780,10
1569902400,650591,11
1572580800,655307,12
1575176400,660033,13
1577854800,664753,14
1580533200,669627,15
1583038800,674077,16
1585713600,679402,17
1588305600,684734,18
1590984000,690318,19
1593576000,695392,20
1596254400,700649,21
1598932800,705772,22
1601524800,711023,23
1604203200,716730,24
1606798800,723171,25
