1501560000,414902,
1504238400,417848,
1506830400,420644,
1509508800,424065,
1512104400,427478,
1514782800,430968,
1517461200,435020,1
1519880400,438621,2
1522555200,442761,3
1525147200,446740,4
1527825600,450864,5
1530417600,455221,6
1533096000,459757,7
1535774400,464068,8
1538366400,468483,9
1541044800,472760,10
1543640400,477604,11
1546318800,481445,12
1548997200,486165,13
1551416400,490830,14
1554091200,496287,15
1556683200,501322,16
1559361600,506426,17
1561953600,511214,18
1564632000,516265,19
1567310400,521127,20
1569902400,526104,21
1572580800,530968,22
1575176400,535848,23
1577854800,540702,24
1580533200,545705,25
1583038800,550264,26
1585713600,555713,27
1588305600,561155,28
1590984000,566834,29
1593576000,572010,30
1596254400,577367,31
1598932800,582576,32
1601524800,587924,33
1604203200,593706,34
1606798800,600226,35
