1420088400,95557,
1422766800,96881,
1425186000,98205,
1427860800,99669,
1430452800,101226,
1433131200,103028,
1435723200,104821,1
1438401600,107038,2
1441080000,109333,3
1443672000,111740,4
1446350400,114174,5
1448946000,116744,6
1451624400,119628,7
1454302800,122411,8
1456808400,125227,9
1459483200,128673,10
1462075200,131807,11
1464753600,134943,12
1467345600,137710,13
1470024000,140808,14
1472702400,144006,15
1475294400,147126,16
1477972800,150407,17
1480568400,153408,18
1483246800,156585,19
1485925200,159614,20
1488344400,163084,21
1491019200,166867,22
1493611200,170538,23
1496289600,174298,24
1498881600,178452,25
1501560000,182535,26
1504238400,186457,27
1506830400,190034,28
1509508800,194384,29
1512104400,198473,30
1514782800,202613,31
1517461200,207396,32
1519880400,211456,33
1522555200,216094,34
1525147200,220548,35
1527825600,225113,36
1530417600,229871,37
1533096000,234908,38
1535774400,239641,39
1538366400,244325,40
1541044800,248941,41
1543640400,254163,42
1546318800,258302,43
1548997200,263269,44
1551416400,268213,45
1554091200,273902,46
1556683200,279147,47
1559361600,284469,48
1561953600,289381,49
1564632000,294600,50
1567310400,299660,51
1569902400,304795,52
1572580800,309803,53
1575176400,314832,54
1577854800,319823,55
1580533200,324956,56
1583038800,329616,57
1585713600,335193,58
1588305600,340759,59
1590984000,346554,60
1593576000,351860,61
1596254400,357337,62
1598932800,362660,63
1601524800,368115,64
1604203200,373995,65
1606798800,380611,66
