1504238400,438259,
1506830400,40386,
1509508800,21508,
1512104400,22068,
1514782800,22183,
1517461200,22804,
1519880400,22355,0
1522555200,22945,0
1525147200,23339,0
1527825600,469944,0
1530417600,474248,0
1533096000,478710,0
1535774400,482975,0
1538366400,487338,0
1541044800,491563,1
1543640400,496349,2
1546318800,500155,3
1548997200,504821,4
1551416400,509445,5
1554091200,514880,6
1556683200,519886,7
1559361600,524954,8
1561953600,529732,9
1564632000,534751,10
1567310400,539595,11
1569902400,544560,12
1572580800,549428,13
1575176400,554287,14
1577854800,559122,15
1580533200,564098,16
1583038800,568647,17
1585713600,574081,18
1588305600,579513,19
1590984000,585184,20
1593576000,590343,21
1596254400,595689,22
1598932800,600888,23
1601524800,606218,24
1604203200,611986,25
1606798800,618500,26
