1551416400,736082,
1554091200,740536,
1556683200,744619,
1559361600,748980,
1561953600,753149,
1564632000,757520,
1567310400,761883,1
1569902400,766377,2
1572580800,770774,3
1575176400,775251,4
1577854800,779764,5
1580533200,784340,6
1583038800,788518,7
1585713600,793539,8
1588305600,798525,9
1590984000,803680,10
1593576000,808473,11
1596254400,813367,12
1598932800,818160,13
1601524800,823126,14
1604203200,827691,15
1606798800,832165,16
1609477200,836801,17
1612155600,841886,18
1614574800,846746,19
1617249600,854109,20
1619841600,860417,21
1622520000,866221,22
1625112000,877509,23
