1438401600,35506,
1441080000,34071,
1443672000,30868,
1446350400,29925,
1448946000,31296,
1451624400,32757,
1454302800,36662,0
1456808400,38128,0
1459483200,39787,1
1462075200,41462,2
1464753600,43111,3
1467345600,44599,4
1470024000,46225,5
1472702400,47832,6
1475294400,49330,7
1477972800,51062,8
1480568400,52648,9
1483246800,54252,10
1485925200,55858,11
1488344400,57567,12
1491019200,59544,13
1493611200,61419,14
1496289600,63271,15
1498881600,65162,16
1501560000,67142,17
1504238400,69064,18
1506830400,70875,19
1509508800,72995,20
1512104400,74973,21
1514782800,76904,22
1517461200,79211,23
1519880400,81281,24
1522555200,83506,25
1525147200,85741,26
1527825600,88003,27
1530417600,90330,28
1533096000,92518,29
1535774400,100022,0
1538366400,102360,1
1541044800,104658,2
1543640400,107405,3
1546318800,109647,0
1548997200,112221,1
1551416400,114679,2
1554091200,117505,3
1556683200,120110,4
1559361600,122958,5
1561953600,125369,6
1564632000,127941,7
1567310400,130477,8
1569902400,133141,9
1572580800,135728,10
1575176400,138220,11
1577854800,140807,12
1580533200,143374,13
1583038800,145701,14
1585713600,148373,15
1588305600,151247,16
1590984000,154089,17
1593576000,156628,18
1596254400,159226,19
1598932800,161870,20
1601524800,164483,21
1604203200,167794,22
1606798800,171825,23
