1483246800,320303,
1485925200,322527,
1488344400,325256,
1491019200,328347,
1493611200,331422,
1496289600,334599,
1498881600,338228,1
1501560000,341798,2
1504238400,345309,3
1506830400,348503,4
1509508800,352384,5
1512104400,356134,6
1514782800,359920,7
1517461200,364305,8
1519880400,368120,9
1522555200,372502,10
1525147200,376676,11
1527825600,380996,12
1530417600,385537,13
1533096000,390262,14
1535774400,394760,15
1538366400,399270,16
1541044800,403688,17
1543640400,408690,18
1546318800,412684,19
1548997200,417514,20
1551416400,422287,21
1554091200,427840,22
1556683200,432984,23
1559361600,438180,24
1561953600,443013,25
1564632000,448130,26
1567310400,453066,27
1569902400,458119,28
1572580800,463049,29
1575176400,467995,30
1577854800,472911,31
1580533200,477956,32
1583038800,482561,33
1585713600,488064,34
1588305600,493554,35
1590984000,499273,36
1593576000,504504,37
1596254400,509912,38
1598932800,515154,39
1601524800,520538,40
1604203200,526365,41
1606798800,532917,42
