1543640400,692423,
1546318800,695541,
1548997200,699476,
1551416400,703406,
1554091200,708196,
1556683200,712703,
1559361600,717292,1
1561953600,721660,2
1564632000,726213,3
1567310400,730682,4
1569902400,735329,5
1572580800,739866,6
1575176400,744489,7
1577854800,749094,8
1580533200,753832,9
1583038800,758155,10
1585713600,763383,11
1588305600,768594,12
1590984000,774052,13
1593576000,779019,14
1596254400,784200,15
1598932800,789254,16
1601524800,794435,17
1604203200,800076,18
1606798800,806445,19
