1525147200,565848,
1527825600,569086,
1530417600,572877,
1533096000,576816,
1535774400,580705,
1538366400,584641,
1541044800,588567,1
1543640400,593128,2
1546318800,596692,3
1548997200,601119,4
1551416400,605551,5
1554091200,610783,6
1556683200,615608,7
1559361600,620502,8
1561953600,625142,9
1564632000,629964,10
1567310400,634661,11
1569902400,639491,12
1572580800,644228,13
1575176400,648981,14
1577854800,653727,15
1580533200,658609,16
1583038800,663067,17
1585713600,668410,18
1588305600,673758,19
1590984000,679362,20
1593576000,684438,21
1596254400,689703,22
1598932800,694831,23
1601524800,700089,24
1604203200,705806,25
1606798800,712257,26
