1514782800,492376,
1517461200,495829,
1519880400,499100,
1522555200,502887,
1525147200,506580,
1527825600,510462,
1530417600,514624,1
1533096000,518942,2
1535774400,523096,3
1538366400,527314,4
1541044800,531448,5
1543640400,536161,6
1546318800,539871,7
1548997200,544465,8
1551416400,549011,9
1554091200,554373,10
1556683200,559311,11
1559361600,564299,12
1561953600,569024,13
1564632000,573961,14
1567310400,578752,15
1569902400,583665,16
1572580800,588492,17
1575176400,593327,18
1577854800,598126,19
1580533200,603076,20
1583038800,607593,21
1585713600,612990,22
1588305600,618386,23
1590984000,624023,24
1593576000,629146,25
1596254400,634450,26
1598932800,639627,27
1601524800,644926,28
1604203200,650676,29
1606798800,657165,30
