1383278400,36234,
1385874000,36909,
1388552400,37702,
1391230800,38648,
1393650000,39534,
1396324800,40676,
1398916800,41804,1
1401595200,43097,2
1404187200,44422,3
1406865600,45687,4
1409544000,47235,5
1412136000,48730,6
1414814400,50313,7
1417410000,51895,8
1420088400,53368,9
1422766800,55177,10
1425186000,56866,11
1427860800,58680,12
1430452800,60496,13
1433131200,62618,14
1435723200,64638,15
1438401600,67089,16
1441080000,69590,17
1443672000,72223,18
1446350400,74832,19
1448946000,77610,20
1451624400,80644,21
1454302800,83574,22
1456808400,86537,23
1459483200,90096,24
1462075200,93358,25
1464753600,96601,26
1467345600,99456,27
1470024000,102658,28
1472702400,105980,29
1475294400,109205,30
1477972800,112576,31
1480568400,115663,32
1483246800,118897,33
1485925200,121986,34
1488344400,125524,35
1491019200,129378,36
1493611200,133100,37
1496289600,136906,38
1498881600,141115,39
1501560000,145251,40
1504238400,149233,41
1506830400,152847,42
1509508800,157286,43
1512104400,161409,44
1514782800,165583,45
1517461200,170409,46
1519880400,174501,47
1522555200,179148,48
1525147200,183639,49
1527825600,188230,50
1530417600,193014,51
1533096000,198078,52
1535774400,202841,53
1538366400,207541,54
1541044800,212178,55
1543640400,217412,56
1546318800,221573,57
1548997200,226556,58
1551416400,231513,59
1554091200,237217,60
1556683200,242464,61
1559361600,247798,62
1561953600,252729,63
1564632000,257959,64
1567310400,263035,65
1569902400,268186,66
1572580800,273208,67
1575176400,278249,68
1577854800,283253,69
1580533200,288397,70
1583038800,293063,71
1585713600,298634,72
1588305600,304215,73
1590984000,310015,74
1593576000,315329,75
1596254400,320818,76
1598932800,326151,77
1601524800,331615,78
1604203200,337507,79
1606798800,344129,80
