1556683200,775406,
1559361600,779516,
1561953600,783513,
1564632000,787722,
1567310400,791962,
1569902400,796393,
1572580800,800699,1
1575176400,805112,2
1577854800,809542,3
1580533200,814071,4
1583038800,818189,5
1585713600,823149,6
1588305600,828058,7
1590984000,833171,8
1593576000,837927,9
1596254400,842771,10
1598932800,847536,11
1601524800,852443,12
1604203200,856965,13
1606798800,861406,14
1609477200,866022,15
1612155600,871091,16
1614574800,875925,17
1617249600,883264,18
1619841600,889557,19
1622520000,895340,20
1625112000,906588,21
