1493611200,371463,
1496289600,374215,
1498881600,377512,
1501560000,380789,
1504238400,384093,
1506830400,387131,
1509508800,390806,1
1512104400,394395,2
1514782800,398023,3
1517461200,402258,4
1519880400,405978,5
1522555200,410255,6
1525147200,414326,7
1527825600,418545,8
1530417600,423000,9
1533096000,427611,10
1535774400,432006,11
1538366400,436464,12
1541044800,440799,13
1543640400,445719,14
1546318800,449613,15
1548997200,454394,16
1551416400,459116,17
1554091200,464619,18
1556683200,469704,19
1559361600,474855,20
1561953600,479674,21
1564632000,484749,22
1567310400,489644,23
1569902400,494666,24
1572580800,499562,25
1575176400,504473,26
1577854800,509361,27
1580533200,514380,28
1583038800,518965,29
1585713600,524440,30
1588305600,529905,31
1590984000,535597,32
1593576000,540801,33
1596254400,546185,34
1598932800,551412,35
1601524800,556769,36
1604203200,562574,37
1606798800,569109,38
