1488344400,92247,
1491019200,95431,
1493611200,98432,
1496289600,101672,
1498881600,104860,
1501560000,108221,
1504238400,111347,1
1506830400,114277,2
1509508800,117684,3
1512104400,121046,4
1514782800,124410,5
1517461200,128229,6
1519880400,131524,7
1522555200,135172,8
1525147200,138731,9
1527825600,142383,10
1530417600,146259,11
1533096000,150093,12
1535774400,155751,13
1538366400,159450,14
1541044800,163242,15
1543640400,167590,16
1546318800,171042,17
1548997200,175117,18
1551416400,179112,19
1554091200,183670,20
1556683200,188022,21
1559361600,192481,22
1561953600,196549,23
1564632000,200759,24
1567310400,204882,25
1569902400,209145,26
1572580800,213217,27
1575176400,217179,28
1577854800,221247,29
1580533200,225469,30
1583038800,229286,31
1585713600,233736,32
1588305600,238377,33
1590984000,243126,34
1593576000,247174,35
1596254400,251516,36
1598932800,255740,37
1601524800,259830,38
1604203200,264777,39
1606798800,270330,40
