1488344400,349052,
1491019200,351702,
1493611200,354528,
1496289600,357529,
1498881600,360987,
1501560000,364401,
1504238400,367799,1
1506830400,370906,2
1509508800,374682,3
1512104400,378349,4
1514782800,382045,5
1517461200,386364,6
1519880400,390117,7
1522555200,394444,8
1525147200,398565,9
1527825600,402825,10
1530417600,407320,11
1533096000,411960,12
1535774400,416394,13
1538366400,420874,14
1541044800,425231,15
1543640400,430184,16
1546318800,434116,17
1548997200,438915,18
1551416400,443662,19
1554091200,449184,20
1556683200,454289,21
1559361600,459453,22
1561953600,464286,23
1564632000,469382,24
1567310400,474292,25
1569902400,479326,26
1572580800,484235,27
1575176400,489155,28
1577854800,494057,29
1580533200,499087,30
1583038800,503679,31
1585713600,509170,32
1588305600,514648,33
1590984000,520355,34
1593576000,525578,35
1596254400,530975,36
1598932800,536205,37
1601524800,541574,38
1604203200,547390,39
1606798800,553930,40
