1438401600,141149,
1441080000,142992,
1443672000,145074,
1446350400,147226,
1448946000,149457,
1451624400,152083,
1454302800,154643,1
1456808400,157301,2
1459483200,160580,3
1462075200,163545,4
1464753600,166505,5
1467345600,169154,6
1470024000,172122,7
1472702400,175180,8
1475294400,178194,9
1477972800,181384,10
1480568400,184293,11
1483246800,187380,12
1485925200,190326,13
1488344400,193706,14
1491019200,197410,15
1493611200,201020,16
1496289600,204708,17
1498881600,208790,18
1501560000,212814,19
1504238400,216676,20
1506830400,220205,21
1509508800,224473,22
1512104400,228508,23
1514782800,232599,24
1517461200,237333,25
1519880400,241360,26
1522555200,245957,27
1525147200,250380,28
1527825600,254908,29
1530417600,259621,30
1533096000,264620,31
1535774400,269314,32
1538366400,273966,33
1541044800,278551,34
1543640400,283747,35
1546318800,287859,36
1548997200,292807,37
1551416400,297732,38
1554091200,303398,39
1556683200,308623,40
1559361600,313929,41
1561953600,318829,42
1564632000,324033,43
1567310400,329068,44
1569902400,334191,45
1572580800,339187,46
1575176400,344193,47
1577854800,349173,48
1580533200,354286,49
1583038800,358942,50
1585713600,364509,51
1588305600,370062,52
1590984000,375851,53
1593576000,381152,54
1596254400,386620,55
1598932800,391931,56
1601524800,397375,57
1604203200,403239,58
1606798800,409846,59
