1354338000,13012,
1357016400,13312,
1359694800,13781,
1362114000,14220,
1364788800,14901,
1367380800,15538,
1370059200,16142,1
1372651200,16878,2
1375329600,17618,3
1378008000,18287,4
1380600000,19167,5
1383278400,19947,6
1385874000,20875,7
1388552400,21873,8
1391230800,23015,9
1393650000,24050,10
1396324800,25382,11
1398916800,26630,12
1401595200,28048,13
1404187200,29458,14
1406865600,30830,15
1409544000,32495,16
1412136000,34047,17
1414814400,35696,18
1417410000,37350,19
1420088400,38883,20
1422766800,40748,21
1425186000,42508,22
1427860800,44373,23
1430452800,46224,24
1433131200,48386,25
1435723200,50456,26
1438401600,52968,27
1441080000,55504,28
1443672000,58183,29
1446350400,60842,30
1448946000,63658,31
1451624400,66725,32
1454302800,69697,33
1456808400,72698,34
1459483200,76242,35
1462075200,79541,36
1464753600,82813,37
1467345600,85691,38
1470024000,88918,39
1472702400,92257,40
1475294400,95497,41
1477972800,98884,42
1480568400,101989,43
1483246800,105248,44
1485925200,108343,45
1488344400,111903,46
1491019200,115772,47
1493611200,119515,48
1496289600,123341,49
1498881600,127559,50
1501560000,131717,51
1504238400,135721,52
1506830400,139345,53
1509508800,143817,54
1512104400,147958,55
1514782800,152147,56
1517461200,156973,57
1519880400,161079,58
1522555200,165735,59
1525147200,170240,60
1527825600,174839,61
1530417600,179632,62
1533096000,184709,63
1535774400,189482,64
1538366400,194188,65
1541044800,198832,66
1543640400,204068,67
1546318800,208231,68
1548997200,213217,69
1551416400,218180,70
1554091200,223896,71
1556683200,229151,72
1559361600,234490,73
1561953600,239427,74
1564632000,244668,75
1567310400,249747,76
1569902400,254894,77
1572580800,259922,78
1575176400,264967,79
1577854800,269978,80
1580533200,275129,81
1583038800,279799,82
1585713600,285376,83
1588305600,290961,84
1590984000,296764,85
1593576000,302082,86
1596254400,307573,87
1598932800,312907,88
1601524800,318374,89
1604203200,324271,90
1606798800,330898,91
