1425186000,106619,
1427860800,20935,
1430452800,21812,
1433131200,22790,
1435723200,23750,
1438401600,24986,
1441080000,26118,1
1443672000,27210,2
1446350400,28347,3
1448946000,29562,4
1451624400,28623,0
1454302800,29790,0
1456808400,30968,0
1459483200,32305,0
1462075200,34036,0
1464753600,35329,1
1467345600,36506,2
1470024000,37788,3
1472702400,39106,4
1475294400,40270,5
1477972800,41679,6
1480568400,42981,7
1483246800,44278,8
1485925200,45603,9
1488344400,47044,10
1491019200,48661,11
1493611200,49868,12
1496289600,51444,13
1498881600,53006,14
1501560000,54592,15
1504238400,56161,16
1506830400,57634,17
1509508800,59294,18
1512104400,60928,19
1514782800,62564,20
1517461200,64407,21
1519880400,66001,22
1522555200,67847,23
1525147200,69667,24
1527825600,61150,0
1530417600,62639,0
1533096000,64127,0
1535774400,59464,0
1538366400,60801,0
1541044800,62186,0
1543640400,63854,0
1546318800,65152,0
1548997200,66680,1
1551416400,68162,2
1554091200,69872,3
1556683200,71509,4
1559361600,73204,5
1561953600,74599,6
1564632000,76139,7
1567310400,77565,8
1569902400,79130,9
1572580800,80615,10
1575176400,82111,11
1577854800,83771,12
1580533200,80794,0
1583038800,82185,0
1585713600,83960,0
1588305600,85556,0
1590984000,87436,0
1593576000,88821,1
1596254400,90282,2
1598932800,91704,3
1601524800,93134,4
1604203200,95034,5
1606798800,97397,6
