1509508800,457820,
1512104400,460895,
1514782800,464132,
1517461200,467945,
1519880400,471392,
1522555200,475355,
1525147200,479192,1
1527825600,483206,2
1530417600,487467,3
1533096000,491869,4
1535774400,496101,5
1538366400,500417,6
1541044800,504616,7
1543640400,509375,8
1546318800,513149,9
1548997200,517791,10
1551416400,522408,11
1554091200,527812,12
1556683200,532788,13
1559361600,537827,14
1561953600,542588,15
1564632000,547589,16
1567310400,552415,17
1569902400,557362,18
1572580800,562223,19
1575176400,567074,20
1577854800,571902,21
1580533200,576866,22
1583038800,581405,23
1585713600,586822,24
1588305600,592250,25
1590984000,597907,26
1593576000,603050,27
1596254400,608380,28
1598932800,613568,29
1601524800,618887,30
1604203200,624648,31
1606798800,631154,32
