1561953600,821616,
1564632000,825476,
1567310400,829487,
1569902400,833731,
1572580800,837900,
1575176400,842213,
1577854800,846519,1
1580533200,850972,2
1583038800,855034,3
1585713600,859903,4
1588305600,864742,5
1590984000,869791,6
1593576000,874484,7
1596254400,879276,8
1598932800,884007,9
1601524800,888854,10
1604203200,893338,11
1606798800,897745,12
1609477200,902336,13
1612155600,907369,14
1614574800,912172,15
1617249600,919484,16
1619841600,925751,17
1622520000,931515,18
1625112000,942695,19
