1441080000,152267,
1443672000,154083,
1446350400,156077,
1448946000,158215,
1451624400,160740,
1454302800,163210,
1456808400,165785,1
1459483200,169002,2
1462075200,171932,3
1464753600,174839,4
1467345600,177439,5
1470024000,180367,6
1472702400,183376,7
1475294400,186354,8
1477972800,189515,9
1480568400,192402,10
1483246800,195463,11
1485925200,198379,12
1488344400,201745,13
1491019200,205411,14
1493611200,208992,15
1496289600,212656,16
1498881600,216719,17
1501560000,220734,18
1504238400,224568,19
1506830400,228077,20
1509508800,232322,21
1512104400,236346,22
1514782800,240423,23
1517461200,245146,24
1519880400,249168,25
1522555200,253752,26
1525147200,258170,27
1527825600,262693,28
1530417600,267397,29
1533096000,272389,30
1535774400,277076,31
1538366400,281724,32
1541044800,286299,33
1543640400,291484,34
1546318800,295596,35
1548997200,300542,36
1551416400,305463,37
1554091200,311119,38
1556683200,316340,39
1559361600,321642,40
1561953600,326541,41
1564632000,331745,42
1567310400,336774,43
1569902400,341899,44
1572580800,346890,45
1575176400,351895,46
1577854800,356873,47
1580533200,361983,48
1583038800,366635,49
1585713600,372203,50
1588305600,377757,51
1590984000,383542,52
1593576000,388840,53
1596254400,394304,54
1598932800,399612,55
1601524800,405050,56
1604203200,410912,57
1606798800,417516,58
