1488344400,346176,
1491019200,348919,
1493611200,351775,
1496289600,354809,
1498881600,358286,
1501560000,361721,
1504238400,365136,1
1506830400,368262,2
1509508800,372051,3
1512104400,375723,4
1514782800,379436,5
1517461200,383768,6
1519880400,387524,7
1522555200,391866,8
1525147200,395991,9
1527825600,400258,10
1530417600,404762,11
1533096000,409403,12
1535774400,413845,13
1538366400,418326,14
1541044800,422692,15
1543640400,427653,16
1546318800,431592,17
1548997200,436395,18
1551416400,441144,19
1554091200,446665,20
1556683200,451774,21
1559361600,456940,22
1561953600,461774,23
1564632000,466873,24
1567310400,471786,25
1569902400,476823,26
1572580800,481739,27
1575176400,486662,28
1577854800,491567,29
1580533200,496599,30
1583038800,501193,31
1585713600,506684,32
1588305600,512163,33
1590984000,517873,34
1593576000,523098,35
1596254400,528499,36
1598932800,533729,37
1601524800,539098,38
1604203200,544915,39
1606798800,551458,40
