1454302800,192982,
1456808400,195102,
1459483200,198006,
1462075200,200696,
1464753600,203398,
1467345600,205800,
1470024000,208595,1
1472702400,211465,2
1475294400,214319,3
1477972800,217353,4
1480568400,77602,0
1483246800,79969,0
1485925200,82342,0
1488344400,85062,0
1491019200,88047,0
1493611200,90826,1
1496289600,93705,2
1498881600,96666,3
1501560000,99659,4
1504238400,102516,5
1506830400,105122,6
1509508800,108142,7
1512104400,111132,8
1514782800,114148,9
1517461200,117624,10
1519880400,120604,11
1522555200,123854,12
1525147200,127124,13
1527825600,130345,14
1530417600,133926,15
1533096000,137391,16
1535774400,143665,17
1538366400,147107,18
1541044800,150602,19
1543640400,154428,20
1546318800,157639,21
1548997200,161379,22
1551416400,165067,23
1554091200,169258,24
1556683200,173255,25
1559361600,177308,26
1561953600,181012,27
1564632000,184829,28
1567310400,188555,29
1569902400,192388,30
1572580800,196055,31
1575176400,199647,32
1577854800,203343,33
1580533200,207155,34
1583038800,210672,35
1585713600,214702,36
1588305600,218887,37
1590984000,223073,38
1593576000,226806,39
1596254400,230772,40
1598932800,234636,41
1601524800,238389,42
1604203200,242909,43
1606798800,248203,44
