1538366400,649065,
1541044800,652579,
1543640400,656766,
1546318800,660107,
1548997200,664304,
1551416400,668463,
1554091200,673451,1
1556683200,678083,2
1559361600,682831,3
1561953600,687303,4
1564632000,691972,5
1567310400,696558,6
1569902400,701269,7
1572580800,705886,8
1575176400,710559,9
1577854800,715212,10
1580533200,720003,11
1583038800,724386,12
1585713600,729659,13
1588305600,734920,14
1590984000,740439,15
1593576000,745449,16
1596254400,750650,17
1598932800,755733,18
1601524800,760950,19
1604203200,766625,20
1606798800,773014,21
