1559361600,807404,
1561953600,811062,
1564632000,815062,
1567310400,819159,
1569902400,823460,
1572580800,827666,
1575176400,832010,1
1577854800,836357,2
1580533200,840824,3
1583038800,844899,4
1585713600,849791,5
1588305600,854650,6
1590984000,859711,7
1593576000,864416,8
1596254400,869218,9
1598932800,873962,10
1601524800,878827,11
1604203200,883317,12
1606798800,887732,13
1609477200,892336,14
1612155600,897384,15
1614574800,902193,16
1617249600,909511,17
1619841600,915789,18
1622520000,921559,19
1625112000,932760,20
1627790400,938035,21
