1541044800,661648,
1543640400,665720,
1546318800,669198,
1548997200,673344,
1551416400,677462,
1554091200,682399,
1556683200,687018,1
1559361600,691740,2
1561953600,696188,3
1564632000,700819,4
1567310400,705378,5
1569902400,710071,6
1572580800,714666,7
1575176400,719335,8
1577854800,723972,9
1580533200,728750,10
1583038800,733119,11
1585713600,738372,12
1588305600,743616,13
1590984000,749111,14
1593576000,754121,15
1596254400,759310,16
1598932800,764384,17
1601524800,769593,18
1604203200,775257,19
1606798800,781641,20
