1501560000,414876,
1504238400,417822,
1506830400,420618,
1509508800,424039,
1512104400,427451,
1514782800,430941,
1517461200,434993,1
1519880400,438594,2
1522555200,442734,3
1525147200,446713,4
1527825600,450837,5
1530417600,455194,6
1533096000,459730,7
1535774400,464041,8
1538366400,468456,9
1541044800,472733,10
1543640400,477577,11
1546318800,481418,12
1548997200,486138,13
1551416400,490803,14
1554091200,496260,15
1556683200,501295,16
1559361600,506399,17
1561953600,511187,18
1564632000,516238,19
1567310400,521100,20
1569902400,526077,21
1572580800,530941,22
1575176400,535821,23
1577854800,540675,24
1580533200,545678,25
1583038800,550237,26
1585713600,555686,27
1588305600,561128,28
1590984000,566807,29
1593576000,571983,30
1596254400,577340,31
1598932800,582549,32
1601524800,587897,33
1604203200,593679,34
1606798800,600199,35
