1427860800,115022,
1430452800,116283,
1433131200,117863,
1435723200,119492,
1438401600,121566,
1441080000,123723,
1443672000,125992,1
1446350400,128319,2
1448946000,130793,3
1451624400,133594,4
1454302800,136287,5
1456808400,139048,6
1459483200,142436,7
1462075200,145496,8
1464753600,148563,9
1467345600,151290,10
1470024000,154334,11
1472702400,157462,12
1475294400,160543,13
1477972800,163804,14
1480568400,166761,15
1483246800,169903,16
1485925200,172889,17
1488344400,176326,18
1491019200,180086,19
1493611200,183727,20
1496289600,187451,21
1498881600,191571,22
1501560000,195623,23
1504238400,199517,24
1506830400,203074,25
1509508800,207396,26
1512104400,211461,27
1514782800,215589,28
1517461200,220360,29
1519880400,224410,30
1522555200,229031,31
1525147200,233464,32
1527825600,238014,33
1530417600,242746,34
1533096000,247772,35
1535774400,252487,36
1538366400,257159,37
1541044800,261763,38
1543640400,266977,39
1546318800,271108,40
1548997200,276062,41
1551416400,280999,42
1554091200,286681,43
1556683200,291918,44
1559361600,297233,45
1561953600,302135,46
1564632000,307344,47
1567310400,312389,48
1569902400,317518,49
1572580800,322521,50
1575176400,327532,51
1577854800,332517,52
1580533200,337642,53
1583038800,342299,54
1585713600,347872,55
1588305600,353431,56
1590984000,359221,57
1593576000,364525,58
1596254400,369998,59
1598932800,375318,60
1601524800,380768,61
1604203200,386643,62
1606798800,393255,63
