1427860800,111921,
1430452800,34939,
1433131200,40093,
1435723200,42158,
1438401600,44624,
1441080000,47061,
1443672000,49626,1
1446350400,52651,2
1448946000,55338,3
1451624400,58163,4
1454302800,60992,5
1456808400,63905,6
1459483200,67183,7
1462075200,70258,8
1464753600,73326,9
1467345600,76044,10
1470024000,79021,11
1472702400,82118,12
1475294400,85163,13
1477972800,88226,14
1480568400,91086,15
1483246800,94080,16
1485925200,97026,17
1488344400,100379,18
1491019200,103980,19
1493611200,107346,20
1496289600,110996,21
1498881600,114770,22
1501560000,118590,23
1504238400,97364,0
1506830400,99852,0
1509508800,102725,0
1512104400,105560,0
1514782800,108385,0
1517461200,111695,1
1519880400,114553,2
1522555200,117655,3
1525147200,120731,4
1527825600,123829,5
1530417600,127153,6
1533096000,130382,7
1535774400,137070,8
1538366400,140332,9
1541044800,143645,10
1543640400,147286,11
1546318800,150287,12
1548997200,153889,13
1551416400,157303,14
1554091200,161275,15
1556683200,164982,16
1559361600,168792,17
1561953600,172353,18
1564632000,175863,19
1567310400,179437,20
1569902400,183187,21
1572580800,186701,22
1575176400,190075,23
1577854800,193517,24
1580533200,197116,25
1583038800,200387,26
1585713600,204194,27
1588305600,208308,28
1590984000,212330,29
1593576000,215879,30
1596254400,219646,31
1598932800,223372,32
1601524800,226875,33
1604203200,231245,34
1606798800,236315,35
