1527825600,582668,
1530417600,586172,
1533096000,589946,
1535774400,593702,
1538366400,597584,
1541044800,601532,
1543640400,606023,1
1546318800,609562,2
1548997200,613940,3
1551416400,618288,4
1554091200,623498,5
1556683200,628289,6
1559361600,633159,7
1561953600,637785,8
1564632000,642582,9
1567310400,647244,10
1569902400,652055,11
1572580800,656768,12
1575176400,661490,13
1577854800,666204,14
1580533200,671072,15
1583038800,675520,16
1585713600,680846,17
1588305600,686176,18
1590984000,691759,19
1593576000,696832,20
1596254400,702090,21
1598932800,707212,22
1601524800,712462,23
1604203200,718166,24
1606798800,724608,25
