1525147200,40446,
1527825600,39865,
1530417600,39940,
1533096000,39345,
1535774400,45011,
1538366400,46551,
1541044800,41548,0
1543640400,38620,0
1546318800,35122,0
1548997200,35197,0
1551416400,34782,0
1554091200,34166,0
1556683200,34537,0
1559361600,35027,0
1561953600,34671,0
1564632000,35297,0
1567310400,35688,0
1569902400,36165,0
1572580800,36868,0
1575176400,37551,1
1577854800,38190,2
1580533200,37580,0
1583038800,38203,0
1585713600,36652,0
1588305600,36952,0
1590984000,37336,0
1593576000,37270,0
1596254400,37901,0
1598932800,38263,0
1601524800,38649,1
1604203200,39043,2
1606798800,39140,3
