1546318800,705465,
1548997200,709174,
1551416400,712926,
1554091200,198005,
1556683200,202608,
1559361600,207441,
1561953600,211719,
1564632000,216302,
1567310400,220907,1
1569902400,225631,2
1572580800,230011,3
1575176400,234424,4
1577854800,238918,5
1580533200,243415,6
1583038800,247487,7
1585713600,252248,8
1588305600,257108,9
1590984000,262138,10
1593576000,266605,11
1596254400,271173,12
1598932800,275534,13
1601524800,279876,14
1604203200,284238,15
1606798800,288351,16
1609477200,292781,17
1612155600,297681,18
1614574800,302217,19
1617249600,309127,20
1619841600,315028,21
1622520000,320540,22
1625112000,330273,23
1627790400,335151,24
