1378008000,30290,
1380600000,30971,
1383278400,31613,
1385874000,32414,
1388552400,33290,
1391230800,34324,
1393650000,35256,1
1396324800,36452,2
1398916800,37614,3
1401595200,38952,4
1404187200,40297,5
1406865600,41606,6
1409544000,43190,7
1412136000,44703,8
1414814400,46306,9
1417410000,47915,10
1420088400,49405,11
1422766800,51218,12
1425186000,52927,13
1427860800,54757,14
1430452800,56588,15
1433131200,58723,16
1435723200,60757,17
1438401600,63232,18
1441080000,65743,19
1443672000,68392,20
1446350400,71013,21
1448946000,73801,22
1451624400,76847,23
1454302800,79789,24
1456808400,82764,25
1459483200,86309,26
1462075200,89585,27
1464753600,92837,28
1467345600,95701,29
1470024000,98912,30
1472702400,102241,31
1475294400,105469,32
1477972800,108846,33
1480568400,111940,34
1483246800,115183,35
1485925200,118273,36
1488344400,121815,37
1491019200,125676,38
1493611200,129400,39
1496289600,133211,40
1498881600,137420,41
1501560000,141561,42
1504238400,145550,43
1506830400,149162,44
1509508800,153604,45
1512104400,157732,46
1514782800,161906,47
1517461200,166736,48
1519880400,170830,49
1522555200,175481,50
1525147200,179973,51
1527825600,184565,52
1530417600,189352,53
1533096000,194420,54
1535774400,199184,55
1538366400,203886,56
1541044800,208526,57
1543640400,213764,58
1546318800,217925,59
1548997200,222907,60
1551416400,227868,61
1554091200,233573,62
1556683200,238822,63
1559361600,244154,64
1561953600,249085,65
1564632000,254318,66
1567310400,259396,67
1569902400,264546,68
1572580800,269573,69
1575176400,274614,70
1577854800,279623,71
1580533200,284768,72
1583038800,289434,73
1585713600,295005,74
1588305600,300586,75
1590984000,306385,76
1593576000,311701,77
1596254400,317190,78
1598932800,322523,79
1601524800,327989,80
1604203200,333883,81
1606798800,340507,82
