1470024000,260524,
1472702400,262864,
1475294400,265320,
1477972800,267990,
1480568400,270454,
1483246800,273180,
1485925200,275875,1
1488344400,278975,2
1491019200,282363,3
1493611200,285706,4
1496289600,289108,5
1498881600,292943,6
1501560000,296724,7
1504238400,300364,8
1506830400,303707,9
1509508800,307747,10
1512104400,311621,11
1514782800,315539,12
1517461200,320086,13
1519880400,323989,14
1522555200,328478,15
1525147200,332772,16
1527825600,337181,17
1530417600,341780,18
1533096000,346605,19
1535774400,351185,20
1538366400,355767,21
1541044800,360238,22
1543640400,365329,23
1546318800,369374,24
1548997200,374258,25
1551416400,379100,26
1554091200,384696,27
1556683200,389874,28
1559361600,395119,29
1561953600,399983,30
1564632000,405135,31
1567310400,410119,32
1569902400,415193,33
1572580800,420158,34
1575176400,425132,35
1577854800,430078,36
1580533200,435152,37
1583038800,439775,38
1585713600,445302,39
1588305600,450828,40
1590984000,456569,41
1593576000,461827,42
1596254400,467263,43
1598932800,472532,44
1601524800,477941,45
1604203200,483786,46
1606798800,490362,47
