1496289600,388409,
1498881600,391440,
1501560000,394541,
1504238400,397732,
1506830400,400690,
1509508800,404268,
1512104400,407804,1
1514782800,411382,2
1517461200,415520,3
1519880400,419200,4
1522555200,423418,5
1525147200,427466,6
1527825600,431645,7
1530417600,436060,8
1533096000,440644,9
1535774400,445001,10
1538366400,449443,11
1541044800,453763,12
1543640400,458660,13
1546318800,462537,14
1548997200,467298,15
1551416400,471997,16
1554091200,477480,17
1556683200,482553,18
1559361600,487686,19
1561953600,492492,20
1564632000,497561,21
1567310400,502436,22
1569902400,507443,23
1572580800,512332,24
1575176400,517235,25
1577854800,522106,26
1580533200,527117,27
1583038800,531691,28
1585713600,537151,29
1588305600,542607,30
1590984000,548292,31
1593576000,553484,32
1596254400,558858,33
1598932800,564077,34
1601524800,569432,35
1604203200,575228,36
1606798800,581759,37
