1422766800,15202,
1425186000,15511,
1427860800,16160,
1430452800,16519,
1433131200,16844,
1435723200,17411,
1438401600,17909,1
1441080000,18679,2
1443672000,19339,3
1446350400,20081,4
1448946000,20824,5
1451624400,21682,6
1454302800,22678,7
1456808400,23719,8
1459483200,24806,9
1462075200,19351,0
1464753600,20252,0
1467345600,19299,0
1470024000,19785,0
1472702400,21368,0
1475294400,22003,0
1477972800,21801,0
1480568400,22200,0
1483246800,22643,0
1485925200,23088,0
1488344400,23752,0
1491019200,24460,1
1493611200,25181,2
1496289600,25870,3
1498881600,26219,4
1501560000,23881,0
1504238400,23597,0
1506830400,23911,0
1509508800,24642,0
1512104400,24831,0
1514782800,25296,0
1517461200,25700,1
1519880400,26181,2
1522555200,26227,3
1525147200,26510,4
1527825600,27244,0
1530417600,27409,0
1533096000,26900,0
1535774400,32483,0
1538366400,33248,0
1541044800,33984,0
1543640400,34796,0
1546318800,34269,0
1548997200,35024,0
1551416400,36130,0
1554091200,37013,0
1556683200,37885,0
1559361600,38817,1
1561953600,39547,2
1564632000,40404,3
1567310400,41173,4
1569902400,42013,5
1572580800,42738,6
1575176400,41054,0
1577854800,41795,0
1580533200,42044,0
1583038800,42280,0
1585713600,43061,0
1588305600,43862,1
1590984000,44616,2
1593576000,45251,3
1596254400,45993,4
1598932800,46709,5
1601524800,45193,0
1604203200,45799,0
1606798800,46426,0
