1551416400,159275,
1554091200,163239,
1556683200,166863,
1559361600,170641,
1561953600,174139,
1564632000,177697,
1567310400,181191,1
1569902400,184854,2
1572580800,188354,3
1575176400,191686,4
1577854800,195165,5
1580533200,198746,6
1583038800,201894,7
1585713600,205663,8
1588305600,209625,9
1590984000,213519,10
1593576000,216985,11
1596254400,220604,12
1598932800,224221,13
1601524800,227623,14
1604203200,230989,15
1606798800,234270,16
1609477200,237646,17
1612155600,241438,18
1614574800,244845,19
1617249600,250698,20
1619841600,255539,21
1622520000,259927,22
1625112000,267588,23
1627790400,271650,24
