1488344400,343689,
1491019200,346479,
1493611200,349378,
1496289600,352433,
1498881600,355924,
1501560000,359377,
1504238400,362799,1
1506830400,365925,2
1509508800,369720,3
1512104400,373403,4
1514782800,377125,5
1517461200,381458,6
1519880400,385221,7
1522555200,389567,8
1525147200,393691,9
1527825600,397965,10
1530417600,402476,11
1533096000,407125,12
1535774400,411571,13
1538366400,416057,14
1541044800,420430,15
1543640400,425392,16
1546318800,429335,17
1548997200,434138,18
1551416400,438892,19
1554091200,444419,20
1556683200,449532,21
1559361600,454700,22
1561953600,459536,23
1564632000,464636,24
1567310400,469552,25
1569902400,474589,26
1572580800,479507,27
1575176400,484435,28
1577854800,489344,29
1580533200,494378,30
1583038800,498972,31
1585713600,504467,32
1588305600,509949,33
1590984000,515663,34
1593576000,520889,35
1596254400,526291,36
1598932800,531523,37
1601524800,536894,38
1604203200,542713,39
1606798800,549254,40
