1559361600,806938,
1561953600,810608,
1564632000,814618,
1567310400,818717,
1569902400,823022,
1572580800,827230,
1575176400,831576,1
1577854800,835923,2
1580533200,840391,3
1583038800,844466,4
1585713600,849360,5
1588305600,854220,6
1590984000,859280,7
1593576000,863986,8
1596254400,868790,9
1598932800,873535,10
1601524800,878400,11
1604203200,882890,12
1606798800,887304,13
1609477200,891910,14
1612155600,896959,15
1614574800,901768,16
1617249600,909086,17
1619841600,915364,18
1622520000,921133,19
1625112000,932335,20
1627790400,937610,21
