1417410000,4665,
1420088400,4904,
1422766800,5171,
1425186000,5445,
1427860800,5698,
1430452800,5956,
1433131200,6182,1
1435723200,6435,2
1438401600,6786,3
1441080000,7088,4
1443672000,7414,5
1446350400,7729,6
1448946000,8107,7
1451624400,8501,8
1454302800,8854,9
1456808400,9210,10
1459483200,9553,11
1462075200,10587,0
1464753600,10947,1
1467345600,11352,2
1470024000,11693,3
1472702400,12143,4
1475294400,12519,5
1477972800,12929,6
1480568400,13303,7
1483246800,13694,8
1485925200,13998,9
1488344400,14428,10
1491019200,14956,11
1493611200,15425,12
1496289600,15836,13
1498881600,16254,14
1501560000,16738,15
1504238400,183898,0
1506830400,187478,0
1509508800,191831,0
1512104400,195924,0
1514782800,200066,0
1517461200,204854,1
1519880400,208917,2
1522555200,213556,3
1525147200,218008,4
1527825600,222574,5
1530417600,227337,6
1533096000,232376,7
1535774400,237111,8
1538366400,241795,9
1541044800,246412,10
1543640400,251636,11
1546318800,255775,12
1548997200,260742,13
1551416400,265687,14
1554091200,271378,15
1556683200,276621,16
1559361600,281942,17
1561953600,286858,18
1564632000,292077,19
1567310400,297139,20
1569902400,302278,21
1572580800,307286,22
1575176400,312315,23
1577854800,317307,24
1580533200,322441,25
1583038800,327101,26
1585713600,332679,27
1588305600,338246,28
1590984000,344041,29
1593576000,349345,30
1596254400,354822,31
1598932800,360149,32
1601524800,365605,33
1604203200,371484,34
1606798800,378100,35
