1480568400,310474,
1483246800,312633,
1485925200,315016,
1488344400,317856,
1491019200,321022,
1493611200,324148,
1496289600,327359,1
1498881600,331040,2
1501560000,334651,3
1504238400,338191,4
1506830400,341413,5
1509508800,345325,6
1512104400,349099,7
1514782800,352908,8
1517461200,357323,9
1519880400,361159,10
1522555200,365562,11
1525147200,369759,12
1527825600,374094,13
1530417600,378642,14
1533096000,383378,15
1535774400,387897,16
1538366400,392425,17
1541044800,396847,18
1543640400,401863,19
1546318800,405877,20
1548997200,410720,21
1551416400,415504,22
1554091200,421067,23
1556683200,426217,24
1559361600,431434,25
1561953600,436275,26
1564632000,441402,27
1567310400,446345,28
1569902400,451400,29
1572580800,456335,30
1575176400,461286,31
1577854800,466210,32
1580533200,471268,33
1583038800,475878,34
1585713600,481383,35
1588305600,486885,36
1590984000,492610,37
1593576000,497844,38
1596254400,503258,39
1598932800,508504,40
1601524800,513894,41
1604203200,519728,42
1606798800,526284,43
