1480568400,58827,
1483246800,60527,
1485925200,62322,
1488344400,48692,
1491019200,46730,
1493611200,58487,
1496289600,60242,0
1498881600,52346,0
1501560000,53897,0
1504238400,55415,0
1506830400,56890,0
1509508800,58531,0
1512104400,50769,0
1514782800,52175,0
1517461200,53747,0
1519880400,55126,0
1522555200,56665,0
1525147200,58238,1
1527825600,59877,2
1530417600,61339,3
1533096000,62790,4
1535774400,68716,0
1538366400,70265,0
1541044800,71841,1
1543640400,73726,0
1546318800,75294,0
1548997200,77066,1
1551416400,78833,2
1554091200,80711,3
1556683200,82566,4
1559361600,84544,5
1561953600,86176,6
1564632000,87918,7
1567310400,89586,8
1569902400,91409,9
1572580800,93108,10
1575176400,94831,11
1577854800,96676,12
1580533200,98365,13
1583038800,100030,14
1585713600,101867,15
1588305600,103812,16
1590984000,105891,17
1593576000,107590,18
1596254400,109331,19
1598932800,111114,20
1601524800,112905,21
1604203200,115440,22
1606798800,118663,23
