1378008000,30276,
1380600000,30958,
1383278400,31600,
1385874000,32401,
1388552400,33278,
1391230800,34312,
1393650000,35245,1
1396324800,36441,2
1398916800,37603,3
1401595200,38941,4
1404187200,40286,5
1406865600,41595,6
1409544000,43179,7
1412136000,44692,8
1414814400,46296,9
1417410000,47905,10
1420088400,49395,11
1422766800,51208,12
1425186000,52917,13
1427860800,54747,14
1430452800,56578,15
1433131200,58713,16
1435723200,60747,17
1438401600,63222,18
1441080000,65733,19
1443672000,68383,20
1446350400,71004,21
1448946000,73792,22
1451624400,76838,23
1454302800,79780,24
1456808400,82755,25
1459483200,86300,26
1462075200,89576,27
1464753600,92828,28
1467345600,95692,29
1470024000,98903,30
1472702400,102232,31
1475294400,105460,32
1477972800,108837,33
1480568400,111931,34
1483246800,115174,35
1485925200,118264,36
1488344400,121806,37
1491019200,125667,38
1493611200,129391,39
1496289600,133202,40
1498881600,137411,41
1501560000,141552,42
1504238400,145541,43
1506830400,149153,44
1509508800,153595,45
1512104400,157723,46
1514782800,161897,47
1517461200,166727,48
1519880400,170821,49
1522555200,175472,50
1525147200,179964,51
1527825600,184556,52
1530417600,189343,53
1533096000,194411,54
1535774400,199175,55
1538366400,203877,56
1541044800,208517,57
1543640400,213755,58
1546318800,217916,59
1548997200,222898,60
1551416400,227859,61
1554091200,233564,62
1556683200,238813,63
1559361600,244145,64
1561953600,249076,65
1564632000,254309,66
1567310400,259387,67
1569902400,264537,68
1572580800,269564,69
1575176400,274605,70
1577854800,279614,71
1580533200,284759,72
1583038800,289425,73
1585713600,294996,74
1588305600,300577,75
1590984000,306376,76
1593576000,311692,77
1596254400,317181,78
1598932800,322514,79
1601524800,327980,80
1604203200,333874,81
1606798800,340498,82
