1451624400,188146,
1454302800,190143,
1456808400,192345,
1459483200,67601,
1462075200,70766,
1464753600,73881,
1467345600,76664,0
1470024000,79727,0
1472702400,82859,1
1475294400,85969,2
1477972800,89149,3
1480568400,92069,4
1483246800,95092,5
1485925200,98043,6
1488344400,101473,7
1491019200,105184,8
1493611200,108612,9
1496289600,112353,10
1498881600,116151,11
1501560000,119962,12
1504238400,123726,13
1506830400,127156,14
1509508800,131277,15
1512104400,135226,16
1514782800,139290,17
1517461200,143751,18
1519880400,147687,19
1522555200,152021,20
1525147200,156207,21
1527825600,160470,22
1530417600,165026,23
1533096000,169462,24
1535774400,174523,25
1538366400,178878,26
1541044800,183248,27
1543640400,188132,28
1546318800,192159,29
1548997200,196788,30
1551416400,201447,31
1554091200,206817,32
1556683200,208310,33
1559361600,216987,34
1561953600,221625,35
1564632000,226542,36
1567310400,231330,37
1569902400,236346,38
1572580800,241000,39
1575176400,245679,40
1577854800,250348,41
1580533200,255186,42
1583038800,259602,43
1585713600,264815,44
1588305600,270087,45
1590984000,275570,46
1593576000,280413,47
1596254400,285537,48
1598932800,290404,49
1601524800,295275,50
1604203200,300732,51
1606798800,306994,52
