1551416400,741902,
1554091200,746242,
1556683200,750267,
1559361600,754592,
1561953600,758733,
1564632000,763075,
1567310400,767420,1
1569902400,771903,2
1572580800,776294,3
1575176400,780760,4
1577854800,785262,5
1580533200,789835,6
1583038800,793990,7
1585713600,799004,8
1588305600,803978,9
1590984000,809112,10
1593576000,813901,11
1596254400,818786,12
1598932800,823583,13
1601524800,828533,14
1604203200,833091,15
1606798800,837559,16
1609477200,842188,17
1612155600,847272,18
1614574800,852126,19
1617249600,859484,20
1619841600,865801,21
1622520000,871594,22
1625112000,882876,23
1627790400,888178,24
