1435723200,133475,
1438401600,135291,
1441080000,137274,
1443672000,139409,
1446350400,141621,
1448946000,143941,
1451624400,146625,1
1454302800,149224,2
1456808400,151917,3
1459483200,155235,4
1462075200,158224,5
1464753600,161221,6
1467345600,163884,7
1470024000,166870,8
1472702400,169949,9
1475294400,172982,10
1477972800,176196,11
1480568400,179118,12
1483246800,182225,13
1485925200,185173,14
1488344400,188571,15
1491019200,192290,16
1493611200,195907,17
1496289600,199602,18
1498881600,203701,19
1501560000,207737,20
1504238400,211602,21
1506830400,215144,22
1509508800,219427,23
1512104400,223476,24
1514782800,227580,25
1517461200,232330,26
1519880400,236365,27
1522555200,240970,28
1525147200,245394,29
1527825600,249927,30
1530417600,254653,31
1533096000,259661,32
1535774400,264356,33
1538366400,269016,34
1541044800,273604,35
1543640400,278806,36
1546318800,282924,37
1548997200,287873,38
1551416400,292805,39
1554091200,298471,40
1556683200,303698,41
1559361600,309005,42
1561953600,313906,43
1564632000,319114,44
1567310400,324153,45
1569902400,329278,46
1572580800,334275,47
1575176400,339280,48
1577854800,344262,49
1580533200,349380,50
1583038800,354038,51
1585713600,359606,52
1588305600,365162,53
1590984000,370953,54
1593576000,376255,55
1596254400,381725,56
1598932800,387037,57
1601524800,392486,58
1604203200,398352,59
1606798800,404962,60
