1535774400,636802,
1538366400,640200,
1541044800,643867,
1543640400,648131,
1546318800,651518,
1548997200,655757,
1551416400,659951,1
1554091200,664976,2
1556683200,669641,3
1559361600,674414,4
1561953600,678921,5
1564632000,683620,6
1567310400,688223,7
1569902400,692958,8
1572580800,697587,9
1575176400,702263,10
1577854800,706926,11
1580533200,711728,12
1583038800,716118,13
1585713600,721405,14
1588305600,726679,15
1590984000,732217,16
1593576000,737245,17
1596254400,742456,18
1598932800,747551,19
1601524800,752778,20
1604203200,758456,21
1606798800,764847,22
