1561953600,826059,
1564632000,829828,
1567310400,833792,
1569902400,838009,
1572580800,842160,
1575176400,846453,
1577854800,850748,1
1580533200,855187,2
1583038800,859238,3
1585713600,864094,4
1588305600,868920,5
1590984000,873960,6
1593576000,878646,7
1596254400,883427,8
1598932800,888154,9
1601524800,892996,10
1604203200,897473,11
1606798800,901872,12
1609477200,906460,13
1612155600,911488,14
1614574800,916291,15
1617249600,923601,16
1619841600,929866,17
1622520000,935625,18
1625112000,946798,19
