1517461200,512605,
1519880400,515667,
1522555200,519298,
1525147200,522891,
1527825600,526679,
1530417600,530776,
1533096000,535012,1
1535774400,539112,2
1538366400,543261,3
1541044800,547326,4
1543640400,552026,5
1546318800,555710,6
1548997200,560247,7
1551416400,564769,8
1554091200,570095,9
1556683200,575011,10
1559361600,579975,11
1561953600,584675,12
1564632000,589576,13
1567310400,594343,14
1569902400,599245,15
1572580800,604048,16
1575176400,608864,17
1577854800,613649,18
1580533200,618575,19
1583038800,623073,20
1585713600,628460,21
1588305600,633847,22
1590984000,639474,23
1593576000,644591,24
1596254400,649879,25
1598932800,655037,26
1601524800,660322,27
1604203200,666064,28
1606798800,672544,29
