1509508800,467587,
1512104400,470344,
1514782800,473492,
1517461200,477234,
1519880400,480602,
1522555200,484513,
1525147200,488323,1
1527825600,492308,2
1530417600,496536,3
1533096000,500927,4
1535774400,505137,5
1538366400,509418,6
1541044800,513608,7
1543640400,518352,8
1546318800,522112,9
1548997200,526739,10
1551416400,531334,11
1554091200,536724,12
1556683200,541685,13
1559361600,546705,14
1561953600,551449,15
1564632000,556421,16
1567310400,561234,17
1569902400,566166,18
1572580800,571021,19
1575176400,575876,20
1577854800,580692,21
1580533200,585647,22
1583038800,590176,23
1585713600,595586,24
1588305600,601004,25
1590984000,606655,26
1593576000,611793,27
1596254400,617114,28
1598932800,622300,29
1601524800,627609,30
1604203200,633365,31
1606798800,639868,32
