1548997200,730878,
1551416400,734285,
1554091200,738767,
1556683200,742862,
1559361600,747227,
1561953600,751401,
1564632000,755783,1
1567310400,760156,2
1569902400,764653,3
1572580800,769052,4
1575176400,773533,5
1577854800,778047,6
1580533200,782625,7
1583038800,786808,8
1585713600,791833,9
1588305600,796822,10
1590984000,801980,11
1593576000,806775,12
1596254400,811676,13
1598932800,816472,14
1601524800,821440,15
1604203200,826008,16
1606798800,830483,17
1609477200,835120,18
1612155600,840205,19
1614574800,845064,20
1617249600,852429,21
1619841600,858739,22
1622520000,864543,23
1625112000,875833,24
