1451624400,184400,
1454302800,186538,
1456808400,188824,
1459483200,191818,
1462075200,194570,
1464753600,197327,
1467345600,199792,1
1470024000,202624,2
1472702400,205520,3
1475294400,208396,4
1477972800,211461,5
1480568400,214273,6
1483246800,217275,7
1485925200,220132,8
1488344400,223432,9
1491019200,227031,10
1493611200,230541,11
1496289600,234156,12
1498881600,238178,13
1501560000,242138,14
1504238400,245931,15
1506830400,249407,16
1509508800,253587,17
1512104400,257575,18
1514782800,261611,19
1517461200,266306,20
1519880400,270297,21
1522555200,274866,22
1525147200,279255,23
1527825600,283749,24
1530417600,288424,25
1533096000,293393,26
1535774400,298051,27
1538366400,302687,28
1541044800,307236,29
1543640400,312397,30
1546318800,316486,31
1548997200,321414,32
1551416400,326325,33
1554091200,331966,34
1556683200,337173,35
1559361600,342469,36
1561953600,347367,37
1564632000,352553,38
1567310400,357564,39
1569902400,362678,40
1572580800,367661,41
1575176400,372655,42
1577854800,377623,43
1580533200,382730,44
1583038800,387380,45
1585713600,392931,46
1588305600,398482,47
1590984000,404257,48
1593576000,409546,49
1596254400,415003,50
1598932800,420301,51
1601524800,425731,52
1604203200,431589,53
1606798800,438184,54
