1427860800,115375,
1430452800,116616,
1433131200,118186,
1435723200,119811,
1438401600,121882,
1441080000,124036,
1443672000,126302,1
1446350400,128623,2
1448946000,131096,3
1451624400,133895,4
1454302800,136588,5
1456808400,139344,6
1459483200,142728,7
1462075200,145785,8
1464753600,148851,9
1467345600,151575,10
1470024000,154617,11
1472702400,157745,12
1475294400,160827,13
1477972800,164086,14
1480568400,167042,15
1483246800,170182,16
1485925200,173166,17
1488344400,176602,18
1491019200,180359,19
1493611200,183999,20
1496289600,187723,21
1498881600,191843,22
1501560000,195896,23
1504238400,199790,24
1506830400,203348,25
1509508800,207670,26
1512104400,211735,27
1514782800,126313,0
1517461200,130260,0
1519880400,135941,0
1522555200,139681,0
1525147200,143465,0
1527825600,147264,1
1530417600,151301,2
1533096000,155263,3
1535774400,160587,4
1538366400,164444,5
1541044800,168442,6
1543640400,172847,7
1546318800,176396,8
1548997200,180658,9
1551416400,184839,10
1554091200,189540,11
1556683200,194183,12
1559361600,198886,13
1561953600,203005,14
1564632000,207404,15
1567310400,211747,16
1569902400,216145,17
1572580800,220296,18
1575176400,224414,19
1577854800,228674,20
1580533200,233028,21
1583038800,237022,22
1585713600,241648,23
1588305600,246424,24
1590984000,251414,25
1593576000,255645,26
1596254400,260292,27
1598932800,264717,28
1601524800,268940,29
1604203200,274039,30
1606798800,279810,31
