1480568400,303790,
1483246800,306153,
1485925200,308615,
1488344400,311519,
1491019200,314728,
1493611200,317898,
1496289600,321136,1
1498881600,324853,2
1501560000,328482,3
1504238400,332043,4
1506830400,335283,5
1509508800,339230,6
1512104400,343024,7
1514782800,346855,8
1517461200,351308,9
1519880400,355158,10
1522555200,359576,11
1525147200,363793,12
1527825600,368135,13
1530417600,372689,14
1533096000,377445,15
1535774400,381972,16
1538366400,386510,17
1541044800,390939,18
1543640400,395971,19
1546318800,399993,20
1548997200,404843,21
1551416400,409636,22
1554091200,415205,23
1556683200,420358,24
1559361600,425581,25
1561953600,430424,26
1564632000,435560,27
1567310400,440508,28
1569902400,445572,29
1572580800,450512,30
1575176400,455468,31
1577854800,460390,32
1580533200,465450,33
1583038800,470064,34
1585713600,475574,35
1588305600,481077,36
1590984000,486802,37
1593576000,492038,38
1596254400,497454,39
1598932800,502701,40
1601524800,508097,41
1604203200,513935,42
1606798800,520495,43
