1425186000,105032,
1427860800,106345,
1430452800,107826,
1433131200,109541,
1435723200,111285,
1438401600,113456,
1441080000,115689,1
1443672000,118030,2
1446350400,120422,3
1448946000,122945,4
1451624400,125793,5
1454302800,128558,6
1456808400,131338,7
1459483200,134769,8
1462075200,137860,9
1464753600,140962,10
1467345600,143711,11
1470024000,146780,12
1472702400,149960,13
1475294400,153063,14
1477972800,156329,15
1480568400,159312,16
1483246800,162472,17
1485925200,165486,18
1488344400,168945,19
1491019200,172719,20
1493611200,176378,21
1496289600,180122,22
1498881600,184259,23
1501560000,188328,24
1504238400,192238,25
1506830400,195802,26
1509508800,200142,27
1512104400,204218,28
1514782800,208352,29
1517461200,213131,30
1519880400,217186,31
1522555200,221816,32
1525147200,226261,33
1527825600,230818,34
1530417600,235564,35
1533096000,240596,36
1535774400,245320,37
1538366400,249999,38
1541044800,254608,39
1543640400,259823,40
1546318800,263959,41
1548997200,268920,42
1551416400,273863,43
1554091200,279550,44
1556683200,284792,45
1559361600,290113,46
1561953600,295021,47
1564632000,300236,48
1567310400,305289,49
1569902400,310424,50
1572580800,315429,51
1575176400,320453,52
1577854800,325439,53
1580533200,330568,54
1583038800,335227,55
1585713600,340801,56
1588305600,346366,57
1590984000,352160,58
1593576000,357465,59
1596254400,362941,60
1598932800,368263,61
1601524800,373714,62
1604203200,379591,63
1606798800,386207,64
