1472702400,271145,
1475294400,273469,
1477972800,276016,
1480568400,278414,
1483246800,281055,
1485925200,283716,
1488344400,286786,1
1491019200,290131,2
1493611200,293434,3
1496289600,296793,4
1498881600,300600,5
1501560000,304339,6
1504238400,307961,7
1506830400,311284,8
1509508800,315304,9
1512104400,319163,10
1514782800,323065,11
1517461200,327596,12
1519880400,331493,13
1522555200,335958,14
1525147200,340232,15
1527825600,344626,16
1530417600,349211,17
1533096000,354027,18
1535774400,358589,19
1538366400,363160,20
1541044800,367622,21
1543640400,372696,22
1546318800,376733,23
1548997200,381609,24
1551416400,386426,25
1554091200,392016,26
1556683200,397183,27
1559361600,402425,28
1561953600,407283,29
1564632000,412429,30
1567310400,417401,31
1569902400,422473,32
1572580800,427430,33
1575176400,432399,34
1577854800,437329,35
1580533200,442398,36
1583038800,447018,37
1585713600,452540,38
1588305600,458057,39
1590984000,463796,40
1593576000,469048,41
1596254400,474476,42
1598932800,479741,43
1601524800,485144,44
1604203200,490988,45
1606798800,497562,46
