1512104400,480860,
1514782800,483759,
1517461200,487367,
1519880400,62296,
1522555200,63967,
1525147200,65619,
1527825600,67298,0
1530417600,506398,0
1533096000,510751,0
1535774400,514934,0
1538366400,519172,0
1541044800,523338,0
1543640400,528062,1
1546318800,531807,2
1548997200,536415,3
1551416400,540988,4
1554091200,546377,5
1556683200,551325,6
1559361600,556332,7
1561953600,561063,8
1564632000,566009,9
1567310400,570806,10
1569902400,575725,11
1572580800,580562,12
1575176400,585406,13
1577854800,590215,14
1580533200,595167,15
1583038800,599690,16
1585713600,605097,17
1588305600,610497,18
1590984000,616140,19
1593576000,621269,20
1596254400,626580,21
1598932800,631761,22
1601524800,637066,23
1604203200,642818,24
1606798800,649314,25
