1546318800,704976,
1548997200,708692,
1551416400,712456,
1554091200,717125,
1556683200,721361,
1559361600,725809,
1561953600,730082,1
1564632000,734544,2
1567310400,738980,3
1569902400,743529,4
1572580800,747987,5
1575176400,752524,6
1577854800,757087,7
1580533200,761709,8
1583038800,765907,9
1585713600,770977,10
1588305600,776002,11
1590984000,781195,12
1593576000,786012,13
1596254400,790940,14
1598932800,795750,15
1601524800,800733,16
1604203200,805327,17
1606798800,809826,18
1609477200,814472,19
1612155600,819571,20
1614574800,824437,21
1617249600,831803,22
1619841600,838128,23
1622520000,843939,24
1625112000,855260,25
