1462075200,227881,
1464753600,230245,
1467345600,232407,
1470024000,235059,
1472702400,237743,
1475294400,240455,
1477972800,243361,1
1480568400,246032,2
1483246800,248910,3
1485925200,251729,4
1488344400,254913,5
1491019200,258411,6
1493611200,261832,7
1496289600,265327,8
1498881600,269234,9
1501560000,273105,10
1504238400,276807,11
1506830400,280216,12
1509508800,284327,13
1512104400,288249,14
1514782800,292225,15
1517461200,296833,16
1519880400,300782,17
1522555200,305300,18
1525147200,309650,19
1527825600,314106,20
1530417600,318737,21
1533096000,323661,22
1535774400,328279,23
1538366400,332889,24
1541044800,337398,25
1543640400,342517,26
1546318800,346588,27
1548997200,351494,28
1551416400,356381,29
1554091200,361997,30
1556683200,367192,31
1559361600,372461,32
1561953600,377342,33
1564632000,382512,34
1567310400,387510,35
1569902400,392597,36
1572580800,397575,37
1575176400,402563,38
1577854800,407521,39
1580533200,412610,40
1583038800,417248,41
1585713600,422782,42
1588305600,428315,43
1590984000,434065,44
1593576000,439336,45
1596254400,444777,46
1598932800,450059,47
1601524800,455474,48
1604203200,461329,49
1606798800,467915,50
