1393650000,49765,
1396324800,50632,
1398916800,51597,
1401595200,52735,
1404187200,53960,
1406865600,55144,
1409544000,56606,1
1412136000,58000,2
1414814400,59512,3
1417410000,61029,4
1420088400,62443,5
1422766800,64183,6
1425186000,65821,7
1427860800,67585,8
1430452800,69365,9
1433131200,71429,10
1435723200,73418,11
1438401600,75829,12
1441080000,78299,13
1443672000,80895,14
1446350400,83467,15
1448946000,86211,16
1451624400,89215,17
1454302800,92124,18
1456808400,95063,19
1459483200,98606,20
1462075200,101849,21
1464753600,105072,22
1467345600,107914,23
1470024000,111101,24
1472702400,114397,25
1475294400,117605,26
1477972800,120969,27
1480568400,124045,28
1483246800,127273,29
1485925200,130352,30
1488344400,133878,31
1491019200,137723,32
1493611200,141441,33
1496289600,145245,34
1498881600,149444,35
1501560000,153564,36
1504238400,157528,37
1506830400,161142,38
1509508800,165554,39
1512104400,169667,40
1514782800,173834,41
1517461200,178648,42
1519880400,182736,43
1522555200,187398,44
1525147200,191876,45
1527825600,196461,46
1530417600,201245,47
1533096000,206303,48
1535774400,211055,49
1538366400,215750,50
1541044800,220380,51
1543640400,225611,52
1546318800,229771,53
1548997200,234745,54
1551416400,239698,55
1554091200,245399,56
1556683200,250648,57
1559361600,255983,58
1561953600,260912,59
1564632000,266141,60
1567310400,271215,61
1569902400,276364,62
1572580800,281385,63
1575176400,286423,64
1577854800,291423,65
1580533200,296568,66
1583038800,301230,67
1585713600,306800,68
1588305600,312377,69
1590984000,318175,70
1593576000,323488,71
1596254400,328973,72
1598932800,334301,73
1601524800,339764,74
1604203200,345653,75
1606798800,352272,76
