1496289600,389044,
1498881600,392056,
1501560000,395147,
1504238400,398334,
1506830400,401288,
1509508800,404862,
1512104400,408394,1
1514782800,411972,2
1517461200,416105,3
1519880400,419783,4
1522555200,423996,5
1525147200,428040,6
1527825600,432220,7
1530417600,436634,8
1533096000,441217,9
1535774400,445575,10
1538366400,450017,11
1541044800,454335,12
1543640400,459232,13
1546318800,463106,14
1548997200,467865,15
1551416400,472563,16
1554091200,478044,17
1556683200,483116,18
1559361600,488247,19
1561953600,493052,20
1564632000,498121,21
1567310400,502995,22
1569902400,508001,23
1572580800,512889,24
1575176400,517792,25
1577854800,522663,26
1580533200,527672,27
1583038800,532246,28
1585713600,537706,29
1588305600,543161,30
1590984000,548846,31
1593576000,554038,32
1596254400,559410,33
1598932800,564629,34
1601524800,569984,35
1604203200,575779,36
1606798800,582310,37
