1559361600,166895,
1561953600,149658,
1564632000,152742,
1567310400,155820,
1569902400,159039,
1572580800,162062,
1575176400,164935,1
1577854800,167979,2
1580533200,171020,3
1583038800,173692,4
1585713600,176925,5
1588305600,180261,6
1590984000,183593,7
1593576000,186512,8
1596254400,189587,9
1598932800,192590,10
1601524800,195481,11
1604203200,198291,12
1606798800,201014,13
1609477200,203962,14
1612155600,207194,15
1614574800,210128,16
1617249600,215232,17
1619841600,219540,18
1622520000,223310,19
1625112000,229840,20
1627790400,233366,21
