1535774400,627064,
1538366400,630681,
1541044800,634444,
1543640400,638774,
1546318800,642197,
1548997200,646470,
1551416400,650706,1
1554091200,655762,2
1556683200,660452,3
1559361600,665241,4
1561953600,669773,5
1564632000,674488,6
1567310400,679099,7
1569902400,683854,8
1572580800,688507,9
1575176400,693190,10
1577854800,697866,11
1580533200,702693,12
1583038800,707102,13
1585713600,712395,14
1588305600,717689,15
1590984000,723245,16
1593576000,728276,17
1596254400,733508,18
1598932800,738606,19
1601524800,743837,20
1604203200,749521,21
1606798800,755921,22
