1559361600,177532,
1561953600,143332,
1564632000,146320,
1567310400,149209,
1569902400,152319,
1572580800,133975,
1575176400,136365,
1577854800,138817,
1580533200,141290,
1583038800,143419,
1585713600,145933,1
1588305600,148564,2
1590984000,151264,3
1593576000,154671,4
1596254400,156102,5
1598932800,158536,6
1601524800,160963,7
1604203200,163223,8
1606798800,142945,
1609477200,132731,
1612155600,130683,
1614574800,136692,
1617249600,140581,
1619841600,143539,
1622520000,146086,
1625112000,150533,1
1627790400,148745,
