1530417600,595402,
1533096000,599020,
1535774400,602676,
1538366400,606508,
1541044800,610421,
1543640400,614881,
1546318800,618393,1
1548997200,622736,2
1551416400,627053,3
1554091200,632232,4
1556683200,636991,5
1559361600,641841,6
1561953600,646443,7
1564632000,651220,8
1567310400,655871,9
1569902400,660666,10
1572580800,665367,11
1575176400,670078,12
1577854800,674787,13
1580533200,679637,14
1583038800,684077,15
1585713600,689397,16
1588305600,694716,17
1590984000,700287,18
1593576000,705352,19
1596254400,710606,20
1598932800,715724,21
1601524800,720966,22
1604203200,726665,23
1606798800,733096,24
