1525147200,109598,
1527825600,112466,
1530417600,115390,
1533096000,118220,
1535774400,126350,
1538366400,129323,
1541044800,132361,1
1543640400,135828,2
1546318800,138513,3
1548997200,141794,4
1551416400,145016,5
1554091200,148610,6
1556683200,152002,7
1559361600,155537,8
1561953600,162983,9
1564632000,166345,10
1567310400,169654,11
1569902400,173189,12
1572580800,176509,13
1575176400,179626,14
1577854800,182947,15
1580533200,186361,16
1583038800,189435,17
1585713600,192968,18
1588305600,196805,19
1590984000,178258,0
1593576000,180521,0
1596254400,183492,0
1598932800,186590,0
1601524800,189555,0
1604203200,193195,1
1606798800,197600,2
