1525147200,69852,
1527825600,71682,
1530417600,73476,
1533096000,75284,
1535774400,83532,
1538366400,85451,
1541044800,87376,0
1543640400,89632,0
1546318800,91455,0
1548997200,93620,1
1551416400,95698,2
1554091200,98056,3
1556683200,100195,4
1559361600,102579,5
1561953600,104608,6
1564632000,106712,7
1567310400,108847,8
1569902400,111151,9
1572580800,113266,10
1575176400,115360,11
1577854800,117580,12
1580533200,119709,13
1583038800,121674,14
1585713600,123898,15
1588305600,126179,16
1590984000,128703,17
1593576000,130740,18
1596254400,132970,19
1598932800,135156,20
1601524800,137286,21
1604203200,140400,22
1606798800,144035,23
