1441080000,147768,
1443672000,149745,
1446350400,151831,
1448946000,154027,
1451624400,26874,
1454302800,27929,
1456808400,29017,0
1459483200,30221,0
1462075200,47244,0
1464753600,49103,0
1467345600,50777,0
1470024000,41742,0
1472702400,43198,0
1475294400,44562,0
1477972800,46096,0
1480568400,44583,0
1483246800,45917,0
1485925200,47283,0
1488344400,48811,0
1491019200,50459,0
1493611200,52062,1
1496289600,53653,2
1498881600,55349,3
1501560000,57047,4
1504238400,58648,5
1506830400,60114,6
1509508800,61924,7
1512104400,57877,0
1514782800,49357,0
1517461200,45419,0
1519880400,45311,0
1522555200,41841,0
1525147200,43057,0
1527825600,44408,0
1530417600,45517,0
1533096000,52347,0
1535774400,59737,0
1538366400,60749,0
1541044800,62289,0
1543640400,63936,0
1546318800,65815,0
1548997200,64077,0
1551416400,65476,0
1554091200,67023,0
1556683200,68597,0
1559361600,70232,0
1561953600,64906,0
1564632000,61343,0
1567310400,62514,0
1569902400,63784,0
1572580800,64945,0
1575176400,66181,0
1577854800,67468,1
1580533200,68648,2
1583038800,71753,3
1585713600,73129,4
1588305600,74541,5
1590984000,76020,6
1593576000,77222,7
1596254400,78507,8
1598932800,79761,9
1601524800,81050,10
1604203200,82757,11
1606798800,84931,12
