1480568400,307260,
1483246800,309496,
1485925200,311921,
1488344400,314803,
1491019200,317991,
1493611200,321145,
1496289600,324376,1
1498881600,328073,2
1501560000,331693,3
1504238400,335243,4
1506830400,338470,5
1509508800,342394,6
1512104400,346177,7
1514782800,349998,8
1517461200,354428,9
1519880400,358274,10
1522555200,362684,11
1525147200,366892,12
1527825600,371231,13
1530417600,375785,14
1533096000,380528,15
1535774400,385052,16
1538366400,389586,17
1541044800,394015,18
1543640400,399036,19
1546318800,403054,20
1548997200,407899,21
1551416400,412687,22
1554091200,418257,23
1556683200,423407,24
1559361600,428625,25
1561953600,433466,26
1564632000,438595,27
1567310400,443542,28
1569902400,448604,29
1572580800,453540,30
1575176400,458496,31
1577854800,463414,32
1580533200,468473,33
1583038800,473087,34
1585713600,478593,35
1588305600,484095,36
1590984000,489822,37
1593576000,495056,38
1596254400,500470,39
1598932800,505717,40
1601524800,511109,41
1604203200,516944,42
1606798800,523506,43
