1519880400,525114,
1522555200,528597,
1525147200,532135,
1527825600,535861,
1530417600,539907,
1533096000,544098,
1535774400,548154,1
1538366400,552261,2
1541044800,556294,3
1543640400,560970,4
1546318800,564626,5
1548997200,569143,6
1551416400,573652,7
1554091200,578959,8
1556683200,583855,9
1559361600,588808,10
1561953600,593490,11
1564632000,598372,12
1567310400,603124,13
1569902400,608010,14
1572580800,612802,15
1575176400,617622,16
1577854800,622395,17
1580533200,627318,18
1583038800,631804,19
1585713600,637188,20
1588305600,642573,21
1590984000,648191,22
1593576000,653301,23
1596254400,658591,24
1598932800,663742,25
1601524800,669021,26
1604203200,674756,27
1606798800,681232,28
