1551416400,737660,
1554091200,742091,
1556683200,746160,
1559361600,750511,
1561953600,754671,
1564632000,759039,
1567310400,763395,1
1569902400,767883,2
1572580800,772277,3
1575176400,776747,4
1577854800,781257,5
1580533200,785833,6
1583038800,790008,7
1585713600,795029,8
1588305600,800010,9
1590984000,805161,10
1593576000,809951,11
1596254400,814844,12
1598932800,819638,13
1601524800,824601,14
1604203200,829164,15
1606798800,833633,16
1609477200,838267,17
1612155600,843351,18
1614574800,848210,19
1617249600,855574,20
1619841600,861883,21
1622520000,867683,22
1625112000,878969,23
