1472702400,273020,
1475294400,275302,
1477972800,277820,
1480568400,280214,
1483246800,282849,
1485925200,285505,
1488344400,288564,1
1491019200,291905,2
1493611200,295199,3
1496289600,298555,4
1498881600,302356,5
1501560000,306087,6
1504238400,309707,7
1506830400,313023,8
1509508800,317040,9
1512104400,320893,10
1514782800,122874,0
1517461200,105026,0
1519880400,129976,0
1522555200,337673,0
1525147200,341945,0
1527825600,346332,0
1530417600,350917,0
1533096000,355729,0
1535774400,360288,1
1538366400,126397,0
1541044800,129413,0
1543640400,132751,0
1546318800,135403,0
1548997200,138551,0
1551416400,141631,1
1554091200,145150,2
1556683200,148446,3
1559361600,151809,4
1561953600,154953,5
1564632000,158130,6
1567310400,161253,7
1569902400,164556,8
1572580800,167717,9
1575176400,170710,10
1577854800,173877,11
1580533200,177013,12
1583038800,179892,13
1585713600,183263,14
1588305600,186838,15
1590984000,190372,16
1593576000,193425,17
1596254400,196681,18
1598932800,199937,19
1601524800,217409,0
1604203200,221481,0
1606798800,226378,0
