1551416400,744107,
1554091200,174928,
1556683200,181245,
1559361600,185472,
1561953600,189241,
1564632000,193174,
1567310400,197114,1
1569902400,201054,2
1572580800,204945,3
1575176400,208707,4
1577854800,212634,5
1580533200,216604,6
1583038800,220114,7
1585713600,224215,8
1588305600,228524,9
1590984000,232849,10
1593576000,236599,11
1596254400,240642,12
1598932800,244527,13
1601524800,248203,14
1604203200,252034,15
1606798800,255605,16
1609477200,259496,17
1612155600,263705,18
1614574800,267581,19
1617249600,273881,20
1619841600,226832,
1622520000,230689,
1625112000,237470,
