1451624400,50304,
1454302800,30786,
1456808400,29806,
1459483200,31157,
1462075200,23359,
1464753600,24301,
1467345600,25086,0
1470024000,25902,0
1472702400,26831,0
1475294400,27669,1
1477972800,28587,2
1480568400,23841,0
1483246800,24546,0
1485925200,25299,0
1488344400,26188,0
1491019200,20224,0
1493611200,20638,0
1496289600,21232,0
1498881600,19665,0
1501560000,17392,0
1504238400,17883,0
1506830400,18317,0
1509508800,18879,0
1512104400,19348,0
1514782800,27635,0
1517461200,33221,0
1519880400,34166,0
1522555200,35090,0
1525147200,36094,0
1527825600,37044,0
1530417600,37981,1
1533096000,29092,0
1535774400,32087,0
1538366400,32725,0
1541044800,32810,0
1543640400,32638,0
1546318800,33345,0
1548997200,33304,0
1551416400,33489,0
1554091200,33416,0
1556683200,33548,0
1559361600,33705,0
1561953600,30971,0
1564632000,30967,0
1567310400,31508,0
1569902400,32227,0
1572580800,32852,0
1575176400,32843,0
1577854800,33416,1
1580533200,34191,2
1583038800,33184,0
1585713600,33788,0
1588305600,34403,0
1590984000,34619,0
1593576000,33940,0
1596254400,34516,0
1598932800,34950,0
1601524800,35217,0
1604203200,35625,0
1606798800,35676,1
