1514782800,494946,
1517461200,498321,
1519880400,501572,
1522555200,505334,
1525147200,509017,
1527825600,512892,
1530417600,517038,1
1533096000,70524,0
1535774400,78689,0
1538366400,80460,0
1541044800,82291,0
1543640400,84319,0
1546318800,86004,0
1548997200,87837,1
1551416400,89781,2
1554091200,91985,3
1556683200,93948,4
1559361600,96157,5
1561953600,97931,6
1564632000,99888,7
1567310400,101755,8
1569902400,103779,9
1572580800,105671,10
1575176400,107615,11
1577854800,109656,12
1580533200,111595,13
1583038800,113399,14
1585713600,115469,15
1588305600,117522,16
1590984000,119830,17
1593576000,121661,18
1596254400,123663,19
1598932800,125651,20
1601524800,127591,21
1604203200,130292,22
1606798800,133746,23
