1554091200,762965,
1556683200,766748,
1559361600,770934,
1561953600,774983,
1564632000,779220,
1567310400,783506,
1569902400,787952,1
1572580800,792294,2
1575176400,796720,3
1577854800,801178,4
1580533200,805731,5
1583038800,809861,6
1585713600,814836,7
1588305600,819766,8
1590984000,824891,9
1593576000,829650,10
1596254400,834513,11
1598932800,839295,12
1601524800,844221,13
1604203200,848753,14
1606798800,853201,15
1609477200,857821,16
1612155600,862896,17
1614574800,867740,18
1617249600,875089,19
1619841600,881391,20
1622520000,887177,21
1625112000,898435,22
