1522555200,550123,
1525147200,117277,
1527825600,119868,
1530417600,104657,
1533096000,106773,
1535774400,92134,
1538366400,94981,0
1541044800,96602,0
1543640400,98299,0
1546318800,101248,0
1548997200,101618,1
1551416400,114573,0
1554091200,120236,0
1556683200,122786,0
1559361600,113217,0
1561953600,115434,0
1564632000,105822,0
1567310400,94720,0
1569902400,96121,0
1572580800,97910,0
1575176400,97694,0
1577854800,96745,0
1580533200,98438,0
1583038800,95051,0
1585713600,96825,0
1588305600,88140,0
1590984000,87914,0
1593576000,89268,0
1596254400,92184,0
1598932800,91579,0
1601524800,72520,0
1604203200,64192,0
1606798800,64464,0
