1517461200,515051,
1519880400,518028,
1522555200,521627,
1525147200,525202,
1527825600,528971,
1530417600,533052,
1533096000,537284,1
1535774400,541374,2
1538366400,545514,3
1541044800,549575,4
1543640400,554269,5
1546318800,557949,6
1548997200,562485,7
1551416400,567007,8
1554091200,572330,9
1556683200,577240,10
1559361600,582206,11
1561953600,586898,12
1564632000,591798,13
1567310400,596558,14
1569902400,601454,15
1572580800,606254,16
1575176400,611066,17
1577854800,615851,18
1580533200,620777,19
1583038800,625275,20
1585713600,630660,21
1588305600,636045,22
1590984000,641667,23
1593576000,646781,24
1596254400,652068,25
1598932800,657225,26
1601524800,662509,27
1604203200,668248,28
1606798800,674728,29
