1512104400,472808,
1514782800,475916,
1517461200,479621,
1519880400,482972,
1522555200,486874,
1525147200,490667,
1527825600,494647,1
1530417600,498873,2
1533096000,503254,3
1535774400,507455,4
1538366400,511727,5
1541044800,515909,6
1543640400,520642,7
1546318800,524400,8
1548997200,529021,9
1551416400,533613,10
1554091200,539003,11
1556683200,543961,12
1559361600,548977,13
1561953600,553715,14
1564632000,558681,15
1567310400,563493,16
1569902400,568422,17
1572580800,573266,18
1575176400,578118,19
1577854800,582930,20
1580533200,587884,21
1583038800,592411,22
1585713600,597819,23
1588305600,603234,24
1590984000,608883,25
1593576000,614021,26
1596254400,619342,27
1598932800,624527,28
1601524800,629836,29
1604203200,635592,30
1606798800,642094,31
