1527825600,578428,
1530417600,582039,
1533096000,585878,
1535774400,589683,
1538366400,593576,
1541044800,597538,
1543640400,602045,1
1546318800,605595,2
1548997200,609992,3
1551416400,614392,4
1554091200,619610,5
1556683200,624411,6
1559361600,629288,7
1561953600,633920,8
1564632000,638722,9
1567310400,643392,10
1569902400,648209,11
1572580800,652928,12
1575176400,657657,13
1577854800,662385,14
1580533200,667261,15
1583038800,671712,16
1585713600,677041,17
1588305600,682377,18
1590984000,687970,19
1593576000,693044,20
1596254400,698301,21
1598932800,703424,22
1601524800,708676,23
1604203200,714383,24
1606798800,720828,25
