1504238400,91279,
1506830400,93506,
1509508800,96090,
1512104400,98716,
1514782800,101249,
1517461200,104324,
1519880400,106947,1
1522555200,109744,2
1525147200,112659,3
1527825600,115554,4
1530417600,118535,5
1533096000,121383,6
1535774400,128519,7
1538366400,131502,8
1541044800,134556,9
1543640400,138051,10
1546318800,140742,11
1548997200,144056,12
1551416400,147284,13
1554091200,150917,14
1556683200,154336,15
1559361600,157883,16
1561953600,161157,17
1564632000,164440,18
1567310400,167694,19
1569902400,171146,20
1572580800,174390,21
1575176400,177467,22
1577854800,180733,23
1580533200,184043,24
1583038800,187010,25
1585713600,190517,26
1588305600,194244,27
1590984000,197870,28
1593576000,201087,29
1596254400,204465,30
1598932800,207837,31
1601524800,211060,32
1604203200,215009,33
1606798800,219773,34
