1546318800,36414,
1548997200,35800,
1551416400,36466,
1554091200,42527,
1556683200,41642,
1559361600,40548,
1561953600,40342,
1564632000,27784,
1567310400,27677,
1569902400,26906,
1572580800,26609,
1575176400,26462,
1577854800,26611,
1580533200,26304,
1583038800,25997,
1585713600,252589,
1588305600,257442,
1590984000,262509,
1593576000,266994,
1596254400,271579,
1598932800,275962,1
1601524800,280338,2
1604203200,284668,3
1606798800,288864,4
1609477200,293309,5
1612155600,298188,6
1614574800,302746,7
1617249600,306599,8
1619841600,312507,9
1622520000,317983,10
1625112000,327673,11
1627790400,332543,12
