1320120000,1117,
1322715600,608,
1325394000,727,
1328072400,790,
1330578000,881,
1333252800,949,
1335844800,945,0
1338523200,965,0
1341115200,1037,0
1343793600,1128,0
1346472000,1254,0
1349064000,1339,1
1351742400,1462,2
1354338000,1589,3
1357016400,1703,4
1359694800,1876,5
1362114000,1663,0
1364788800,1819,0
1367380800,1763,0
1370059200,1885,0
1372651200,2030,0
1375329600,2143,0
1378008000,2284,0
1380600000,2316,1
1383278400,2452,2
1385874000,2603,3
1388552400,2636,4
1391230800,2852,5
1393650000,2919,6
1396324800,3191,7
1398916800,3245,8
1401595200,3714,0
1404187200,3755,0
1406865600,3993,1
1409544000,4143,2
1412136000,4352,3
1414814400,4477,4
1417410000,4889,5
1420088400,5139,6
1422766800,5567,7
1425186000,5828,8
1427860800,5980,9
1430452800,6215,10
1433131200,6444,11
1435723200,6457,12
1438401600,6821,13
1441080000,7104,14
1443672000,7444,15
1446350400,7793,16
1448946000,7991,17
1451624400,8196,18
1454302800,8633,19
1456808400,8960,20
1459483200,9298,21
1462075200,9911,22
1464753600,10237,23
1467345600,10545,24
1470024000,10860,25
1472702400,11262,26
1475294400,11158,0
1477972800,11516,0
1480568400,11879,0
1483246800,12682,0
1485925200,13023,0
1488344400,13138,1
1491019200,13533,2
1493611200,13929,3
1496289600,14323,4
1498881600,14777,5
1501560000,15210,6
1504238400,15571,7
1506830400,15973,8
1509508800,16487,9
1512104400,16922,10
1514782800,17368,11
1517461200,17851,12
1519880400,18342,13
1522555200,18829,14
1525147200,19302,15
1527825600,19753,16
1530417600,20233,17
1533096000,20722,18
1535774400,21917,19
1538366400,22445,20
1541044800,24712,0
1543640400,25132,1
1546318800,25916,2
1548997200,26492,0
1551416400,27094,0
1554091200,27795,1
1556683200,28395,2
1559361600,28854,3
1561953600,29430,4
1564632000,30044,5
1567310400,30738,6
1569902400,31366,7
1572580800,31900,8
1575176400,32539,9
1577854800,33119,10
1580533200,33675,11
1583038800,33923,12
1585713600,34538,13
1588305600,35165,14
1590984000,35821,15
1593576000,36356,16
1596254400,36957,17
1598932800,37484,18
1601524800,38011,19
1604203200,38545,20
1606798800,39068,21
