1504238400,427817,
1506830400,430502,
1509508800,433820,
1512104400,437173,
1514782800,440602,
1517461200,444612,
1519880400,448183,1
1522555200,452275,2
1525147200,456208,3
1527825600,460300,4
1530417600,464637,5
1533096000,469137,6
1535774400,473424,7
1538366400,477805,8
1541044800,482065,9
1543640400,486882,10
1546318800,490708,11
1548997200,495410,12
1551416400,500049,13
1554091200,505495,14
1556683200,510519,15
1559361600,515611,16
1561953600,520393,17
1564632000,525423,18
1567310400,530274,19
1569902400,535251,20
1572580800,540105,21
1575176400,544971,22
1577854800,549814,23
1580533200,554801,24
1583038800,559356,25
1585713600,564799,26
1588305600,570230,27
1590984000,575907,28
1593576000,581076,29
1596254400,586431,30
1598932800,591636,31
1601524800,596974,32
1604203200,602753,33
1606798800,609272,34
