1467345600,2767,
1470024000,2732,
1472702400,2746,
1475294400,2746,
1477972800,2720,
1480568400,2726,
1483246800,2726,0
1485925200,2674,0
1488344400,2679,0
1491019200,2661,0
1493611200,2689,0
1496289600,2559,0
1498881600,2661,0
1501560000,2692,0
1504238400,2718,0
1506830400,2701,0
1509508800,2699,0
1512104400,2602,0
1514782800,2620,0
1517461200,2566,0
1519880400,2517,0
1522555200,2568,0
1525147200,2574,0
1527825600,2660,0
1530417600,2636,0
1533096000,2647,0
1535774400,1562,0
1538366400,1552,0
1541044800,1541,0
1543640400,1517,0
1546318800,1453,0
1548997200,1456,0
1551416400,1443,0
1554091200,1412,0
1556683200,1390,0
1559361600,1382,0
1561953600,1379,0
1564632000,1358,0
1567310400,1340,0
1569902400,1304,0
1572580800,1285,0
1575176400,1280,0
1577854800,1254,0
1580533200,1235,0
1583038800,1222,0
1585713600,1221,0
1588305600,1205,0
1590984000,1188,0
1593576000,1184,0
1596254400,1151,0
1598932800,1118,0
1601524800,1105,0
1604203200,1099,0
1606798800,1095,0
