1409544000,75814,
1412136000,24455,
1414814400,25833,
1417410000,27232,
1420088400,28573,
1422766800,30152,
1425186000,31609,1
1427860800,33238,2
1430452800,34845,3
1433131200,36560,4
1435723200,38316,5
1438401600,40336,6
1441080000,42483,7
1443672000,44682,8
1446350400,46927,9
1448946000,49153,10
1451624400,51533,11
1454302800,53888,12
1456808400,56186,13
1459483200,58870,14
1462075200,61398,15
1464753600,63880,16
1467345600,66194,17
1470024000,68668,18
1472702400,71210,19
1475294400,73646,20
1477972800,76210,21
1480568400,78585,22
1483246800,80977,23
1485925200,83401,24
1488344400,86180,25
1491019200,89206,26
1493611200,92059,27
1496289600,94980,28
1498881600,98005,29
1501560000,101028,30
1504238400,103953,31
1506830400,106658,32
1509508800,109804,33
1512104400,112849,34
1514782800,115899,35
1517461200,119434,36
1519880400,122476,37
1522555200,125840,38
1525147200,129096,39
1527825600,132415,40
1530417600,136012,41
1533096000,139503,42
1535774400,145751,43
1538366400,149229,44
1541044800,152792,45
1543640400,156647,46
1546318800,159882,47
1548997200,163689,48
1551416400,167429,49
1554091200,171726,50
1556683200,175787,51
1559361600,179951,52
1561953600,183730,53
1564632000,187512,54
1567310400,191328,55
1569902400,195229,56
1572580800,199052,57
1575176400,202696,58
1577854800,206415,59
1580533200,210316,60
1583038800,213881,61
1585713600,218072,62
1588305600,222361,63
1590984000,226595,64
1593576000,230327,65
1596254400,234386,66
1598932800,238335,67
1601524800,242127,68
1604203200,246788,69
1606798800,252086,70
