1527825600,573123,
1530417600,576829,
1533096000,580729,
1535774400,584588,
1538366400,588512,
1541044800,592496,
1543640400,597036,1
1546318800,600594,2
1548997200,605009,3
1551416400,609422,4
1554091200,614646,5
1556683200,619461,6
1559361600,624346,7
1561953600,628980,8
1564632000,633790,9
1567310400,638478,10
1569902400,643302,11
1572580800,648028,12
1575176400,652763,13
1577854800,657498,14
1580533200,662376,15
1583038800,666829,16
1585713600,672165,17
1588305600,677508,18
1590984000,683109,19
1593576000,688187,20
1596254400,693454,21
1598932800,698578,22
1601524800,703834,23
1604203200,709549,24
1606798800,716001,25
