1561953600,830297,
1564632000,833947,
1567310400,837863,
1569902400,842051,
1572580800,846171,
1575176400,850451,
1577854800,854726,1
1580533200,859153,2
1583038800,863196,3
1585713600,868040,4
1588305600,872850,5
1590984000,877876,6
1593576000,882553,7
1596254400,887326,8
1598932800,892049,9
1601524800,896886,10
1604203200,901358,11
1606798800,905752,12
1609477200,910339,13
1612155600,915361,14
1614574800,920156,15
1617249600,927461,16
1619841600,933720,17
1622520000,939475,18
1625112000,950640,19
1627790400,955904,20
