1522555200,536807,
1525147200,540240,
1527825600,543900,
1530417600,547901,
1533096000,552037,
1535774400,556069,
1538366400,560138,1
1541044800,564148,2
1543640400,568799,3
1546318800,572440,4
1548997200,576932,5
1551416400,581409,6
1554091200,586699,7
1556683200,591575,8
1559361600,596515,9
1561953600,601175,10
1564632000,606042,11
1567310400,610780,12
1569902400,615655,13
1572580800,620437,14
1575176400,625241,15
1577854800,630006,16
1580533200,634922,17
1583038800,639396,18
1585713600,644777,19
1588305600,650153,20
1590984000,655767,21
1593576000,660867,22
1596254400,666148,23
1598932800,671301,24
1601524800,676574,25
1604203200,682306,26
1606798800,688778,27
