1404187200,64593,
1406865600,65633,
1409544000,66916,
1412136000,68195,
1414814400,69610,
1417410000,71051,
1420088400,72413,1
1422766800,74061,2
1425186000,75645,3
1427860800,77338,4
1430452800,79069,5
1433131200,81066,6
1435723200,83007,7
1438401600,85370,8
1441080000,87805,9
1443672000,90353,10
1446350400,92875,11
1448946000,95584,12
1451624400,98566,13
1454302800,101452,14
1456808400,104353,15
1459483200,107862,16
1462075200,111083,17
1464753600,114287,18
1467345600,117104,19
1470024000,120260,20
1472702400,123530,21
1475294400,126708,22
1477972800,130041,23
1480568400,133098,24
1483246800,136312,25
1485925200,139381,26
1488344400,142896,27
1491019200,146722,28
1493611200,150433,29
1496289600,154223,30
1498881600,158411,31
1501560000,162524,32
1504238400,166475,33
1506830400,170078,34
1509508800,174469,35
1512104400,178577,36
1514782800,182734,37
1517461200,187543,38
1519880400,191625,39
1522555200,196280,40
1525147200,200755,41
1527825600,205334,42
1530417600,210110,43
1533096000,215161,44
1535774400,219908,45
1538366400,224602,46
1541044800,229232,47
1543640400,234462,48
1546318800,238619,49
1548997200,243588,50
1551416400,248540,51
1554091200,254239,52
1556683200,259487,53
1559361600,264816,54
1561953600,269742,55
1564632000,274966,56
1567310400,280038,57
1569902400,285182,58
1572580800,290199,59
1575176400,295235,60
1577854800,300229,61
1580533200,305370,62
1583038800,310033,63
1585713600,315606,64
1588305600,321181,65
1590984000,326978,66
1593576000,332289,67
1596254400,337770,68
1598932800,343100,69
1601524800,348560,70
1604203200,354447,71
1606798800,361064,72
