1451624400,187291,
1454302800,189340,
1456808400,191560,
1459483200,194520,
1462075200,197244,
1464753600,199983,
1467345600,202417,1
1470024000,205243,2
1472702400,208130,3
1475294400,210992,4
1477972800,214045,5
1480568400,216842,6
1483246800,219836,7
1485925200,222687,8
1488344400,225976,9
1491019200,229568,10
1493611200,233067,11
1496289600,236681,12
1498881600,240691,13
1501560000,244647,14
1504238400,248434,15
1506830400,251905,16
1509508800,256083,17
1512104400,260066,18
1514782800,264094,19
1517461200,268789,20
1519880400,272776,21
1522555200,277338,22
1525147200,281724,23
1527825600,286215,24
1530417600,290884,25
1533096000,295851,26
1535774400,300507,27
1538366400,305144,28
1541044800,309689,29
1543640400,314847,30
1546318800,318934,31
1548997200,323859,32
1551416400,328768,33
1554091200,334408,34
1556683200,339614,35
1559361600,344907,36
1561953600,349803,37
1564632000,354989,38
1567310400,360003,39
1569902400,365111,40
1572580800,370095,41
1575176400,375087,42
1577854800,380055,43
1580533200,385158,44
1583038800,389808,45
1585713600,395359,46
1588305600,400909,47
1590984000,406682,48
1593576000,411970,49
1596254400,417426,50
1598932800,422723,51
1601524800,428153,52
1604203200,434010,53
1606798800,440605,54
