1462075200,222681,
1464753600,225109,
1467345600,227318,
1470024000,229990,
1472702400,232722,
1475294400,235461,
1477972800,238387,1
1480568400,241076,2
1483246800,243975,3
1485925200,246802,4
1488344400,250009,5
1491019200,253518,6
1493611200,256939,7
1496289600,260456,8
1498881600,264382,9
1501560000,268265,10
1504238400,271982,11
1506830400,275402,12
1509508800,279519,13
1512104400,283448,14
1514782800,287430,15
1517461200,292045,16
1519880400,296000,17
1522555200,300528,18
1525147200,304880,19
1527825600,309342,20
1530417600,313975,21
1533096000,318902,22
1535774400,323528,23
1538366400,328140,24
1541044800,332653,25
1543640400,337779,26
1546318800,341850,27
1548997200,346757,28
1551416400,351647,29
1554091200,357269,30
1556683200,362469,31
1559361600,367741,32
1561953600,372622,33
1564632000,377795,34
1567310400,382793,35
1569902400,387883,36
1572580800,392864,37
1575176400,397854,38
1577854800,402816,39
1580533200,407906,40
1583038800,412542,41
1585713600,418078,42
1588305600,423614,43
1590984000,429368,44
1593576000,434643,45
1596254400,440087,46
1598932800,445370,47
1601524800,450789,48
1604203200,456644,49
1606798800,463230,50
