1425186000,104944,
1427860800,106263,
1430452800,107743,
1433131200,109458,
1435723200,111204,
1438401600,113375,
1441080000,115607,1
1443672000,117948,2
1446350400,120342,3
1448946000,122866,4
1451624400,125713,5
1454302800,128478,6
1456808400,131260,7
1459483200,134691,8
1462075200,137782,9
1464753600,140885,10
1467345600,143634,11
1470024000,146702,12
1472702400,149882,13
1475294400,152985,14
1477972800,156252,15
1480568400,159235,16
1483246800,162395,17
1485925200,165409,18
1488344400,168868,19
1491019200,172642,20
1493611200,176302,21
1496289600,180046,22
1498881600,184183,23
1501560000,188252,24
1504238400,192162,25
1506830400,195726,26
1509508800,200066,27
1512104400,204142,28
1514782800,208276,29
1517461200,213055,30
1519880400,217111,31
1522555200,221741,32
1525147200,226186,33
1527825600,230743,34
1530417600,235489,35
1533096000,240521,36
1535774400,245245,37
1538366400,249924,38
1541044800,254533,39
1543640400,259748,40
1546318800,263884,41
1548997200,268845,42
1551416400,273788,43
1554091200,279475,44
1556683200,284716,45
1559361600,290037,46
1561953600,294945,47
1564632000,300160,48
1567310400,305213,49
1569902400,310348,50
1572580800,315353,51
1575176400,320377,52
1577854800,325363,53
1580533200,330493,54
1583038800,335152,55
1585713600,340726,56
1588305600,346291,57
1590984000,352085,58
1593576000,357389,59
1596254400,362865,60
1598932800,368187,61
1601524800,373638,62
1604203200,379515,63
1606798800,386131,64
