1325394000,3700,
1328072400,3833,
1330578000,4008,
1333252800,4196,
1335844800,4401,
1338523200,4637,
1341115200,4883,1
1343793600,1456,0
1346472000,1398,0
1349064000,1686,0
1351742400,1882,0
1354338000,2056,0
1357016400,2206,0
1359694800,2431,1
1362114000,2616,2
1364788800,2888,3
1367380800,3138,4
1370059200,3287,5
1372651200,3582,6
1375329600,3874,7
1378008000,4138,8
1380600000,4472,9
1383278400,4770,10
1385874000,5112,11
1388552400,5480,12
1391230800,5879,13
1393650000,6267,14
1396324800,6707,15
1398916800,7232,16
1401595200,7678,17
1404187200,8152,18
1406865600,8604,19
1409544000,7544,0
1412136000,7961,0
1414814400,8268,0
1417410000,8106,0
1420088400,8517,0
1422766800,8995,0
1425186000,9413,0
1427860800,9818,0
1430452800,10273,1
1433131200,10624,2
1435723200,11051,3
1438401600,11597,4
1441080000,12071,5
1443672000,12607,6
1446350400,13317,7
1448946000,13909,8
1451624400,14249,9
1454302800,14844,10
1456808400,15381,11
1459483200,13356,0
1462075200,13069,0
1464753600,13507,0
1467345600,13342,0
1470024000,13699,0
1472702400,13276,0
1475294400,13713,0
1477972800,14045,0
1480568400,14372,0
1483246800,14801,0
1485925200,15042,1
1488344400,15595,2
1491019200,15916,3
1493611200,16288,4
1496289600,16987,5
1498881600,17516,6
1501560000,17933,7
1504238400,18330,8
1506830400,18672,9
1509508800,19245,10
1512104400,19715,11
1514782800,21194,0
1517461200,21701,1
1519880400,22386,2
1522555200,22841,3
1525147200,23371,4
1527825600,23947,5
1530417600,24522,6
1533096000,25031,7
1535774400,18766,0
1538366400,19205,0
1541044800,18396,0
1543640400,18822,0
1546318800,19586,0
1548997200,19438,0
1551416400,19860,0
1554091200,20068,0
1556683200,20570,0
1559361600,21051,0
1561953600,21572,1
1564632000,22019,2
1567310400,22386,3
1569902400,22951,4
1572580800,23337,5
1575176400,23810,6
1577854800,24284,7
1580533200,24473,8
1583038800,24883,9
1585713600,25336,10
1588305600,25795,11
1590984000,26275,12
1593576000,26680,13
1596254400,27341,14
1598932800,27733,15
1601524800,28159,16
1604203200,28525,17
1606798800,28889,18
