1514782800,496662,
1517461200,139683,
1519880400,503217,
1522555200,506962,
1525147200,510629,
1527825600,514498,
1530417600,518641,0
1533096000,522944,1
1535774400,527085,2
1538366400,531293,3
1541044800,535412,4
1543640400,540136,5
1546318800,543841,6
1548997200,548410,7
1551416400,552958,8
1554091200,558310,9
1556683200,563244,10
1559361600,568221,11
1561953600,572941,12
1564632000,577862,13
1567310400,582644,14
1569902400,587552,15
1572580800,592373,16
1575176400,597200,17
1577854800,601998,18
1580533200,606940,19
1583038800,611451,20
1585713600,616847,21
1588305600,622244,22
1590984000,627878,23
1593576000,633000,24
1596254400,638300,25
1598932800,643475,26
1601524800,648768,27
1604203200,654518,28
1606798800,661003,29
