1433131200,124763,
1435723200,126280,
1438401600,128260,
1441080000,130335,
1443672000,132542,
1446350400,134820,
1448946000,33112,0
1451624400,34612,0
1454302800,36018,0
1456808400,37399,0
1459483200,39003,0
1462075200,40600,1
1464753600,42201,2
1467345600,43609,3
1470024000,45127,4
1472702400,46675,5
1475294400,48118,6
1477972800,49804,7
1480568400,51300,8
1483246800,52807,9
1485925200,54350,10
1488344400,56030,11
1491019200,57914,12
1493611200,59733,13
1496289600,61502,14
1498881600,63316,15
1501560000,65206,16
1504238400,67071,17
1506830400,68806,18
1509508800,70824,19
1512104400,72710,20
1514782800,74571,21
1517461200,76787,22
1519880400,78777,23
1522555200,80935,24
1525147200,83114,25
1527825600,85299,26
1530417600,87490,27
1533096000,89579,28
1535774400,97507,0
1538366400,99785,0
1541044800,102019,1
1543640400,104683,2
1546318800,106857,0
1548997200,109351,1
1551416400,111698,2
1554091200,114471,3
1556683200,117008,4
1559361600,119786,5
1561953600,122105,6
1564632000,124566,7
1567310400,127049,8
1569902400,129637,9
1572580800,132145,10
1575176400,134602,11
1577854800,137104,12
1580533200,139608,13
1583038800,141870,14
1585713600,144462,15
1588305600,147211,16
1590984000,149960,17
1593576000,152419,18
1596254400,154977,19
1598932800,157543,20
1601524800,160075,21
1604203200,163335,22
1606798800,167294,23
