1488344400,344710,
1491019200,347474,
1493611200,350356,
1496289600,353400,
1498881600,356883,
1501560000,360332,
1504238400,363748,1
1506830400,366881,2
1509508800,370671,3
1512104400,374350,4
1514782800,378067,5
1517461200,382400,6
1519880400,386161,7
1522555200,390505,8
1525147200,394627,9
1527825600,398899,10
1530417600,403406,11
1533096000,408051,12
1535774400,412497,13
1538366400,416980,14
1541044800,421351,15
1543640400,426313,16
1546318800,430256,17
1548997200,435060,18
1551416400,439811,19
1554091200,445335,20
1556683200,450447,21
1559361600,455614,22
1561953600,460449,23
1564632000,465549,24
1567310400,470464,25
1569902400,475500,26
1572580800,480418,27
1575176400,485345,28
1577854800,490253,29
1580533200,495285,30
1583038800,499881,31
1585713600,505375,32
1588305600,510856,33
1590984000,516568,34
1593576000,521794,35
1596254400,527196,36
1598932800,532427,37
1601524800,537797,38
1604203200,543615,39
1606798800,550158,40
