1525147200,560169,
1527825600,563567,
1530417600,567418,
1533096000,571392,
1535774400,575304,
1538366400,579269,
1541044800,583223,1
1543640400,587807,2
1546318800,591386,3
1548997200,595825,4
1551416400,600273,5
1554091200,605507,6
1556683200,610352,7
1559361600,615264,8
1561953600,619915,9
1564632000,624742,10
1567310400,629453,11
1569902400,634296,12
1572580800,639041,13
1575176400,643806,14
1577854800,648558,15
1580533200,653450,16
1583038800,657910,17
1585713600,663262,18
1588305600,668616,19
1590984000,674223,20
1593576000,679304,21
1596254400,684572,22
1598932800,689700,23
1601524800,694963,24
1604203200,700686,25
1606798800,707144,26
