1514782800,498153,
1517461200,127577,
1519880400,130874,
1522555200,134514,
1525147200,138056,
1527825600,141717,
1530417600,145613,1
1533096000,149440,2
1535774400,139837,0
1538366400,143195,0
1541044800,146561,0
1543640400,150293,0
1546318800,153327,0
1548997200,156986,1
1551416400,160491,2
1554091200,164546,3
1556683200,168306,4
1559361600,172188,5
1561953600,175850,6
1564632000,179448,7
1567310400,183027,8
1569902400,186769,9
1572580800,190361,10
1575176400,193857,11
1577854800,197404,12
1580533200,201035,13
1583038800,204454,14
1585713600,208470,15
1588305600,212732,16
1590984000,216749,17
1593576000,220309,18
1596254400,224116,19
1598932800,227954,20
1601524800,231547,21
1604203200,236018,22
1606798800,241146,23
