1464753600,238285,
1467345600,240351,
1470024000,242900,
1472702400,245506,
1475294400,248134,
1477972800,250985,
1480568400,253621,1
1483246800,256461,2
1485925200,259258,3
1488344400,262426,4
1491019200,265901,5
1493611200,269303,6
1496289600,272775,7
1498881600,276673,8
1501560000,280523,9
1504238400,284207,10
1506830400,287597,11
1509508800,291690,12
1512104400,295583,13
1514782800,299546,14
1517461200,304136,15
1519880400,308072,16
1522555200,312584,17
1525147200,316916,18
1527825600,321361,19
1530417600,325984,20
1533096000,330895,21
1535774400,335504,22
1538366400,340107,23
1541044800,344608,24
1543640400,349723,25
1546318800,353788,26
1548997200,358688,27
1551416400,363564,28
1554091200,369176,29
1556683200,374365,30
1559361600,379624,31
1561953600,384497,32
1564632000,389660,33
1567310400,394654,34
1569902400,399741,35
1572580800,404715,36
1575176400,409700,37
1577854800,414652,38
1580533200,419739,39
1583038800,424373,40
1585713600,429903,41
1588305600,435436,42
1590984000,441182,43
1593576000,446450,44
1596254400,451889,45
1598932800,457163,46
1601524800,462575,47
1604203200,468424,48
1606798800,475008,49
