1425186000,8905,
1427860800,9274,
1430452800,9660,
1433131200,10028,
1435723200,10458,
1438401600,10949,
1441080000,11410,1
1443672000,11876,2
1446350400,12383,3
1448946000,12895,4
1451624400,13449,5
1454302800,14002,6
1456808400,14508,7
1459483200,15050,8
1462075200,15928,9
1464753600,16488,10
1467345600,17064,11
1470024000,17575,12
1472702400,18163,13
1475294400,18713,14
1477972800,19330,15
1480568400,19878,16
1483246800,20445,17
1485925200,21003,18
1488344400,21721,19
1491019200,22418,20
1493611200,23067,21
1496289600,23698,22
1498881600,24468,23
1501560000,25203,24
1504238400,25878,25
1506830400,26509,26
1509508800,27296,27
1512104400,27987,28
1514782800,28725,29
1517461200,29549,30
1519880400,30345,31
1522555200,31108,32
1525147200,31983,33
1527825600,32756,34
1530417600,33562,35
1533096000,34301,36
1535774400,41169,0
1538366400,42102,0
1541044800,42922,0
1543640400,43983,0
1546318800,44968,0
1548997200,45970,1
1551416400,47002,2
1554091200,48204,3
1556683200,49297,4
1559361600,50411,5
1561953600,51363,6
1564632000,52434,7
1567310400,53444,8
1569902400,54520,9
1572580800,55471,10
1575176400,56528,11
1577854800,57597,12
1580533200,58497,13
1583038800,59492,14
1585713600,60547,15
1588305600,61671,16
1590984000,62887,17
1593576000,63804,18
1596254400,64828,19
1598932800,65851,20
1601524800,66883,21
1604203200,68374,22
1606798800,70343,23
