1530417600,589417,
1533096000,593112,
1535774400,596830,
1538366400,600687,
1541044800,604617,
1543640400,609093,
1546318800,612626,1
1548997200,616989,2
1551416400,621328,3
1554091200,626527,4
1556683200,631308,5
1559361600,636171,6
1561953600,640791,7
1564632000,645584,8
1567310400,650244,9
1569902400,655051,10
1572580800,659760,11
1575176400,664475,12
1577854800,210862,0
1580533200,217871,0
1583038800,227249,0
1585713600,231605,0
1588305600,236271,0
1590984000,240937,1
1593576000,244946,2
1596254400,249220,3
1598932800,241560,0
1601524800,245352,0
1604203200,250055,0
1606798800,255521,0
