1435723200,133805,
1438401600,135610,
1441080000,137586,
1443672000,139721,
1446350400,141927,
1448946000,144243,
1451624400,146921,1
1454302800,149520,2
1456808400,152209,3
1459483200,155526,4
1462075200,158514,5
1464753600,161508,6
1467345600,164173,7
1470024000,167160,8
1472702400,170239,9
1475294400,173269,10
1477972800,176482,11
1480568400,179405,12
1483246800,182511,13
1485925200,185459,14
1488344400,188856,15
1491019200,192574,16
1493611200,196191,17
1496289600,199885,18
1498881600,203984,19
1501560000,208018,20
1504238400,211883,21
1506830400,215422,22
1509508800,219705,23
1512104400,223754,24
1514782800,227857,25
1517461200,232604,26
1519880400,236638,27
1522555200,241243,28
1525147200,245665,29
1527825600,250198,30
1530417600,254924,31
1533096000,259932,32
1535774400,264626,33
1538366400,269286,34
1541044800,273874,35
1543640400,279075,36
1546318800,283192,37
1548997200,288141,38
1551416400,293072,39
1554091200,298738,40
1556683200,303965,41
1559361600,309272,42
1561953600,314173,43
1564632000,319381,44
1567310400,324420,45
1569902400,329545,46
1572580800,334542,47
1575176400,339547,48
1577854800,344529,49
1580533200,349647,50
1583038800,354305,51
1585713600,359873,52
1588305600,365429,53
1590984000,371220,54
1593576000,376522,55
1596254400,381992,56
1598932800,387304,57
1601524800,392753,58
1604203200,398618,59
1606798800,405228,60
