1346472000,9997,
1349064000,10252,
1351742400,10568,
1354338000,10924,
1357016400,11277,
1359694800,11775,
1362114000,12240,1
1364788800,12946,2
1367380800,13610,3
1370059200,14233,4
1372651200,14998,5
1375329600,15758,6
1378008000,16439,7
1380600000,17334,8
1383278400,18122,9
1385874000,19063,10
1388552400,20075,11
1391230800,21224,12
1393650000,22275,13
1396324800,23620,14
1398916800,24881,15
1401595200,26305,16
1404187200,27726,17
1406865600,29107,18
1409544000,30779,19
1412136000,32334,20
1414814400,33987,21
1417410000,35644,22
1420088400,37177,23
1422766800,39049,24
1425186000,40818,25
1427860800,42689,26
1430452800,44541,27
1433131200,46705,28
1435723200,48782,29
1438401600,51299,30
1441080000,53843,31
1443672000,56527,32
1446350400,59192,33
1448946000,62011,34
1451624400,65081,35
1454302800,68055,36
1456808400,71061,37
1459483200,74606,38
1462075200,77911,39
1464753600,81185,40
1467345600,84067,41
1470024000,87299,42
1472702400,90644,43
1475294400,93885,44
1477972800,97274,45
1480568400,100380,46
1483246800,103642,47
1485925200,106741,48
1488344400,110302,49
1491019200,114172,50
1493611200,117917,51
1496289600,121744,52
1498881600,125962,53
1501560000,130125,54
1504238400,134131,55
1506830400,137755,56
1509508800,142230,57
1512104400,146373,58
1514782800,150564,59
1517461200,155393,60
1519880400,159499,61
1522555200,164157,62
1525147200,168661,63
1527825600,173263,64
1530417600,178057,65
1533096000,183135,66
1535774400,187910,67
1538366400,192617,68
1541044800,197263,69
1543640400,202501,70
1546318800,206665,71
1548997200,211652,72
1551416400,216613,73
1554091200,222332,74
1556683200,227589,75
1559361600,232929,76
1561953600,237866,77
1564632000,243109,78
1567310400,248188,79
1569902400,253336,80
1572580800,258364,81
1575176400,263409,82
1577854800,268422,83
1580533200,273574,84
1583038800,278244,85
1585713600,283823,86
1588305600,289408,87
1590984000,295211,88
1593576000,300529,89
1596254400,306021,90
1598932800,311354,91
1601524800,316824,92
1604203200,322716,93
1606798800,329343,94
