1543640400,680422,
1546318800,683766,
1548997200,687801,
1551416400,691835,
1554091200,696691,
1556683200,701257,
1559361600,705913,1
1561953600,710329,2
1564632000,714920,3
1567310400,719427,4
1569902400,724108,5
1572580800,728675,6
1575176400,733318,7
1577854800,737936,8
1580533200,742698,9
1583038800,747048,10
1585713600,752294,11
1588305600,757524,12
1590984000,763001,13
1593576000,767983,14
1596254400,773172,15
1598932800,778233,16
1601524800,783428,17
1604203200,789085,18
1606798800,795459,19
