1320120000,2721,
1322715600,2865,
1325394000,3003,
1328072400,3161,
1330578000,3352,
1333252800,3551,
1335844800,3770,1
1338523200,4015,2
1341115200,4271,3
1343793600,4517,4
1346472000,4877,5
1349064000,5204,6
1351742400,5578,7
1354338000,5990,8
1357016400,6389,9
1359694800,6930,10
1362114000,7432,11
1364788800,8185,12
1367380800,8893,13
1370059200,9539,14
1372651200,10337,15
1375329600,11118,16
1378008000,11823,17
1380600000,12749,18
1383278400,13572,19
1385874000,14540,20
1388552400,15573,21
1391230800,16742,22
1393650000,17818,23
1396324800,19188,24
1398916800,20469,25
1401595200,21919,26
1404187200,23352,27
1406865600,24748,28
1409544000,26433,29
1412136000,27999,30
1414814400,29677,31
1417410000,31347,32
1420088400,32895,33
1422766800,34773,34
1425186000,36553,35
1427860800,38432,36
1430452800,40293,37
1433131200,42466,38
1435723200,44555,39
1438401600,47085,40
1441080000,49640,41
1443672000,52337,42
1446350400,55012,43
1448946000,57850,44
1451624400,60929,45
1454302800,63911,46
1456808400,66924,47
1459483200,70471,48
1462075200,73790,49
1464753600,77069,50
1467345600,79954,51
1470024000,83189,52
1472702400,86543,53
1475294400,89788,54
1477972800,93187,55
1480568400,96326,56
1483246800,99595,57
1485925200,102700,58
1488344400,106265,59
1491019200,110140,60
1493611200,113892,61
1496289600,117728,62
1498881600,121951,63
1501560000,126119,64
1504238400,130128,65
1506830400,133756,66
1509508800,138240,67
1512104400,142386,68
1514782800,146579,69
1517461200,151409,70
1519880400,155519,71
1522555200,160180,72
1525147200,164689,73
1527825600,169292,74
1530417600,174092,75
1533096000,179175,76
1535774400,183951,77
1538366400,188661,78
1541044800,193309,79
1543640400,198548,80
1546318800,202715,81
1548997200,207707,82
1551416400,212672,83
1554091200,218394,84
1556683200,223652,85
1559361600,228993,86
1561953600,233933,87
1564632000,239175,88
1567310400,244255,89
1569902400,249407,90
1572580800,254436,91
1575176400,259483,92
1577854800,264495,93
1580533200,269647,94
1583038800,274318,95
1585713600,279899,96
1588305600,285486,97
1590984000,291293,98
1593576000,296614,99
1596254400,302109,100
1598932800,307445,101
1601524800,312924,102
1604203200,318817,103
1606798800,325441,104
