1498881600,14427,
1501560000,13799,
1504238400,14148,
1506830400,14485,
1509508800,14988,
1512104400,15362,
1514782800,15819,1
1517461200,16281,2
1519880400,16669,3
1522555200,17137,4
1525147200,17594,5
1527825600,18005,6
1530417600,18438,7
1533096000,18822,8
1535774400,22307,0
1538366400,22844,0
1541044800,23393,0
1543640400,23975,0
1546318800,24482,0
1548997200,25036,1
1551416400,25651,2
1554091200,26286,3
1556683200,26981,4
1559361600,27558,5
1561953600,28110,6
1564632000,28675,7
1567310400,29209,8
1569902400,29788,9
1572580800,30294,10
1575176400,30881,11
1577854800,31491,12
1580533200,32008,13
1583038800,32499,14
1585713600,33076,15
1588305600,33702,16
1590984000,34297,17
1593576000,34852,18
1596254400,35445,19
1598932800,35952,20
1601524800,36470,21
1604203200,36969,22
1606798800,37438,23
