1535774400,624856,
1538366400,628498,
1541044800,632276,
1543640400,636620,
1546318800,640055,
1548997200,644337,
1551416400,648588,1
1554091200,653650,2
1556683200,658346,3
1559361600,663147,4
1561953600,667681,5
1564632000,672403,6
1567310400,677015,7
1569902400,681773,8
1572580800,686430,9
1575176400,691115,10
1577854800,695794,11
1580533200,700625,12
1583038800,705035,13
1585713600,710333,14
1588305600,715630,15
1590984000,721187,16
1593576000,726223,17
1596254400,731457,18
1598932800,736557,19
1601524800,741790,20
1604203200,747477,21
1606798800,753879,22
