1459483200,216295,
1462075200,218638,
1464753600,221134,
1467345600,223393,
1470024000,226092,
1472702400,228854,
1475294400,231612,1
1477972800,234562,2
1480568400,237270,3
1483246800,240189,4
1485925200,243037,5
1488344400,246261,6
1491019200,249788,7
1493611200,253227,8
1496289600,256761,9
1498881600,260704,10
1501560000,264592,11
1504238400,268307,12
1506830400,271737,13
1509508800,275861,14
1512104400,279801,15
1514782800,283793,16
1517461200,288413,17
1519880400,292365,18
1522555200,296901,19
1525147200,301256,20
1527825600,305726,21
1530417600,310365,22
1533096000,315299,23
1535774400,319929,24
1538366400,324544,25
1541044800,329062,26
1543640400,334193,27
1546318800,338266,28
1548997200,343178,29
1551416400,348073,30
1554091200,353695,31
1556683200,358896,32
1559361600,364172,33
1561953600,369055,34
1564632000,374230,35
1567310400,379233,36
1569902400,384325,37
1572580800,389306,38
1575176400,394296,39
1577854800,399260,40
1580533200,404350,41
1583038800,408990,42
1585713600,414525,43
1588305600,420065,44
1590984000,425823,45
1593576000,431099,46
1596254400,436546,47
1598932800,441834,48
1601524800,447256,49
1604203200,453110,50
1606798800,459697,51
