1556683200,785000,
1559361600,788954,
1561953600,792877,
1564632000,797032,
1567310400,801216,
1569902400,805585,
1572580800,809856,1
1575176400,814250,2
1577854800,818660,3
1580533200,823171,4
1583038800,827275,5
1585713600,832216,6
1588305600,837116,7
1590984000,842212,8
1593576000,846952,9
1596254400,851779,10
1598932800,856541,11
1601524800,861432,12
1604203200,865944,13
1606798800,870376,14
1609477200,874986,15
1612155600,880051,16
1614574800,884878,17
1617249600,892209,18
1619841600,898498,19
1622520000,904277,20
1625112000,915510,21
