1462075200,44759,
1464753600,46494,
1467345600,48064,
1470024000,49713,
1472702400,51435,
1475294400,53007,
1477972800,54786,1
1480568400,56436,2
1483246800,58028,3
1485925200,59722,4
1488344400,61547,5
1491019200,63645,6
1493611200,65533,7
1496289600,67496,8
1498881600,69542,9
1501560000,71650,10
1504238400,73652,11
1506830400,75487,12
1509508800,77686,13
1512104400,79772,14
1514782800,81769,15
1517461200,84231,16
1519880400,86412,17
1522555200,88764,18
1525147200,91074,19
1527825600,93437,20
1530417600,95878,21
1533096000,98164,22
1535774400,105931,0
1538366400,108328,1
1541044800,110806,2
1543640400,113690,3
1546318800,116023,0
1548997200,118740,1
1551416400,121341,2
1554091200,124318,3
1556683200,127072,4
1559361600,130074,5
1561953600,132635,6
1564632000,135350,7
1567310400,138035,8
1569902400,140816,9
1572580800,143463,10
1575176400,146079,11
1577854800,148775,12
1580533200,151456,13
1583038800,153892,14
1585713600,156754,15
1588305600,159733,16
1590984000,162709,17
1593576000,165324,18
1596254400,168059,19
1598932800,170855,20
1601524800,173613,21
1604203200,177008,22
1606798800,181189,23
