1459483200,220283,
1462075200,222438,
1464753600,224863,
1467345600,227075,
1470024000,229747,
1472702400,232479,
1475294400,235220,1
1477972800,238149,2
1480568400,240838,3
1483246800,38384,0
1485925200,38913,0
1488344400,40043,0
1491019200,41521,0
1493611200,41940,0
1496289600,43209,1
1498881600,44585,2
1501560000,45967,3
1504238400,47364,4
1506830400,64480,0
1509508800,66399,0
1512104400,68242,0
1514782800,69984,0
1517461200,72073,0
1519880400,73935,1
1522555200,76104,2
1525147200,78093,3
1527825600,80191,4
1530417600,82289,5
1533096000,84311,6
1535774400,73869,0
1538366400,75574,0
1541044800,77246,0
1543640400,79209,0
1546318800,80831,0
1548997200,82734,1
1551416400,84623,2
1554091200,86711,3
1556683200,88629,4
1559361600,90753,5
1561953600,92493,6
1564632000,94367,7
1567310400,96182,8
1569902400,98118,9
1572580800,99967,10
1575176400,101832,11
1577854800,103844,12
1580533200,105697,13
1583038800,107496,14
1585713600,109465,15
1588305600,111509,16
1590984000,113685,17
1593576000,115450,18
1596254400,117290,19
1598932800,119248,20
1601524800,121132,21
1604203200,123731,22
1606798800,124025,23
