1514782800,492522,
1517461200,495973,
1519880400,499241,
1522555200,503027,
1525147200,506719,
1527825600,510599,
1530417600,514761,1
1533096000,519079,2
1535774400,523231,3
1538366400,527447,4
1541044800,531581,5
1543640400,536294,6
1546318800,540003,7
1548997200,544597,8
1551416400,549147,9
1554091200,554509,10
1556683200,559447,11
1559361600,564435,12
1561953600,569160,13
1564632000,574097,14
1567310400,578886,15
1569902400,583799,16
1572580800,588626,17
1575176400,593461,18
1577854800,598260,19
1580533200,603210,20
1583038800,607727,21
1585713600,613123,22
1588305600,618518,23
1590984000,624155,24
1593576000,629278,25
1596254400,634582,26
1598932800,639759,27
1601524800,645058,28
1604203200,650808,29
1606798800,657297,30
