1485925200,331714,
1488344400,334310,
1491019200,337305,
1493611200,340296,
1496289600,343396,
1498881600,346971,
1501560000,350485,1
1504238400,353948,2
1506830400,357111,3
1509508800,360948,4
1512104400,364671,5
1514782800,368425,6
1517461200,372787,7
1519880400,376586,8
1522555200,380952,9
1525147200,385111,10
1527825600,389408,11
1530417600,393938,12
1533096000,398620,13
1535774400,403097,14
1538366400,407594,15
1541044800,411994,16
1543640400,416982,17
1546318800,420962,18
1548997200,425773,19
1551416400,430537,20
1554091200,436071,21
1556683200,441203,22
1559361600,446378,23
1561953600,451225,24
1564632000,456333,25
1567310400,461256,26
1569902400,466301,27
1572580800,471227,28
1575176400,476162,29
1577854800,481070,30
1580533200,486107,31
1583038800,490709,32
1585713600,496209,33
1588305600,501699,34
1590984000,507409,35
1593576000,512640,36
1596254400,518048,37
1598932800,523282,38
1601524800,528660,39
1604203200,534482,40
1606798800,541029,41
