1509508800,461909,
1512104400,464903,
1514782800,468103,
1517461200,471897,
1519880400,475309,
1522555200,479247,
1525147200,483085,1
1527825600,487080,2
1530417600,491328,3
1533096000,495733,4
1535774400,499952,5
1538366400,504255,6
1541044800,508451,7
1543640400,513206,8
1546318800,516976,9
1548997200,521614,10
1551416400,526220,11
1554091200,531619,12
1556683200,536586,13
1559361600,541619,14
1561953600,546376,15
1564632000,551360,16
1567310400,556182,17
1569902400,561124,18
1572580800,565986,19
1575176400,253295,0
1577854800,256507,0
1580533200,250061,0
1583038800,253615,0
1585713600,230194,0
1588305600,234852,0
1590984000,185664,0
1593576000,170675,0
1596254400,166553,0
1598932800,169417,0
1601524800,172090,0
1604203200,180362,0
1606798800,173606,0
