1496289600,393522,
1498881600,396351,
1501560000,399392,
1504238400,402540,
1506830400,405472,
1509508800,409001,
1512104400,412515,1
1514782800,416083,2
1517461200,420210,3
1519880400,423865,4
1522555200,152683,0
1525147200,157575,0
1527825600,161869,0
1530417600,154193,0
1533096000,93195,0
1535774400,99868,0
1538366400,102202,0
1541044800,104492,0
1543640400,107240,0
1546318800,110305,1
1548997200,107920,0
1551416400,110255,0
1554091200,99301,0
1556683200,109036,0
1559361600,99537,0
1561953600,89132,0
1564632000,83144,0
1567310400,76149,0
1569902400,76490,0
1572580800,70563,0
1575176400,64080,0
1577854800,63666,0
1580533200,64523,0
1583038800,57963,0
1585713600,56656,0
1588305600,48912,0
1590984000,46400,0
1593576000,45673,0
1596254400,44392,0
1598932800,41236,0
1601524800,40737,0
1604203200,39833,0
1606798800,39751,0
