1467345600,248184,
1470024000,250606,
1472702400,253123,
1475294400,255664,
1477972800,258432,
1480568400,260961,
1483246800,263730,1
1485925200,266472,2
1488344400,269602,3
1491019200,273029,4
1493611200,276399,5
1496289600,279831,6
1498881600,283694,7
1501560000,287498,8
1504238400,291168,9
1506830400,294525,10
1509508800,298595,11
1512104400,302476,12
1514782800,306422,13
1517461200,310993,14
1519880400,314920,15
1522555200,319409,16
1525147200,323735,17
1527825600,328172,18
1530417600,332784,19
1533096000,337619,20
1535774400,342215,21
1538366400,346808,22
1541044800,351295,23
1543640400,356397,24
1546318800,360453,25
1548997200,365340,26
1551416400,370206,27
1554091200,375814,28
1556683200,381000,29
1559361600,386254,30
1561953600,391124,31
1564632000,396280,32
1567310400,401270,33
1569902400,406350,34
1572580800,411319,35
1575176400,416302,36
1577854800,421250,37
1580533200,426329,38
1583038800,430956,39
1585713600,436485,40
1588305600,442019,41
1590984000,447758,42
1593576000,453022,43
1596254400,458457,44
1598932800,463732,45
1601524800,469142,46
1604203200,474986,47
1606798800,481566,48
