1433131200,125764,
1435723200,127257,
1438401600,129227,
1441080000,131288,
1443672000,133484,
1446350400,135746,
1448946000,138149,1
1451624400,140883,2
1454302800,143526,3
1456808400,146242,4
1459483200,149590,5
1462075200,152604,6
1464753600,155637,7
1467345600,158330,8
1470024000,161349,9
1472702400,164459,10
1475294400,167512,11
1477972800,170739,12
1480568400,173676,13
1483246800,176792,14
1485925200,179765,15
1488344400,183174,16
1491019200,186919,17
1493611200,190544,18
1496289600,194250,19
1498881600,198359,20
1501560000,202403,21
1504238400,206285,22
1506830400,209840,23
1509508800,214143,24
1512104400,218193,25
1514782800,222310,26
1517461200,227073,27
1519880400,231114,28
1522555200,235725,29
1525147200,240155,30
1527825600,244692,31
1530417600,249419,32
1533096000,254434,33
1535774400,259136,34
1538366400,263801,35
1541044800,268398,36
1543640400,273608,37
1546318800,277731,38
1548997200,282685,39
1551416400,287619,40
1554091200,293291,41
1556683200,298519,42
1559361600,303828,43
1561953600,308730,44
1564632000,313939,45
1567310400,318982,46
1569902400,324111,47
1572580800,329110,48
1575176400,334119,49
1577854800,339101,50
1580533200,344222,51
1583038800,348878,52
1585713600,354446,53
1588305600,360002,54
1590984000,365791,55
1593576000,371093,56
1596254400,376567,57
1598932800,381882,58
1601524800,387330,59
1604203200,393199,60
1606798800,399809,61
