1496289600,383644,
1498881600,386774,
1501560000,389939,
1504238400,393171,
1506830400,396161,
1509508800,399780,
1512104400,403338,1
1514782800,406937,2
1517461200,411099,3
1519880400,414792,4
1522555200,419029,5
1525147200,423086,6
1527825600,427276,7
1530417600,431705,8
1533096000,436293,9
1535774400,440661,10
1538366400,445110,11
1541044800,449436,12
1543640400,454341,13
1546318800,458224,14
1548997200,462991,15
1551416400,467695,16
1554091200,473183,17
1556683200,478259,18
1559361600,483396,19
1561953600,488206,20
1564632000,493273,21
1567310400,498154,22
1569902400,503168,23
1572580800,508060,24
1575176400,512964,25
1577854800,517845,26
1580533200,522858,27
1583038800,527437,28
1585713600,532903,29
1588305600,538361,30
1590984000,544047,31
1593576000,549245,32
1596254400,554621,33
1598932800,559843,34
1601524800,565199,35
1604203200,570997,36
1606798800,577530,37
