1543640400,680537,
1546318800,683879,
1548997200,687913,
1551416400,691947,
1554091200,696803,
1556683200,701367,
1559361600,706023,1
1561953600,710439,2
1564632000,715030,3
1567310400,719536,4
1569902400,724217,5
1572580800,728784,6
1575176400,733427,7
1577854800,738045,8
1580533200,742807,9
1583038800,747156,10
1585713600,752402,11
1588305600,757631,12
1590984000,763108,13
1593576000,768090,14
1596254400,773279,15
1598932800,778340,16
1601524800,783535,17
1604203200,789191,18
1606798800,795565,19
