1493611200,102150,
1496289600,105503,
1498881600,108914,
1501560000,112434,
1504238400,115772,
1506830400,118847,
1509508800,122457,1
1512104400,126041,2
1514782800,129538,3
1517461200,133659,4
1519880400,137257,5
1522555200,141099,6
1525147200,144926,7
1527825600,149672,8
1530417600,153814,9
1533096000,157861,10
1535774400,163028,11
1538366400,166926,12
1541044800,171012,13
1543640400,175463,14
1546318800,179014,15
1548997200,183337,16
1551416400,187695,17
1554091200,192507,18
1556683200,197175,19
1559361600,201872,20
1561953600,206028,21
1564632000,210539,22
1567310400,215046,23
1569902400,219508,24
1572580800,223776,25
1575176400,228008,26
1577854800,232218,27
1580533200,236659,28
1583038800,240735,29
1585713600,245453,30
1588305600,250344,31
1590984000,255380,32
1593576000,259749,33
1596254400,264394,34
1598932800,268816,35
1601524800,273130,36
1604203200,278289,37
1606798800,284073,38
