1388552400,42465,
1391230800,43245,
1393650000,44069,
1396324800,45136,
1398916800,46216,
1401595200,47476,
1404187200,48763,1
1406865600,50000,2
1409544000,51520,3
1412136000,52972,4
1414814400,54528,5
1417410000,56077,6
1420088400,57525,7
1422766800,59302,8
1425186000,60969,9
1427860800,62760,10
1430452800,64569,11
1433131200,66669,12
1435723200,68680,13
1438401600,71126,14
1441080000,73611,15
1443672000,76228,16
1446350400,78821,17
1448946000,81582,18
1451624400,84606,19
1454302800,87531,20
1456808400,90483,21
1459483200,94036,22
1462075200,97293,23
1464753600,100528,24
1467345600,103373,25
1470024000,106567,26
1472702400,109880,27
1475294400,113100,28
1477972800,116467,29
1480568400,119553,30
1483246800,122787,31
1485925200,125870,32
1488344400,129405,33
1491019200,133254,34
1493611200,136975,35
1496289600,140781,36
1498881600,144988,37
1501560000,149119,38
1504238400,153089,39
1506830400,156701,40
1509508800,161139,41
1512104400,165255,42
1514782800,169426,43
1517461200,174248,44
1519880400,178338,45
1522555200,182995,46
1525147200,187478,47
1527825600,192065,48
1530417600,196849,49
1533096000,201911,50
1535774400,206670,51
1538366400,211366,52
1541044800,216000,53
1543640400,221231,54
1546318800,225391,55
1548997200,230370,56
1551416400,235325,57
1554091200,241027,58
1556683200,246275,59
1559361600,251611,60
1561953600,256541,61
1564632000,261768,62
1567310400,266842,63
1569902400,271992,64
1572580800,277014,65
1575176400,282052,66
1577854800,287053,67
1580533200,292200,68
1583038800,296862,69
1585713600,302433,70
1588305600,308011,71
1590984000,313810,72
1593576000,319124,73
1596254400,324611,74
1598932800,329941,75
1601524800,335406,76
1604203200,341296,77
1606798800,347914,78
