1391230800,44790,
1393650000,45558,
1396324800,46589,
1398916800,47642,
1401595200,48871,
1404187200,50136,
1406865600,51365,1
1409544000,52865,2
1412136000,54304,3
1414814400,55838,4
1417410000,57380,5
1420088400,58815,6
1422766800,60585,7
1425186000,62243,8
1427860800,64024,9
1430452800,65821,10
1433131200,67912,11
1435723200,69917,12
1438401600,72358,13
1441080000,74838,14
1443672000,77453,15
1446350400,80039,16
1448946000,82797,17
1451624400,85813,18
1454302800,88733,19
1456808400,91682,20
1459483200,95234,21
1462075200,98484,22
1464753600,101716,23
1467345600,104560,24
1470024000,107749,25
1472702400,111056,26
1475294400,114274,27
1477972800,117637,28
1480568400,120720,29
1483246800,123952,30
1485925200,127034,31
1488344400,130567,32
1491019200,134415,33
1493611200,138135,34
1496289600,141942,35
1498881600,146147,36
1501560000,150274,37
1504238400,154244,38
1506830400,157856,39
1509508800,162287,40
1512104400,166402,41
1514782800,170573,42
1517461200,175393,43
1519880400,179483,44
1522555200,184142,45
1525147200,188626,46
1527825600,193213,47
1530417600,197998,48
1533096000,203060,49
1535774400,207819,50
1538366400,212515,51
1541044800,217147,52
1543640400,222378,53
1546318800,226538,54
1548997200,231516,55
1551416400,236469,56
1554091200,242170,57
1556683200,247419,58
1559361600,252755,59
1561953600,257685,60
1564632000,262912,61
1567310400,267986,62
1569902400,273136,63
1572580800,278159,64
1575176400,283197,65
1577854800,288198,66
1580533200,293344,67
1583038800,298006,68
1585713600,303577,69
1588305600,309155,70
1590984000,314954,71
1593576000,320268,72
1596254400,325753,73
1598932800,331082,74
1601524800,336546,75
1604203200,342436,76
1606798800,349055,77
