1398916800,56793,
1401595200,57793,
1404187200,58930,
1406865600,60066,
1409544000,61464,
1412136000,62806,
1414814400,64272,1
1417410000,65757,2
1420088400,67148,3
1422766800,68849,4
1425186000,70457,5
1427860800,72190,6
1430452800,73945,7
1433131200,75980,8
1435723200,77946,9
1438401600,80332,10
1441080000,82784,11
1443672000,85360,12
1446350400,87902,13
1448946000,90632,14
1451624400,93623,15
1454302800,96517,16
1456808400,99438,17
1459483200,102973,18
1462075200,106206,19
1464753600,109415,20
1467345600,112240,21
1470024000,115411,22
1472702400,118693,23
1475294400,121882,24
1477972800,125229,25
1480568400,128297,26
1483246800,131518,27
1485925200,134591,28
1488344400,138109,29
1491019200,141947,30
1493611200,145659,31
1496289600,149455,32
1498881600,153650,33
1501560000,157766,34
1504238400,161725,35
1506830400,165334,36
1509508800,169737,37
1512104400,173849,38
1514782800,178011,39
1517461200,182826,40
1519880400,186911,41
1522555200,191571,42
1525147200,196047,43
1527825600,200629,44
1530417600,205410,45
1533096000,210464,46
1535774400,215216,47
1538366400,219909,48
1541044800,224538,49
1543640400,229767,50
1546318800,233926,51
1548997200,238900,52
1551416400,243853,53
1554091200,249555,54
1556683200,254803,55
1559361600,260136,56
1561953600,265063,57
1564632000,270290,58
1567310400,275362,59
1569902400,280510,60
1572580800,285531,61
1575176400,290568,62
1577854800,295567,63
1580533200,300710,64
1583038800,305372,65
1585713600,310944,66
1588305600,316521,67
1590984000,322317,68
1593576000,327630,69
1596254400,333113,70
1598932800,338440,71
1601524800,343902,72
1604203200,349790,73
1606798800,356410,74
