1462075200,232278,
1464753600,234522,
1467345600,236649,
1470024000,239261,
1472702400,241906,
1475294400,244588,
1477972800,247476,1
1480568400,250125,2
1483246800,252992,3
1485925200,255800,4
1488344400,258977,5
1491019200,262464,6
1493611200,265882,7
1496289600,269365,8
1498881600,273262,9
1501560000,277125,10
1504238400,280824,11
1506830400,284224,12
1509508800,288329,13
1512104400,292239,14
1514782800,296208,15
1517461200,300805,16
1519880400,304748,17
1522555200,309265,18
1525147200,313609,19
1527825600,318063,20
1530417600,322691,21
1533096000,327605,22
1535774400,332221,23
1538366400,336827,24
1541044800,341333,25
1543640400,346451,26
1546318800,350520,27
1548997200,355422,28
1551416400,360306,29
1554091200,365919,30
1556683200,371109,31
1559361600,376373,32
1561953600,381251,33
1564632000,386417,34
1567310400,391412,35
1569902400,396498,36
1572580800,401475,37
1575176400,406460,38
1577854800,411415,39
1580533200,416503,40
1583038800,421140,41
1585713600,426672,42
1588305600,432203,43
1590984000,437951,44
1593576000,443221,45
1596254400,448659,46
1598932800,453935,47
1601524800,459347,48
1604203200,465198,49
1606798800,471783,50
