1551416400,737031,
1554091200,741473,
1556683200,745550,
1559361600,749904,
1561953600,754066,
1564632000,758434,
1567310400,762794,1
1569902400,767285,2
1572580800,771680,3
1575176400,776155,4
1577854800,780666,5
1580533200,785241,6
1583038800,789418,7
1585713600,794439,8
1588305600,799422,9
1590984000,804576,10
1593576000,809368,11
1596254400,814263,12
1598932800,819057,13
1601524800,824022,14
1604203200,828587,15
1606798800,833058,16
1609477200,837692,17
1612155600,842777,18
1614574800,847636,19
1617249600,855000,20
1619841600,861309,21
1622520000,867113,22
1625112000,878401,23
1627790400,883705,24
