1456808400,204953,
1459483200,207624,
1462075200,210135,
1464753600,212755,
1467345600,215096,
1470024000,217836,
1472702400,220661,1
1475294400,223458,2
1477972800,226453,3
1480568400,229202,4
1483246800,232146,5
1485925200,235032,6
1488344400,238279,7
1491019200,241840,8
1493611200,245298,9
1496289600,248859,10
1498881600,252835,11
1501560000,256751,12
1504238400,260478,13
1506830400,263924,14
1509508800,268062,15
1512104400,272022,16
1514782800,276023,17
1517461200,280653,18
1519880400,284614,19
1522555200,289153,20
1525147200,293520,21
1527825600,298002,22
1530417600,302656,23
1533096000,307599,24
1535774400,312236,25
1538366400,316861,26
1541044800,321385,27
1543640400,326528,28
1546318800,330599,29
1548997200,335515,30
1551416400,340414,31
1554091200,346047,32
1556683200,351249,33
1559361600,356531,34
1561953600,361420,35
1564632000,366601,36
1567310400,371607,37
1569902400,376706,38
1572580800,381688,39
1575176400,386679,40
1577854800,391643,41
1580533200,396737,42
1583038800,401378,43
1585713600,406921,44
1588305600,412468,45
1590984000,418235,46
1593576000,423516,47
1596254400,428967,48
1598932800,434255,49
1601524800,439681,50
1604203200,445536,51
1606798800,452125,52
