1522555200,545382,
1525147200,548672,
1527825600,552238,
1530417600,556176,
1533096000,560257,
1535774400,564243,
1538366400,568255,1
1541044800,572248,2
1543640400,576873,3
1546318800,580494,4
1548997200,584964,5
1551416400,589419,6
1554091200,594692,7
1556683200,599558,8
1559361600,604486,9
1561953600,609146,10
1564632000,613993,11
1567310400,618717,12
1569902400,623585,13
1572580800,628355,14
1575176400,633147,15
1577854800,637905,16
1580533200,642812,17
1583038800,647283,18
1585713600,652649,19
1588305600,658028,20
1590984000,663646,21
1593576000,668735,22
1596254400,674010,23
1598932800,679150,24
1601524800,684419,25
1604203200,690149,26
1606798800,696614,27
