1454302800,191480,
1456808400,193648,
1459483200,196567,
1462075200,199292,
1464753600,201989,
1467345600,204396,
1470024000,207193,1
1472702400,210056,2
1475294400,212893,3
1477972800,215923,4
1480568400,218704,5
1483246800,221659,6
1485925200,224484,7
1488344400,227750,8
1491019200,231330,9
1493611200,234814,10
1496289600,238382,11
1498881600,242360,12
1501560000,246282,13
1504238400,250052,14
1506830400,253483,15
1509508800,257583,16
1512104400,261516,17
1514782800,265471,18
1517461200,270133,19
1519880400,274083,20
1522555200,278621,21
1525147200,282982,22
1527825600,287439,23
1530417600,292065,24
1533096000,296987,25
1535774400,301596,26
1538366400,306203,27
1541044800,310661,28
1543640400,315781,29
1546318800,319855,30
1548997200,324741,31
1551416400,329596,32
1554091200,335196,33
1556683200,340184,34
1559361600,345403,35
1561953600,350216,36
1564632000,355337,37
1567310400,360335,38
1569902400,365360,39
1572580800,370304,40
1575176400,375224,41
1577854800,380155,42
1580533200,385161,43
1583038800,389690,44
1585713600,395104,45
1588305600,400470,46
1590984000,405991,47
1593576000,411125,48
1596254400,416340,49
1598932800,421392,50
1601524800,426620,51
1604203200,431437,52
1606798800,436177,53
1609477200,441071,54
1612155600,446354,55
1614574800,451380,56
1617249600,458933,57
1619841600,465439,58
1622520000,471408,59
1625112000,483104,60
