1498881600,405999,
1501560000,408840,
1504238400,411885,
1506830400,414739,
1509508800,418195,
1512104400,421652,
1514782800,425177,1
1517461200,429265,2
1519880400,432899,3
1522555200,437052,4
1525147200,441049,5
1527825600,445195,6
1530417600,449570,7
1533096000,454121,8
1535774400,458451,9
1538366400,462877,10
1541044800,467167,11
1543640400,472030,12
1546318800,475883,13
1548997200,480610,14
1551416400,485287,15
1554091200,490755,16
1556683200,495796,17
1559361600,500913,18
1561953600,505703,19
1564632000,510763,20
1567310400,515631,21
1569902400,520615,22
1572580800,525487,23
1575176400,530374,24
1577854800,535233,25
1580533200,540239,26
1583038800,544801,27
1585713600,550254,28
1588305600,555702,29
1590984000,561385,30
1593576000,566566,31
1596254400,571928,32
1598932800,577136,33
1601524800,582487,34
1604203200,588272,35
1606798800,594798,36
