1543640400,695532,
1546318800,698540,
1548997200,702453,
1551416400,706358,
1554091200,711124,
1556683200,715623,
1559361600,720200,1
1561953600,724552,2
1564632000,729103,3
1567310400,733563,4
1569902400,738202,5
1572580800,742734,6
1575176400,747354,7
1577854800,751951,8
1580533200,756687,9
1583038800,761006,10
1585713600,766230,11
1588305600,771440,12
1590984000,776892,13
1593576000,781854,14
1596254400,787032,15
1598932800,792084,16
1601524800,797260,17
1604203200,802898,18
1606798800,809263,19
