1404187200,65362,
1406865600,66377,
1409544000,67647,
1412136000,68923,
1414814400,70328,
1417410000,71764,
1420088400,73123,1
1422766800,74768,2
1425186000,76347,3
1427860800,78034,4
1430452800,79764,5
1433131200,81754,6
1435723200,83688,7
1438401600,86049,8
1441080000,88481,9
1443672000,91028,10
1446350400,93545,11
1448946000,96250,12
1451624400,99229,13
1454302800,102114,14
1456808400,105011,15
1459483200,108519,16
1462075200,111737,17
1464753600,114942,18
1467345600,117756,19
1470024000,120909,20
1472702400,124178,21
1475294400,127354,22
1477972800,130685,23
1480568400,133738,24
1483246800,136952,25
1485925200,140019,26
1488344400,143535,27
1491019200,147359,28
1493611200,151068,29
1496289600,154856,30
1498881600,159044,31
1501560000,163154,32
1504238400,167105,33
1506830400,170707,34
1509508800,175097,35
1512104400,179203,36
1514782800,183360,37
1517461200,188166,38
1519880400,192248,39
1522555200,196903,40
1525147200,201374,41
1527825600,205953,42
1530417600,210729,43
1533096000,215780,44
1535774400,220526,45
1538366400,225220,46
1541044800,229850,47
1543640400,235080,48
1546318800,239234,49
1548997200,244203,50
1551416400,249155,51
1554091200,254854,52
1556683200,260102,53
1559361600,265430,54
1561953600,270356,55
1564632000,275580,56
1567310400,280651,57
1569902400,285796,58
1572580800,290813,59
1575176400,295849,60
1577854800,300843,61
1580533200,305984,62
1583038800,310647,63
1585713600,316220,64
1588305600,321795,65
1590984000,327592,66
1593576000,332902,67
1596254400,338383,68
1598932800,343712,69
1601524800,349172,70
1604203200,355058,71
1606798800,361674,72
