1451624400,182915,
1454302800,185088,
1456808400,187401,
1459483200,190408,
1462075200,193176,
1464753600,195939,
1467345600,198414,1
1470024000,201251,2
1472702400,204154,3
1475294400,207042,4
1477972800,210113,5
1480568400,212933,6
1483246800,215946,7
1485925200,218810,8
1488344400,222117,9
1491019200,225718,10
1493611200,229231,11
1496289600,232851,12
1498881600,236872,13
1501560000,240834,14
1504238400,244630,15
1506830400,248111,16
1509508800,252297,17
1512104400,256290,18
1514782800,260326,19
1517461200,265022,20
1519880400,269013,21
1522555200,273584,22
1525147200,277972,23
1527825600,282467,24
1530417600,287143,25
1533096000,292112,26
1535774400,296772,27
1538366400,301408,28
1541044800,305958,29
1543640400,311120,30
1546318800,315210,31
1548997200,320139,32
1551416400,325052,33
1554091200,330693,34
1556683200,335900,35
1559361600,341197,36
1561953600,346095,37
1564632000,351281,38
1567310400,356292,39
1569902400,361406,40
1572580800,366389,41
1575176400,371384,42
1577854800,376353,43
1580533200,381460,44
1583038800,386110,45
1585713600,391661,46
1588305600,397212,47
1590984000,402988,48
1593576000,408277,49
1596254400,413734,50
1598932800,419032,51
1601524800,424463,52
1604203200,430321,53
1606798800,436917,54
