1470024000,71803,
1472702400,74519,
1475294400,77047,
1477972800,79716,
1480568400,82199,
1483246800,84718,
1485925200,87307,1
1488344400,90183,2
1491019200,93332,3
1493611200,96291,4
1496289600,99361,5
1498881600,102482,6
1501560000,105748,7
1504238400,108812,8
1506830400,111670,9
1509508800,114964,10
1512104400,118193,11
1514782800,121433,12
1517461200,125133,13
1519880400,128385,14
1522555200,131909,15
1525147200,135414,16
1527825600,138902,17
1530417600,142706,18
1533096000,146419,19
1535774400,152324,20
1538366400,155905,21
1541044800,159599,22
1543640400,163748,23
1546318800,167132,24
1548997200,171115,25
1551416400,174997,26
1554091200,179533,27
1556683200,183817,28
1559361600,188146,29
1561953600,192149,30
1564632000,196188,31
1567310400,200257,32
1569902400,204350,33
1572580800,208278,34
1575176400,212149,35
1577854800,216133,36
1580533200,220220,37
1583038800,223979,38
1585713600,228237,39
1588305600,232863,40
1590984000,237476,41
1593576000,241367,42
1596254400,245588,43
1598932800,249728,44
1601524800,253647,45
1604203200,258482,46
1606798800,263974,47
