1417410000,89158,
1420088400,90308,
1422766800,91743,
1425186000,93148,
1427860800,94681,
1430452800,96270,
1433131200,98107,1
1435723200,99950,2
1438401600,102210,3
1441080000,104538,4
1443672000,106980,5
1446350400,109436,6
1448946000,112062,7
1451624400,114966,8
1454302800,117770,9
1456808400,120611,10
1459483200,124071,11
1462075200,127230,12
1464753600,130382,13
1467345600,133159,14
1470024000,136271,15
1472702400,139488,16
1475294400,142619,17
1477972800,145913,18
1480568400,148921,19
1483246800,152104,20
1485925200,155150,21
1488344400,158635,22
1491019200,162427,23
1493611200,166112,24
1496289600,169876,25
1498881600,174039,26
1501560000,178132,27
1504238400,182064,28
1506830400,185645,29
1509508800,189999,30
1512104400,194095,31
1514782800,198235,32
1517461200,203026,33
1519880400,207093,34
1522555200,211732,35
1525147200,216184,36
1527825600,220752,37
1530417600,225518,38
1533096000,230559,39
1535774400,235296,40
1538366400,239985,41
1541044800,244604,42
1543640400,249833,43
1546318800,253974,44
1548997200,258942,45
1551416400,263886,46
1554091200,269578,47
1556683200,274821,48
1559361600,280141,49
1561953600,285058,50
1564632000,290278,51
1567310400,295341,52
1569902400,300481,53
1572580800,305491,54
1575176400,310520,55
1577854800,315512,56
1580533200,320646,57
1583038800,325306,58
1585713600,330883,59
1588305600,336451,60
1590984000,342246,61
1593576000,347550,62
1596254400,353026,63
1598932800,358353,64
1601524800,363809,65
1604203200,369689,66
1606798800,376306,67
