1438401600,140690,
1441080000,142543,
1443672000,144622,
1446350400,146763,
1448946000,149013,
1451624400,151650,
1454302800,154210,1
1456808400,156871,2
1459483200,160153,3
1462075200,163122,4
1464753600,166083,5
1467345600,168737,6
1470024000,171707,7
1472702400,174766,8
1475294400,177781,9
1477972800,180973,10
1480568400,183884,11
1483246800,186973,12
1485925200,189921,13
1488344400,193301,14
1491019200,197005,15
1493611200,200615,16
1496289600,204304,17
1498881600,208386,18
1501560000,212410,19
1504238400,216271,20
1506830400,219800,21
1509508800,224069,22
1512104400,228106,23
1514782800,232197,24
1517461200,236933,25
1519880400,240964,26
1522555200,245561,27
1525147200,249984,28
1527825600,254513,29
1530417600,259226,30
1533096000,264227,31
1535774400,268921,32
1538366400,273576,33
1541044800,278161,34
1543640400,283356,35
1546318800,287468,36
1548997200,292416,37
1551416400,297341,38
1554091200,303007,39
1556683200,308233,40
1559361600,313538,41
1561953600,318438,42
1564632000,323642,43
1567310400,328678,44
1569902400,333801,45
1572580800,338797,46
1575176400,343803,47
1577854800,348783,48
1580533200,353897,49
1583038800,358553,50
1585713600,364120,51
1588305600,369673,52
1590984000,375462,53
1593576000,380764,54
1596254400,386232,55
1598932800,391543,56
1601524800,396988,57
1604203200,402852,58
1606798800,409459,59
