1462075200,232734,
1464753600,234958,
1467345600,237074,
1470024000,239682,
1472702400,242322,
1475294400,244998,
1477972800,247885,1
1480568400,250529,2
1483246800,253394,3
1485925200,256201,4
1488344400,259376,5
1491019200,262864,6
1493611200,266281,7
1496289600,269764,8
1498881600,273659,9
1501560000,277521,10
1504238400,281218,11
1506830400,284615,12
1509508800,288720,13
1512104400,292631,14
1514782800,296600,15
1517461200,301197,16
1519880400,305140,17
1522555200,309656,18
1525147200,314000,19
1527825600,318451,20
1530417600,323079,21
1533096000,327992,22
1535774400,332608,23
1538366400,337213,24
1541044800,341719,25
1543640400,346837,26
1546318800,350905,27
1548997200,355807,28
1551416400,360690,29
1554091200,366304,30
1556683200,371494,31
1559361600,376758,32
1561953600,381634,33
1564632000,386799,34
1567310400,391794,35
1569902400,396880,36
1572580800,401857,37
1575176400,406841,38
1577854800,411795,39
1580533200,416883,40
1583038800,421520,41
1585713600,427051,42
1588305600,432584,43
1590984000,438333,44
1593576000,443603,45
1596254400,449041,46
1598932800,454317,47
1601524800,459729,48
1604203200,465580,49
1606798800,472164,50
