1396324800,52578,
1398916800,53500,
1401595200,54592,
1404187200,55785,
1406865600,56939,
1409544000,58375,
1412136000,59759,1
1414814400,61258,2
1417410000,62771,3
1420088400,64178,4
1422766800,65906,5
1425186000,67530,6
1427860800,69282,7
1430452800,71050,8
1433131200,73105,9
1435723200,75090,10
1438401600,77492,11
1441080000,79959,12
1443672000,82549,13
1446350400,85113,14
1448946000,87852,15
1451624400,90853,16
1454302800,93754,17
1456808400,96685,18
1459483200,100230,19
1462075200,103472,20
1464753600,106690,21
1467345600,109525,22
1470024000,112706,23
1472702400,116000,24
1475294400,119203,25
1477972800,122564,26
1480568400,125637,27
1483246800,128863,28
1485925200,131936,29
1488344400,135453,30
1491019200,139295,31
1493611200,143013,32
1496289600,146813,33
1498881600,151011,34
1501560000,155131,35
1504238400,159092,36
1506830400,162704,37
1509508800,167110,38
1512104400,171221,39
1514782800,175386,40
1517461200,180202,41
1519880400,184289,42
1522555200,188950,43
1525147200,193427,44
1527825600,198012,45
1530417600,202794,46
1533096000,207852,47
1535774400,212606,48
1538366400,217298,49
1541044800,221927,50
1543640400,227157,51
1546318800,231316,52
1548997200,236291,53
1551416400,241244,54
1554091200,246947,55
1556683200,252196,56
1559361600,257528,57
1561953600,262457,58
1564632000,267685,59
1567310400,272757,60
1569902400,277904,61
1572580800,282924,62
1575176400,287963,63
1577854800,292962,64
1580533200,298106,65
1583038800,302768,66
1585713600,308339,67
1588305600,313916,68
1590984000,319714,69
1593576000,325027,70
1596254400,330512,71
1598932800,335839,72
1601524800,341302,73
1604203200,347191,74
1606798800,353811,75
