1454302800,195920,
1456808400,197935,
1459483200,200759,
1462075200,203373,
1464753600,206041,
1467345600,208433,
1470024000,211209,1
1472702400,214067,2
1475294400,216904,3
1477972800,219939,4
1480568400,222719,5
1483246800,225690,6
1485925200,228512,7
1488344400,231780,8
1491019200,235349,9
1493611200,238828,10
1496289600,242409,11
1498881600,246402,12
1501560000,250343,13
1504238400,254116,14
1506830400,257575,15
1509508800,261734,16
1512104400,265709,17
1514782800,269724,18
1517461200,274404,19
1519880400,278379,20
1522555200,282937,21
1525147200,287314,22
1527825600,291802,23
1530417600,296465,24
1533096000,301422,25
1535774400,306072,26
1538366400,310707,27
1541044800,315240,28
1543640400,320391,29
1546318800,324466,30
1548997200,329386,31
1551416400,334293,32
1554091200,339928,33
1556683200,345132,34
1559361600,350422,35
1561953600,355314,36
1564632000,360497,37
1567310400,365506,38
1569902400,370611,39
1572580800,375593,40
1575176400,380581,41
1577854800,385546,42
1580533200,390642,43
1583038800,395290,44
1585713600,400837,45
1588305600,406382,46
1590984000,412150,47
1593576000,417435,48
1596254400,422888,49
1598932800,428180,50
1601524800,433607,51
1604203200,439463,52
1606798800,446056,53
