1493611200,21268,
1496289600,21870,
1498881600,22559,
1501560000,23222,
1504238400,23872,
1506830400,24426,
1509508800,25177,1
1512104400,25831,2
1514782800,26539,3
1517461200,27291,4
1519880400,28033,5
1522555200,26560,0
1525147200,25654,0
1527825600,26462,0
1530417600,27158,0
1533096000,27722,0
1535774400,27598,0
1538366400,28237,0
1541044800,28868,0
1543640400,29557,0
1546318800,30170,0
1548997200,30863,1
1551416400,31601,2
1554091200,32381,3
1556683200,33101,4
1559361600,33862,5
1561953600,34492,6
1564632000,34640,7
1567310400,35285,8
1569902400,35988,9
1572580800,36626,10
1575176400,37315,11
1577854800,37999,12
1580533200,38670,13
1583038800,39293,14
1585713600,40003,15
1588305600,40728,16
1590984000,41515,17
1593576000,42162,18
1596254400,42849,19
1598932800,43470,20
1601524800,44134,21
1604203200,44734,22
1606798800,45354,23
