1491019200,353752,
1493611200,356547,
1496289600,359523,
1498881600,362970,
1501560000,366370,
1504238400,369761,
1506830400,372863,1
1509508800,376623,2
1512104400,380290,3
1514782800,383972,4
1517461200,388277,5
1519880400,392027,6
1522555200,396349,7
1525147200,400471,8
1527825600,404723,9
1530417600,409216,10
1533096000,413855,11
1535774400,418285,12
1538366400,422762,13
1541044800,427115,14
1543640400,432063,15
1546318800,435994,16
1548997200,440789,17
1551416400,445532,18
1554091200,451051,19
1556683200,456153,20
1559361600,461318,21
1561953600,466150,22
1564632000,471247,23
1567310400,476155,24
1569902400,481188,25
1572580800,486097,26
1575176400,491016,27
1577854800,495916,28
1580533200,500947,29
1583038800,505539,30
1585713600,511029,31
1588305600,516509,32
1590984000,522214,33
1593576000,527435,34
1596254400,532831,35
1598932800,538060,36
1601524800,543429,37
1604203200,549246,38
1606798800,555785,39
