1464753600,239595,
1467345600,241625,
1470024000,244166,
1472702400,246767,
1475294400,249387,
1477972800,252226,
1480568400,254852,1
1483246800,257683,2
1485925200,260476,3
1488344400,263638,4
1491019200,267108,5
1493611200,270506,6
1496289600,273975,7
1498881600,277871,8
1501560000,281714,9
1504238400,285397,10
1506830400,288785,11
1509508800,292874,12
1512104400,296766,13
1514782800,300727,14
1517461200,305311,15
1519880400,309243,16
1522555200,313751,17
1525147200,318082,18
1527825600,322526,19
1530417600,327148,20
1533096000,332059,21
1535774400,336668,22
1538366400,341270,23
1541044800,345769,24
1543640400,350880,25
1546318800,354944,26
1548997200,359841,27
1551416400,364717,28
1554091200,370329,29
1556683200,375518,30
1559361600,380776,31
1561953600,385648,32
1564632000,390810,33
1567310400,395804,34
1569902400,400890,35
1572580800,405863,36
1575176400,410847,37
1577854800,415798,38
1580533200,420883,39
1583038800,425517,40
1585713600,431047,41
1588305600,436581,42
1590984000,442326,43
1593576000,447594,44
1596254400,453031,45
1598932800,458305,46
1601524800,463717,47
1604203200,469566,48
1606798800,476149,49
