1459483200,219593,
1462075200,221785,
1464753600,224222,
1467345600,70427,
1470024000,73143,
1472702400,75891,
1475294400,78526,0
1477972800,81248,0
1480568400,83815,1
1483246800,86430,2
1485925200,89036,3
1488344400,92006,4
1491019200,95195,5
1493611200,98202,6
1496289600,101451,7
1498881600,104634,8
1501560000,108003,9
1504238400,111120,10
1506830400,114054,11
1509508800,117466,12
1512104400,120829,13
1514782800,124176,14
1517461200,127983,15
1519880400,131272,16
1522555200,134927,17
1525147200,138483,18
1527825600,142140,19
1530417600,146033,20
1533096000,149859,21
1535774400,155516,22
1538366400,159215,23
1541044800,163006,24
1543640400,167355,25
1546318800,170811,26
1548997200,174888,27
1551416400,178881,28
1554091200,183443,29
1556683200,187791,30
1559361600,192251,31
1561953600,196318,32
1564632000,200531,33
1567310400,204654,34
1569902400,208917,35
1572580800,212990,36
1575176400,216954,37
1577854800,221020,38
1580533200,225249,39
1583038800,229068,40
1585713600,233518,41
1588305600,238160,42
1590984000,242916,43
1593576000,246962,44
1596254400,251303,45
1598932800,255529,46
1601524800,259614,47
1604203200,264564,48
1606798800,270119,49
