1530417600,599470,
1533096000,602993,
1535774400,606596,
1538366400,610399,
1541044800,614292,
1543640400,618734,
1546318800,622236,1
1548997200,626574,2
1551416400,630886,3
1554091200,636058,4
1556683200,640806,5
1559361600,645652,6
1561953600,650246,7
1564632000,655015,8
1567310400,659660,9
1569902400,664443,10
1572580800,669131,11
1575176400,673834,12
1577854800,678540,13
1580533200,683386,14
1583038800,687825,15
1585713600,693139,16
1588305600,698452,17
1590984000,704025,18
1593576000,709086,19
1596254400,714339,20
1598932800,719452,21
1601524800,724691,22
1604203200,730385,23
1606798800,736808,24
