1438401600,140228,
1441080000,142091,
1443672000,144176,
1446350400,146322,
1448946000,148579,
1451624400,151220,
1454302800,153779,1
1456808400,156444,2
1459483200,159729,3
1462075200,162699,4
1464753600,165664,5
1467345600,168318,6
1470024000,171288,7
1472702400,174347,8
1475294400,177363,9
1477972800,180556,10
1480568400,183468,11
1483246800,186559,12
1485925200,189507,13
1488344400,192888,14
1491019200,196593,15
1493611200,200204,16
1496289600,203894,17
1498881600,207979,18
1501560000,212005,19
1504238400,215867,20
1506830400,219396,21
1509508800,223665,22
1512104400,227702,23
1514782800,231792,24
1517461200,236528,25
1519880400,240559,26
1522555200,245157,27
1525147200,249579,28
1527825600,254109,29
1530417600,258823,30
1533096000,263824,31
1535774400,268516,32
1538366400,273171,33
1541044800,277757,34
1543640400,282952,35
1546318800,287064,36
1548997200,292012,37
1551416400,296938,38
1554091200,302604,39
1556683200,307830,40
1559361600,313135,41
1561953600,318035,42
1564632000,323240,43
1567310400,328276,44
1569902400,333399,45
1572580800,338395,46
1575176400,343401,47
1577854800,348381,48
1580533200,353496,49
1583038800,358152,50
1585713600,363719,51
1588305600,369272,52
1590984000,375061,53
1593576000,380363,54
1596254400,385831,55
1598932800,391141,56
1601524800,396587,57
1604203200,402451,58
1606798800,409058,59
