1404187200,66918,
1406865600,67853,
1409544000,69093,
1412136000,70351,
1414814400,71733,
1417410000,73152,
1420088400,74495,1
1422766800,76121,2
1425186000,77692,3
1427860800,79367,4
1430452800,81088,5
1433131200,83072,6
1435723200,85001,7
1438401600,87355,8
1441080000,89778,9
1443672000,92323,10
1446350400,94832,11
1448946000,97529,12
1451624400,100503,13
1454302800,103385,14
1456808400,106284,15
1459483200,109792,16
1462075200,113003,17
1464753600,116205,18
1467345600,119018,19
1470024000,122166,20
1472702400,125429,21
1475294400,128601,22
1477972800,131928,23
1480568400,134979,24
1483246800,138192,25
1485925200,53924,0
1488344400,55608,0
1491019200,57489,0
1493611200,59309,0
1496289600,61082,0
1498881600,62900,1
1501560000,64786,2
1504238400,66647,3
1506830400,68385,4
1509508800,70409,5
1512104400,72295,6
1514782800,74159,7
1517461200,76377,8
1519880400,78367,9
1522555200,80526,10
1525147200,82702,11
1527825600,84884,12
1530417600,87081,13
1533096000,89169,14
1535774400,97098,0
1538366400,99374,0
1541044800,101609,1
1543640400,104272,2
1546318800,106442,0
1548997200,108939,1
1551416400,111291,2
1554091200,114071,3
1556683200,116610,4
1559361600,119381,5
1561953600,121701,6
1564632000,124163,7
1567310400,126646,8
1569902400,129233,9
1572580800,131740,10
1575176400,134195,11
1577854800,136699,12
1580533200,139203,13
1583038800,141465,14
1585713600,144058,15
1588305600,146809,16
1590984000,149557,17
1593576000,152017,18
1596254400,154575,19
1598932800,157140,20
1601524800,159672,21
1604203200,162932,22
1606798800,166892,23
