1464753600,239549,
1467345600,241581,
1470024000,244122,
1472702400,246723,
1475294400,249343,
1477972800,252182,
1480568400,254809,1
1483246800,257640,2
1485925200,260433,3
1488344400,263595,4
1491019200,267065,5
1493611200,270463,6
1496289600,273932,7
1498881600,277828,8
1501560000,281671,9
1504238400,285354,10
1506830400,288742,11
1509508800,292831,12
1512104400,296723,13
1514782800,300684,14
1517461200,305268,15
1519880400,309200,16
1522555200,313708,17
1525147200,318039,18
1527825600,322483,19
1530417600,327105,20
1533096000,332016,21
1535774400,336624,22
1538366400,341226,23
1541044800,345725,24
1543640400,350837,25
1546318800,354901,26
1548997200,359799,27
1551416400,364675,28
1554091200,370287,29
1556683200,375476,30
1559361600,380734,31
1561953600,385606,32
1564632000,390768,33
1567310400,395762,34
1569902400,400848,35
1572580800,405821,36
1575176400,410805,37
1577854800,415756,38
1580533200,420841,39
1583038800,425475,40
1585713600,431005,41
1588305600,436539,42
1590984000,442284,43
1593576000,447552,44
1596254400,452989,45
1598932800,458263,46
1601524800,463675,47
1604203200,469524,48
1606798800,476107,49
