1441080000,150222,
1443672000,152116,
1446350400,19622,
1448946000,20412,
1451624400,31166,
1454302800,32372,
1456808400,33625,0
1459483200,35066,0
1462075200,36564,0
1464753600,37895,1
1467345600,39142,2
1470024000,40496,3
1472702400,41909,4
1475294400,43143,5
1477972800,44589,6
1480568400,45956,7
1483246800,47310,8
1485925200,48716,9
1488344400,50234,10
1491019200,51911,11
1493611200,53505,12
1496289600,55084,13
1498881600,56782,14
1501560000,58454,15
1504238400,60068,16
1506830400,61576,17
1509508800,63363,18
1512104400,65110,19
1514782800,66782,20
1517461200,68755,21
1519880400,70510,22
1522555200,72476,23
1525147200,74498,24
1527825600,76418,25
1530417600,78315,26
1533096000,80218,27
1535774400,88200,0
1538366400,90191,0
1541044800,92184,0
1543640400,94625,0
1546318800,96580,0
1548997200,98826,1
1551416400,100997,2
1554091200,103488,3
1556683200,105715,4
1559361600,108189,5
1561953600,110313,6
1564632000,112507,7
1567310400,114716,8
1569902400,117103,9
1572580800,119354,10
1575176400,121567,11
1577854800,123870,12
1580533200,126137,13
1583038800,128104,14
1585713600,130437,15
1588305600,132837,16
1590984000,135448,17
1593576000,137614,18
1596254400,139971,19
1598932800,142231,20
1601524800,144524,21
1604203200,147494,22
1606798800,151247,23
