1354338000,13601,
1357016400,13885,
1359694800,14335,
1362114000,14760,
1364788800,15430,
1367380800,16056,
1370059200,16650,1
1372651200,17384,2
1375329600,18116,3
1378008000,18779,4
1380600000,19652,5
1383278400,20430,6
1385874000,21357,7
1388552400,22352,8
1391230800,23494,9
1393650000,24526,10
1396324800,25857,11
1398916800,27099,12
1401595200,28516,13
1404187200,29922,14
1406865600,31291,15
1409544000,32954,16
1412136000,34506,17
1414814400,36154,18
1417410000,37807,19
1420088400,39339,20
1422766800,33165,0
1425186000,34950,0
1427860800,36772,0
1430452800,38677,0
1433131200,40728,0
1435723200,42802,1
1438401600,45334,2
1441080000,47809,3
1443672000,50414,4
1446350400,53123,5
1448946000,53096,6
1451624400,55828,7
1454302800,58502,8
1456808400,61136,9
1459483200,64199,10
1462075200,66995,11
1464753600,69836,12
1467345600,77200,13
1470024000,80279,14
1472702400,83475,15
1475294400,86593,16
1477972800,89806,17
1480568400,92794,18
1483246800,95869,19
1485925200,98897,20
1488344400,102348,21
1491019200,106082,22
1493611200,109584,23
1496289600,113305,24
1498881600,117061,25
1501560000,120918,26
1504238400,124753,27
1506830400,128172,28
1509508800,132364,29
1512104400,136395,30
1514782800,140442,31
1517461200,145017,32
1519880400,148999,33
1522555200,153647,34
1525147200,157669,35
1527825600,161993,36
1530417600,166649,37
1533096000,171363,38
1535774400,137474,0
1538366400,140755,0
1541044800,147080,0
1543640400,150812,0
1546318800,153895,0
1548997200,157564,1
1551416400,161096,2
1554091200,165168,3
1556683200,168999,4
1559361600,172932,5
1561953600,176558,6
1564632000,180227,7
1567310400,183821,8
1569902400,187616,9
1572580800,191235,10
1575176400,194739,11
1577854800,198316,12
1580533200,201940,13
1583038800,205364,14
1585713600,209346,15
1588305600,213568,16
1590984000,217655,17
1593576000,221228,18
1596254400,225131,19
1598932800,228911,20
1601524800,232517,21
1604203200,237000,22
1606798800,242198,23
