1551416400,740992,
1554091200,745347,
1556683200,749383,
1559361600,753713,
1561953600,757858,
1564632000,762208,
1567310400,766556,1
1569902400,771042,2
1572580800,775435,3
1575176400,779904,4
1577854800,784406,5
1580533200,788982,6
1583038800,793145,7
1585713600,798160,8
1588305600,803134,9
1590984000,808268,10
1593576000,813055,11
1596254400,817942,12
1598932800,822740,13
1601524800,827692,14
1604203200,832251,15
1606798800,836719,16
1609477200,841350,17
1612155600,846438,18
1614574800,851293,19
1617249600,858653,20
1619841600,864974,21
1622520000,870768,22
1625112000,882053,23
