1380600000,32945,
1383278400,33549,
1385874000,34301,
1388552400,35146,
1391230800,36141,
1393650000,37063,
1396324800,38243,1
1398916800,39392,2
1401595200,40711,3
1404187200,42047,4
1406865600,43338,5
1409544000,44907,6
1412136000,46412,7
1414814400,48005,8
1417410000,49600,9
1420088400,51087,10
1422766800,52890,11
1425186000,54597,12
1427860800,56423,13
1430452800,58249,14
1433131200,60379,15
1435723200,62407,16
1438401600,64875,17
1441080000,67379,18
1443672000,70026,19
1446350400,72640,20
1448946000,75420,21
1451624400,78459,22
1454302800,81395,23
1456808400,84365,24
1459483200,87912,25
1462075200,91181,26
1464753600,94428,27
1467345600,97288,28
1470024000,100494,29
1472702400,103820,30
1475294400,107047,31
1477972800,110423,32
1480568400,113513,33
1483246800,116755,34
1485925200,119842,35
1488344400,123380,36
1491019200,127237,37
1493611200,130961,38
1496289600,134768,39
1498881600,138977,40
1501560000,143116,41
1504238400,147099,42
1506830400,150715,43
1509508800,155156,44
1512104400,159283,45
1514782800,163457,46
1517461200,168287,47
1519880400,172380,48
1522555200,177029,49
1525147200,181520,50
1527825600,186110,51
1530417600,190897,52
1533096000,195963,53
1535774400,200726,54
1538366400,205427,55
1541044800,210065,56
1543640400,215301,57
1546318800,219460,58
1548997200,224442,59
1551416400,229401,60
1554091200,235106,61
1556683200,240355,62
1559361600,245686,63
1561953600,250617,64
1564632000,255849,65
1567310400,260925,66
1569902400,266077,67
1572580800,271102,68
1575176400,276143,69
1577854800,281151,70
1580533200,286296,71
1583038800,290962,72
1585713600,296533,73
1588305600,302114,74
1590984000,307914,75
1593576000,313228,76
1596254400,318717,77
1598932800,324050,78
1601524800,329516,79
1604203200,335408,80
1606798800,342031,81
