1422766800,99704,
1425186000,100967,
1427860800,102379,
1430452800,103902,
1433131200,105673,
1435723200,107450,
1438401600,109653,1
1441080000,111925,2
1443672000,114319,3
1446350400,116739,4
1448946000,119293,5
1451624400,122164,6
1454302800,124936,7
1456808400,127738,8
1459483200,131181,9
1462075200,134293,10
1464753600,137416,11
1467345600,140174,12
1470024000,143258,13
1472702400,146450,14
1475294400,149565,15
1477972800,152842,16
1480568400,155833,17
1483246800,159005,18
1485925200,162028,19
1488344400,165495,20
1491019200,169273,21
1493611200,172942,22
1496289600,176696,23
1498881600,180845,24
1501560000,184923,25
1504238400,188843,26
1506830400,192414,27
1509508800,196765,28
1512104400,200847,29
1514782800,204984,30
1517461200,209765,31
1519880400,213822,32
1522555200,218454,33
1525147200,222906,34
1527825600,227470,35
1530417600,232223,36
1533096000,237258,37
1535774400,241986,38
1538366400,246669,39
1541044800,251282,40
1543640400,256500,41
1546318800,260639,42
1548997200,265604,43
1551416400,270547,44
1554091200,276235,45
1556683200,281480,46
1559361600,286800,47
1561953600,291712,48
1564632000,296929,49
1567310400,301987,50
1569902400,307121,51
1572580800,312128,52
1575176400,317153,53
1577854800,322142,54
1580533200,327276,55
1583038800,331936,56
1585713600,337512,57
1588305600,343078,58
1590984000,348873,59
1593576000,354178,60
1596254400,359654,61
1598932800,364976,62
1601524800,370427,63
1604203200,376306,64
1606798800,382922,65
