1488344400,348062,
1491019200,350744,
1493611200,353584,
1496289600,356599,
1498881600,360063,
1501560000,363484,
1504238400,366889,1
1506830400,370003,2
1509508800,373786,3
1512104400,377456,4
1514782800,381154,5
1517461200,385479,6
1519880400,389235,7
1522555200,393567,8
1525147200,397691,9
1527825600,401954,10
1530417600,406449,11
1533096000,411090,12
1535774400,415526,13
1538366400,420007,14
1541044800,424368,15
1543640400,429322,16
1546318800,433258,17
1548997200,438061,18
1551416400,442808,19
1554091200,448331,20
1556683200,453438,21
1559361600,458603,22
1561953600,463437,23
1564632000,468533,24
1567310400,473444,25
1569902400,478480,26
1572580800,483390,27
1575176400,488311,28
1577854800,493215,29
1580533200,498245,30
1583038800,502837,31
1585713600,508328,32
1588305600,513806,33
1590984000,519513,34
1593576000,524737,35
1596254400,530137,36
1598932800,535367,37
1601524800,540736,38
1604203200,546553,39
1606798800,553094,40
