1527825600,575098,
1530417600,578773,
1533096000,582646,
1535774400,586491,
1538366400,590403,
1541044800,594377,
1543640400,598910,1
1546318800,602462,2
1548997200,606867,3
1551416400,611279,4
1554091200,616494,5
1556683200,621303,6
1559361600,626187,7
1561953600,630819,8
1564632000,635630,9
1567310400,640308,10
1569902400,645128,11
1572580800,649851,12
1575176400,654586,13
1577854800,659321,14
1580533200,664197,15
1583038800,668649,16
1585713600,673982,17
1588305600,679321,18
1590984000,684917,19
1593576000,689994,20
1596254400,695259,21
1598932800,700385,22
1601524800,705639,23
1604203200,711351,24
1606798800,717802,25
