1459483200,216678,
1462075200,219003,
1464753600,221492,
1467345600,223747,
1470024000,226446,
1472702400,229205,
1475294400,231960,1
1477972800,234908,2
1480568400,237617,3
1483246800,240536,4
1485925200,243380,5
1488344400,246603,6
1491019200,250126,7
1493611200,253564,8
1496289600,257096,9
1498881600,261040,10
1501560000,264929,11
1504238400,268643,12
1506830400,272071,13
1509508800,276194,14
1512104400,280133,15
1514782800,284124,16
1517461200,288743,17
1519880400,292699,18
1522555200,297234,19
1525147200,301589,20
1527825600,306059,21
1530417600,310697,22
1533096000,315631,23
1535774400,320259,24
1538366400,324874,25
1541044800,329392,26
1543640400,334522,27
1546318800,338595,28
1548997200,343508,29
1551416400,348402,30
1554091200,354026,31
1556683200,359227,32
1559361600,364503,33
1561953600,369386,34
1564632000,374561,35
1567310400,379564,36
1569902400,384656,37
1572580800,389637,38
1575176400,394627,39
1577854800,399592,40
1580533200,404682,41
1583038800,409321,42
1585713600,414856,43
1588305600,420396,44
1590984000,426154,45
1593576000,431430,46
1596254400,436877,47
1598932800,442164,48
1601524800,447586,49
1604203200,453440,50
1606798800,460027,51
