1393650000,47440,
1396324800,48422,
1398916800,49443,
1401595200,50632,
1404187200,51877,
1406865600,53085,
1409544000,54572,1
1412136000,55986,2
1414814400,57512,3
1417410000,59045,4
1420088400,60466,5
1422766800,62229,6
1425186000,63879,7
1427860800,65652,8
1430452800,67443,9
1433131200,69521,10
1435723200,71521,11
1438401600,73946,12
1441080000,76423,13
1443672000,79034,14
1446350400,81613,15
1448946000,84366,16
1451624400,87374,17
1454302800,90286,18
1456808400,93232,19
1459483200,96776,20
1462075200,100024,21
1464753600,103254,22
1467345600,106098,23
1470024000,109288,24
1472702400,112588,25
1475294400,115805,26
1477972800,119169,27
1480568400,122246,28
1483246800,125477,29
1485925200,128558,30
1488344400,132090,31
1491019200,135937,32
1493611200,139656,33
1496289600,143463,34
1498881600,147664,35
1501560000,151787,36
1504238400,155753,37
1506830400,159366,38
1509508800,163790,39
1512104400,167904,40
1514782800,172072,41
1517461200,176888,42
1519880400,180978,43
1522555200,185638,44
1525147200,190118,45
1527825600,194706,46
1530417600,199490,47
1533096000,204551,48
1535774400,209307,49
1538366400,214002,50
1541044800,218635,51
1543640400,223863,52
1546318800,228023,53
1548997200,233000,54
1551416400,237953,55
1554091200,243654,56
1556683200,248903,57
1559361600,254239,58
1561953600,259169,59
1564632000,264398,60
1567310400,269472,61
1569902400,274620,62
1572580800,279642,63
1575176400,284680,64
1577854800,289680,65
1580533200,294825,66
1583038800,299487,67
1585713600,305058,68
1588305600,310636,69
1590984000,316434,70
1593576000,321748,71
1596254400,327233,72
1598932800,332562,73
1601524800,338025,74
1604203200,343913,75
1606798800,350531,76
