1375329600,29125,
1378008000,29609,
1380600000,30317,
1383278400,30969,
1385874000,31776,
1388552400,32662,
1391230800,33704,1
1393650000,34644,2
1396324800,35848,3
1398916800,37016,4
1401595200,38362,5
1404187200,39712,6
1406865600,41023,7
1409544000,42614,8
1412136000,44128,9
1414814400,45736,10
1417410000,47345,11
1420088400,48840,12
1422766800,50658,13
1425186000,52371,14
1427860800,54205,15
1430452800,56041,16
1433131200,58178,17
1435723200,60213,18
1438401600,62692,19
1441080000,65203,20
1443672000,67855,21
1446350400,70476,22
1448946000,73267,23
1451624400,76313,24
1454302800,79257,25
1456808400,82232,26
1459483200,85780,27
1462075200,89060,28
1464753600,92314,29
1467345600,95177,30
1470024000,98389,31
1472702400,101717,32
1475294400,104947,33
1477972800,108325,34
1480568400,111422,35
1483246800,114667,36
1485925200,117758,37
1488344400,121299,38
1491019200,125162,39
1493611200,128889,40
1496289600,132702,41
1498881600,136912,42
1501560000,141058,43
1504238400,145048,44
1506830400,148661,45
1509508800,153105,46
1512104400,157233,47
1514782800,161409,48
1517461200,166239,49
1519880400,170333,50
1522555200,174984,51
1525147200,179476,52
1527825600,184068,53
1530417600,188855,54
1533096000,193925,55
1535774400,198689,56
1538366400,203390,57
1541044800,208030,58
1543640400,213268,59
1546318800,217429,60
1548997200,222411,61
1551416400,227372,62
1554091200,233078,63
1556683200,238328,64
1559361600,243662,65
1561953600,248594,66
1564632000,253828,67
1567310400,258907,68
1569902400,264056,69
1572580800,269083,70
1575176400,274124,71
1577854800,279133,72
1580533200,284279,73
1583038800,288945,74
1585713600,294516,75
1588305600,300097,76
1590984000,305896,77
1593576000,311212,78
1596254400,316701,79
1598932800,322034,80
1601524800,327499,81
1604203200,333393,82
1606798800,340017,83
