1404187200,65604,
1406865600,66606,
1409544000,67867,
1412136000,69139,
1414814400,70540,
1417410000,71973,
1420088400,73326,1
1422766800,74967,2
1425186000,76546,3
1427860800,78229,4
1430452800,79957,5
1433131200,81942,6
1435723200,83873,7
1438401600,86231,8
1441080000,88663,9
1443672000,91211,10
1446350400,93727,11
1448946000,96432,12
1451624400,99411,13
1454302800,102294,14
1456808400,105193,15
1459483200,108702,16
1462075200,111919,17
1464753600,115124,18
1467345600,117939,19
1470024000,121092,20
1472702400,124360,21
1475294400,127534,22
1477972800,130865,23
1480568400,133918,24
1483246800,137131,25
1485925200,140197,26
1488344400,143713,27
1491019200,147537,28
1493611200,151245,29
1496289600,155033,30
1498881600,159221,31
1501560000,163331,32
1504238400,167283,33
1506830400,170885,34
1509508800,175275,35
1512104400,179380,36
1514782800,183536,37
1517461200,188342,38
1519880400,192424,39
1522555200,197079,40
1525147200,201550,41
1527825600,206129,42
1530417600,210905,43
1533096000,215956,44
1535774400,220702,45
1538366400,225396,46
1541044800,230026,47
1543640400,235256,48
1546318800,239410,49
1548997200,244379,50
1551416400,249330,51
1554091200,255029,52
1556683200,260277,53
1559361600,265604,54
1561953600,270529,55
1564632000,275752,56
1567310400,280822,57
1569902400,285967,58
1572580800,290984,59
1575176400,296020,60
1577854800,301014,61
1580533200,306155,62
1583038800,310818,63
1585713600,316391,64
1588305600,321966,65
1590984000,327763,66
1593576000,333073,67
1596254400,338554,68
1598932800,343883,69
1601524800,349343,70
1604203200,355229,71
1606798800,361846,72
