1396324800,51958,
1398916800,52904,
1401595200,54008,
1404187200,55218,
1406865600,56376,
1409544000,57818,
1412136000,59203,1
1414814400,60709,2
1417410000,62218,3
1420088400,63627,4
1422766800,65360,5
1425186000,66985,6
1427860800,68743,7
1430452800,70512,8
1433131200,72570,9
1435723200,74559,10
1438401600,76964,11
1441080000,79431,12
1443672000,82025,13
1446350400,84590,14
1448946000,87332,15
1451624400,90334,16
1454302800,93239,17
1456808400,96173,18
1459483200,99714,19
1462075200,102957,20
1464753600,106177,21
1467345600,109014,22
1470024000,112198,23
1472702400,115493,24
1475294400,118699,25
1477972800,122059,26
1480568400,125132,27
1483246800,128358,28
1485925200,131433,29
1488344400,134957,30
1491019200,138801,31
1493611200,142519,32
1496289600,146321,33
1498881600,150519,34
1501560000,154639,35
1504238400,158600,36
1506830400,162214,37
1509508800,166621,38
1512104400,170733,39
1514782800,174899,40
1517461200,179714,41
1519880400,183801,42
1522555200,188462,43
1525147200,192939,44
1527825600,197524,45
1530417600,202307,46
1533096000,207365,47
1535774400,212118,48
1538366400,216813,49
1541044800,221442,50
1543640400,226672,51
1546318800,230831,52
1548997200,235806,53
1551416400,240759,54
1554091200,246462,55
1556683200,251711,56
1559361600,257043,57
1561953600,261972,58
1564632000,267201,59
1567310400,272273,60
1569902400,277421,61
1572580800,282442,62
1575176400,287481,63
1577854800,292481,64
1580533200,297625,65
1583038800,302287,66
1585713600,307858,67
1588305600,313435,68
1590984000,319233,69
1593576000,324546,70
1596254400,330031,71
1598932800,335359,72
1601524800,340822,73
1604203200,346711,74
1606798800,353331,75
