1456808400,205261,
1459483200,207923,
1462075200,210426,
1464753600,213040,
1467345600,215378,
1470024000,218115,
1472702400,220937,1
1475294400,223730,2
1477972800,226724,3
1480568400,229470,4
1483246800,232414,5
1485925200,235300,6
1488344400,238545,7
1491019200,101073,0
1493611200,104375,0
1496289600,107891,0
1498881600,111348,0
1501560000,115009,0
1504238400,118464,1
1506830400,121644,2
1509508800,125461,3
1512104400,129164,4
1514782800,132860,5
1517461200,137009,6
1519880400,140790,7
1522555200,144924,8
1525147200,148816,9
1527825600,152787,10
1530417600,157050,11
1533096000,161197,12
1535774400,166285,13
1538366400,170365,14
1541044800,174578,15
1543640400,179165,16
1546318800,182800,17
1548997200,187242,18
1551416400,191650,19
1554091200,196590,20
1556683200,201352,21
1559361600,206213,22
1561953600,210500,23
1564632000,215173,24
1567310400,219812,25
1569902400,224477,26
1572580800,228868,27
1575176400,233252,28
1577854800,237698,29
1580533200,242292,30
1583038800,246439,31
1585713600,251208,32
1588305600,256169,33
1590984000,261325,34
1593576000,265802,35
1596254400,270543,36
1598932800,275107,37
1601524800,279610,38
1604203200,284933,39
1606798800,290824,40
