1430452800,117541,
1433131200,119092,
1435723200,120703,
1438401600,122761,
1441080000,124911,
1443672000,127175,
1446350400,129494,1
1448946000,131958,2
1451624400,134748,3
1454302800,137437,4
1456808400,140186,5
1459483200,143564,6
1462075200,146619,7
1464753600,149678,8
1467345600,152402,9
1470024000,155436,10
1472702400,158565,11
1475294400,161644,12
1477972800,164900,13
1480568400,167854,14
1483246800,170993,15
1485925200,173976,16
1488344400,177407,17
1491019200,181163,18
1493611200,184801,19
1496289600,188520,20
1498881600,192637,21
1501560000,196687,22
1504238400,200580,23
1506830400,204138,24
1509508800,208460,25
1512104400,212525,26
1514782800,216649,27
1517461200,221419,28
1519880400,225467,29
1522555200,230088,30
1525147200,234522,31
1527825600,239072,32
1530417600,243800,33
1533096000,248823,34
1535774400,253536,35
1538366400,258207,36
1541044800,262809,37
1543640400,268022,38
1546318800,272152,39
1548997200,277106,40
1551416400,282042,41
1554091200,287724,42
1556683200,292959,43
1559361600,298274,44
1561953600,303175,45
1564632000,308384,46
1567310400,313427,47
1569902400,318556,48
1572580800,323559,49
1575176400,328570,50
1577854800,333555,51
1580533200,338677,52
1583038800,343334,53
1585713600,348907,54
1588305600,354465,55
1590984000,360255,56
1593576000,365559,57
1596254400,371032,58
1598932800,376351,59
1601524800,381801,60
1604203200,387674,61
1606798800,394286,62
