1438401600,144895,
1441080000,146499,
1443672000,148511,
1446350400,150614,
1448946000,152821,
1451624400,155409,
1454302800,157940,1
1456808400,160569,2
1459483200,163821,3
1462075200,166770,4
1464753600,169702,5
1467345600,172334,6
1470024000,175286,7
1472702400,178328,8
1475294400,181321,9
1477972800,184504,10
1480568400,187405,11
1483246800,190481,12
1485925200,193421,13
1488344400,196804,14
1491019200,200487,15
1493611200,204089,16
1496289600,207767,17
1498881600,211841,18
1501560000,215864,19
1504238400,219712,20
1506830400,223234,21
1509508800,227493,22
1512104400,231520,23
1514782800,235606,24
1517461200,240333,25
1519880400,244360,26
1522555200,248955,27
1525147200,253372,28
1527825600,257899,29
1530417600,262608,30
1533096000,267609,31
1535774400,272301,32
1538366400,276951,33
1541044800,281532,34
1543640400,286721,35
1546318800,290836,36
1548997200,295784,37
1551416400,300706,38
1554091200,306366,39
1556683200,311591,40
1559361600,316895,41
1561953600,321797,42
1564632000,327002,43
1567310400,332036,44
1569902400,337160,45
1572580800,342154,46
1575176400,347159,47
1577854800,352137,48
1580533200,357249,49
1583038800,361902,50
1585713600,367471,51
1588305600,373024,52
1590984000,378810,53
1593576000,384111,54
1596254400,389578,55
1598932800,394888,56
1601524800,400328,57
1604203200,406191,58
1606798800,412796,59
