1385874000,39227,
1388552400,12986,
1391230800,13981,
1393650000,41707,
1396324800,42822,
1398916800,43920,
1401595200,45206,0
1404187200,46518,0
1406865600,47770,1
1409544000,49305,2
1412136000,50776,3
1414814400,52348,4
1417410000,53918,5
1420088400,55378,6
1422766800,57179,7
1425186000,58860,8
1427860800,60668,9
1430452800,62478,10
1433131200,64592,11
1435723200,66607,12
1438401600,69053,13
1441080000,71546,14
1443672000,74174,15
1446350400,76777,16
1448946000,79549,17
1451624400,82579,18
1454302800,85510,19
1456808400,88466,20
1459483200,92020,21
1462075200,95277,22
1464753600,98517,23
1467345600,101368,24
1470024000,104566,25
1472702400,107887,26
1475294400,111109,27
1477972800,114476,28
1480568400,117562,29
1483246800,120794,30
1485925200,123881,31
1488344400,127415,32
1491019200,131267,33
1493611200,134988,34
1496289600,138794,35
1498881600,143003,36
1501560000,147136,37
1504238400,151113,38
1506830400,154725,39
1509508800,159162,40
1512104400,163281,41
1514782800,167454,42
1517461200,172279,43
1519880400,176369,44
1522555200,181016,45
1525147200,185501,46
1527825600,190090,47
1530417600,194874,48
1533096000,199937,49
1535774400,204700,50
1538366400,209398,51
1541044800,214033,52
1543640400,219266,53
1546318800,223428,54
1548997200,228411,55
1551416400,233368,56
1554091200,239069,57
1556683200,244317,58
1559361600,249652,59
1561953600,254582,60
1564632000,259810,61
1567310400,264885,62
1569902400,270036,63
1572580800,275058,64
1575176400,280097,65
1577854800,285101,66
1580533200,290247,67
1583038800,294912,68
1585713600,300483,69
1588305600,306063,70
1590984000,311863,71
1593576000,317177,72
1596254400,322664,73
1598932800,327995,74
1601524800,333459,75
1604203200,339351,76
1606798800,345970,77
