1554091200,762423,
1556683200,766222,
1559361600,770406,
1561953600,774459,
1564632000,778700,
1567310400,782984,
1569902400,787428,1
1572580800,791774,2
1575176400,796200,3
1577854800,800657,4
1580533200,805211,5
1583038800,809345,6
1585713600,814318,7
1588305600,819249,8
1590984000,824375,9
1593576000,829134,10
1596254400,833998,11
1598932800,838780,12
1601524800,843705,13
1604203200,848236,14
1606798800,852683,15
1609477200,857301,16
1612155600,862376,17
1614574800,867221,18
1617249600,874571,19
1619841600,880873,20
1622520000,886659,21
1625112000,897918,22
