1522555200,546686,
1525147200,549937,
1527825600,553494,
1530417600,557421,
1533096000,561492,
1535774400,565471,
1538366400,569477,1
1541044800,573468,2
1543640400,578090,3
1546318800,581710,4
1548997200,586174,5
1551416400,590625,6
1554091200,595894,7
1556683200,600762,8
1559361600,605685,9
1561953600,610346,10
1564632000,615190,11
1567310400,619916,12
1569902400,624780,13
1572580800,629548,14
1575176400,634336,15
1577854800,639093,16
1580533200,643998,17
1583038800,648467,18
1585713600,653830,19
1588305600,659208,20
1590984000,664826,21
1593576000,669913,22
1596254400,675187,23
1598932800,680325,24
1601524800,685595,25
1604203200,691325,26
1606798800,697788,27
