1398916800,55962,
1401595200,56994,
1404187200,58141,
1406865600,59289,
1409544000,60695,
1412136000,62056,
1414814400,63528,1
1417410000,65022,2
1420088400,66416,3
1422766800,68125,4
1425186000,69738,5
1427860800,71474,6
1430452800,73233,7
1433131200,75273,8
1435723200,77242,9
1438401600,79635,10
1441080000,82092,11
1443672000,84673,12
1446350400,87216,13
1448946000,89949,14
1451624400,92943,15
1454302800,95842,16
1456808400,98765,17
1459483200,102301,18
1462075200,105536,19
1464753600,108746,20
1467345600,111573,21
1470024000,114747,22
1472702400,118032,23
1475294400,121225,24
1477972800,124572,25
1480568400,127642,26
1483246800,130865,27
1485925200,133937,28
1488344400,137452,29
1491019200,141290,30
1493611200,145004,31
1496289600,148801,32
1498881600,152997,33
1501560000,157113,34
1504238400,161072,35
1506830400,164682,36
1509508800,169086,37
1512104400,173197,38
1514782800,177359,39
1517461200,182176,40
1519880400,186262,41
1522555200,190922,42
1525147200,195398,43
1527825600,199981,44
1530417600,204763,45
1533096000,209820,46
1535774400,214573,47
1538366400,219267,48
1541044800,223896,49
1543640400,229126,50
1546318800,233285,51
1548997200,238260,52
1551416400,243214,53
1554091200,248917,54
1556683200,254165,55
1559361600,259496,56
1561953600,264424,57
1564632000,269651,58
1567310400,274721,59
1569902400,279869,60
1572580800,284890,61
1575176400,289928,62
1577854800,294926,63
1580533200,300069,64
1583038800,304731,65
1585713600,310301,66
1588305600,315878,67
1590984000,321675,68
1593576000,326988,69
1596254400,332471,70
1598932800,337798,71
1601524800,343261,72
1604203200,349149,73
1606798800,355769,74
