1446350400,53214,
1448946000,56039,
1451624400,58938,
1454302800,61829,
1456808400,50434,
1459483200,53829,
1462075200,57436,0
1464753600,59783,0
1467345600,61913,0
1470024000,59489,0
1472702400,61581,0
1475294400,63566,0
1477972800,65774,0
1480568400,67808,0
1483246800,69787,1
1485925200,71801,2
1488344400,74194,3
1491019200,76783,4
1493611200,79156,5
1496289600,81731,6
1498881600,84248,7
1501560000,86868,8
1504238400,89342,9
1506830400,91541,10
1509508800,94096,11
1512104400,96712,12
1514782800,99248,13
1517461200,102315,14
1519880400,104930,15
1522555200,107735,16
1525147200,105320,0
1527825600,108049,0
1530417600,110937,0
1533096000,113699,0
1535774400,87101,0
1538366400,89092,0
1541044800,91087,0
1543640400,93548,0
1546318800,95479,0
1548997200,97711,1
1551416400,99844,2
1554091200,102308,3
1556683200,104502,4
1559361600,106993,5
1561953600,109075,6
1564632000,111238,7
1567310400,113415,8
1569902400,115814,9
1572580800,118074,10
1575176400,120257,11
1577854800,122539,12
1580533200,124720,13
1583038800,126780,14
1585713600,129128,15
1588305600,131539,16
1590984000,134128,17
1593576000,136257,18
1596254400,138605,19
1598932800,140834,20
1601524800,143052,21
1604203200,145991,22
1606798800,149724,23
