1470024000,263230,
1472702400,265518,
1475294400,267922,
1477972800,270553,
1480568400,272991,
1483246800,275692,
1485925200,278377,1
1488344400,281471,2
1491019200,35869,0
1493611200,26777,0
1496289600,27651,0
1498881600,28617,0
1501560000,29481,0
1504238400,30305,0
1506830400,28913,0
1509508800,29767,0
1512104400,30573,0
1514782800,31437,0
1517461200,27204,0
1519880400,27956,0
1522555200,28689,0
1525147200,32802,0
1527825600,33581,0
1530417600,34377,0
1533096000,35116,0
1535774400,41981,0
1538366400,41037,0
1541044800,41859,0
1543640400,42901,0
1546318800,43910,0
1548997200,44898,0
1551416400,45906,1
1554091200,47105,2
1556683200,48190,3
1559361600,49308,4
1561953600,50224,5
1564632000,51303,6
1567310400,52290,7
1569902400,53376,8
1572580800,54315,9
1575176400,55363,10
1577854800,56412,11
1580533200,57338,12
1583038800,58316,13
1585713600,59349,14
1588305600,60441,15
1590984000,61672,16
1593576000,62592,17
1596254400,63588,18
1598932800,64604,19
1601524800,65611,20
1604203200,67066,21
1606798800,69008,22
