1525147200,558858,
1527825600,562276,
1530417600,566129,
1533096000,570115,
1535774400,574039,
1538366400,578009,
1541044800,581966,1
1543640400,586554,2
1546318800,590135,3
1548997200,594577,4
1551416400,599027,5
1554091200,604262,6
1556683200,609112,7
1559361600,614028,8
1561953600,618680,9
1564632000,623511,10
1567310400,628225,11
1569902400,633070,12
1572580800,637815,13
1575176400,642580,14
1577854800,647335,15
1580533200,652228,16
1583038800,656689,17
1585713600,662044,18
1588305600,667403,19
1590984000,673013,20
1593576000,678096,21
1596254400,683365,22
1598932800,688496,23
1601524800,693760,24
1604203200,699484,25
1606798800,705942,26
