1412136000,80359,
1414814400,81534,
1417410000,82816,
1420088400,84075,
1422766800,85599,
1425186000,87090,
1427860800,88684,1
1430452800,90342,2
1433131200,92238,3
1435723200,94122,4
1438401600,96428,5
1441080000,98794,6
1443672000,101282,7
1446350400,103762,8
1448946000,106407,9
1451624400,109340,10
1454302800,112171,11
1456808400,115040,12
1459483200,118522,13
1462075200,121703,14
1464753600,124874,15
1467345600,127673,16
1470024000,130793,17
1472702400,134025,18
1475294400,137172,19
1477972800,140478,20
1480568400,143500,21
1483246800,146694,22
1485925200,149747,23
1488344400,153242,24
1491019200,157041,25
1493611200,160732,26
1496289600,164506,27
1498881600,168676,28
1501560000,172778,29
1504238400,176722,30
1506830400,180312,31
1509508800,184677,32
1512104400,188777,33
1514782800,192924,34
1517461200,197718,35
1519880400,201793,36
1522555200,206433,37
1525147200,210889,38
1527825600,215461,39
1530417600,220228,40
1533096000,225273,41
1535774400,230014,42
1538366400,234705,43
1541044800,239326,44
1543640400,244560,45
1546318800,248710,46
1548997200,253681,47
1551416400,258628,48
1554091200,264323,49
1556683200,269566,50
1559361600,274891,51
1561953600,279811,52
1564632000,285032,53
1567310400,290099,54
1569902400,295242,55
1572580800,300255,56
1575176400,305283,57
1577854800,310275,58
1580533200,315410,59
1583038800,320071,60
1585713600,325648,61
1588305600,331217,62
1590984000,337011,63
1593576000,342316,64
1596254400,347795,65
1598932800,353125,66
1601524800,358583,67
1604203200,364466,68
1606798800,371083,69
