1488344400,347463,
1491019200,350158,
1493611200,353004,
1496289600,356026,
1498881600,359497,
1501560000,362926,
1504238400,366334,1
1506830400,369448,2
1509508800,373234,3
1512104400,376901,4
1514782800,380604,5
1517461200,384930,6
1519880400,388687,7
1522555200,393022,8
1525147200,397145,9
1527825600,401410,10
1530417600,405906,11
1533096000,410547,12
1535774400,414985,13
1538366400,419467,14
1541044800,423829,15
1543640400,428785,16
1546318800,432723,17
1548997200,437525,18
1551416400,442274,19
1554091200,447796,20
1556683200,452904,21
1559361600,458069,22
1561953600,462903,23
1564632000,468001,24
1567310400,472913,25
1569902400,477950,26
1572580800,482860,27
1575176400,487781,28
1577854800,492685,29
1580533200,497715,30
1583038800,502307,31
1585713600,507799,32
1588305600,513277,33
1590984000,518984,34
1593576000,524208,35
1596254400,529608,36
1598932800,534838,37
1601524800,540207,38
1604203200,546024,39
1606798800,552566,40
