1388552400,10739,
1391230800,7224,
1393650000,2617,
1396324800,1765,
1398916800,1345,
1401595200,1263,
1404187200,1143,0
1406865600,1097,0
1409544000,1072,0
1412136000,1002,0
1414814400,939,0
1417410000,947,0
1420088400,953,0
1422766800,439,0
1425186000,445,0
1427860800,451,0
1430452800,457,0
1433131200,445,0
1435723200,552,0
1438401600,573,0
1441080000,658,0
1443672000,667,0
1446350400,677,0
1448946000,698,0
1451624400,729,0
1454302800,775,0
1456808400,1198,0
1459483200,1231,0
1462075200,1255,0
1464753600,1307,0
1467345600,1306,0
1470024000,1305,0
1472702400,1327,0
1475294400,1350,0
1477972800,1388,0
1480568400,1395,0
1483246800,1418,1
1485925200,1457,2
1488344400,1482,3
1491019200,1544,0
1493611200,1568,1
1496289600,1584,2
1498881600,1616,3
1501560000,1643,4
1504238400,1676,5
1506830400,1716,6
1509508800,1747,7
1512104400,1779,8
1514782800,1830,9
1517461200,1871,10
1519880400,1917,11
1522555200,1932,12
1525147200,1963,13
1527825600,1995,14
1530417600,2057,15
1533096000,2128,0
1535774400,1755,0
1538366400,1777,0
1541044800,1814,0
1543640400,1861,0
1546318800,1885,0
1548997200,1918,1
1551416400,1966,2
1554091200,1986,3
1556683200,2013,4
1559361600,2047,5
1561953600,2073,6
1564632000,2109,7
1567310400,2116,8
1569902400,2156,9
1572580800,2145,0
1575176400,2175,0
1577854800,2200,0
1580533200,2230,0
1583038800,2258,0
1585713600,2294,1
1588305600,2369,2
1590984000,2396,3
1593576000,2434,4
1596254400,2473,5
1598932800,2495,6
1601524800,2504,7
1604203200,2525,8
1606798800,2568,9
