1456808400,202476,
1459483200,50251,
1462075200,52410,
1464753600,54433,
1467345600,56310,
1470024000,58382,
1472702400,60408,1
1475294400,62336,2
1477972800,64388,3
1480568400,66351,4
1483246800,68226,5
1485925200,70194,6
1488344400,72494,7
1491019200,77871,0
1493611200,80246,1
1496289600,82763,2
1498881600,85362,3
1501560000,87987,4
1504238400,90477,5
1506830400,92678,6
1509508800,95262,7
1512104400,97886,8
1514782800,100425,9
1517461200,103505,10
1519880400,106122,11
1522555200,108916,12
1525147200,111832,13
1527825600,114730,14
1530417600,117723,15
1533096000,120572,16
1535774400,127705,17
1538366400,130692,18
1541044800,133749,19
1543640400,137234,20
1546318800,139937,21
1548997200,143247,22
1551416400,146477,23
1554091200,150114,24
1556683200,158285,25
1559361600,161950,26
1561953600,165336,27
1564632000,168730,28
1567310400,172108,29
1569902400,175696,30
1572580800,179076,31
1575176400,384548,0
1577854800,389512,0
1580533200,394608,0
1583038800,399251,0
1585713600,404795,0
1588305600,410344,1
1590984000,416110,2
1593576000,421393,3
1596254400,426843,4
1598932800,432134,5
1601524800,437559,6
1604203200,443414,7
1606798800,450003,8
