1420088400,29770,
1422766800,31917,
1425186000,33533,
1427860800,35265,
1430452800,37045,
1433131200,39003,
1435723200,40924,1
1438401600,43231,2
1441080000,45588,3
1443672000,48012,4
1446350400,50503,5
1448946000,52981,6
1451624400,49643,0
1454302800,52868,0
1456808400,53866,0
1459483200,35973,0
1462075200,30209,0
1464753600,34154,0
1467345600,36762,0
1470024000,38152,0
1472702400,24876,0
1475294400,26516,0
1477972800,24944,0
1480568400,33099,0
1483246800,34171,0
1485925200,36072,0
1488344400,37424,0
1491019200,38687,0
1493611200,39264,1
1496289600,40082,2
1498881600,40911,3
1501560000,42208,4
1504238400,43244,5
1506830400,43918,6
1509508800,45148,7
1512104400,46347,8
1514782800,49446,0
1517461200,50590,1
1519880400,51858,2
1522555200,53399,3
1525147200,54420,4
1527825600,55871,5
1530417600,57607,6
1533096000,58922,7
1535774400,65760,0
1538366400,75594,0
1541044800,87987,0
1543640400,90275,1
1546318800,92110,0
1548997200,94324,0
1551416400,96409,0
1554091200,98739,1
1556683200,100881,2
1559361600,103282,3
1561953600,105314,4
1564632000,107427,5
1567310400,109573,6
1569902400,111921,7
1572580800,114042,8
1575176400,116163,9
1577854800,118369,10
1580533200,120511,11
1583038800,122523,12
1585713600,124800,13
1588305600,127098,14
1590984000,129604,15
1593576000,131673,16
1596254400,133886,17
1598932800,136076,18
1601524800,138202,19
1604203200,141089,20
1606798800,144753,21
