1456808400,55712,
1459483200,59939,
1462075200,62520,
1464753600,65906,
1467345600,70381,
1470024000,48154,
1472702400,52683,0
1475294400,47040,0
1477972800,51845,0
1480568400,53724,0
1483246800,55316,0
1485925200,56950,0
1488344400,54536,0
1491019200,59243,0
1493611200,61120,0
1496289600,64448,0
1498881600,66747,0
1501560000,68925,1
1504238400,70968,2
1506830400,72797,3
1509508800,74970,4
1512104400,76933,5
1514782800,79335,6
1517461200,82129,7
1519880400,84309,8
1522555200,86644,9
1525147200,88983,10
1527825600,91496,11
1530417600,93935,12
1533096000,96209,13
1535774400,103885,0
1538366400,106295,1
1541044800,108747,2
1543640400,111773,3
1546318800,118924,4
1548997200,130271,0
1551416400,133578,0
1554091200,141355,1
1556683200,144542,2
1559361600,147875,3
1561953600,150940,4
1564632000,154096,5
1567310400,157415,6
1569902400,160446,7
1572580800,163515,8
1575176400,166455,9
1577854800,169553,10
1580533200,172630,11
1583038800,175422,12
1585713600,178801,13
1588305600,182260,14
1590984000,185709,15
1593576000,188686,16
1596254400,191890,17
1598932800,195191,18
1601524800,207334,0
1604203200,211266,0
1606798800,215999,1
