1430452800,122745,
1433131200,124126,
1435723200,125656,
1438401600,127648,
1441080000,129735,
1443672000,131955,
1446350400,134236,1
1448946000,136651,2
1451624400,139399,3
1454302800,142049,4
1456808400,144774,5
1459483200,148133,6
1462075200,151159,7
1464753600,154199,8
1467345600,156899,9
1470024000,159921,10
1472702400,163038,11
1475294400,166095,12
1477972800,169329,13
1480568400,172273,14
1483246800,175393,15
1485925200,178370,16
1488344400,181783,17
1491019200,185531,18
1493611200,189160,19
1496289600,192866,20
1498881600,196976,21
1501560000,201020,22
1504238400,204904,23
1506830400,208460,24
1509508800,212769,25
1512104400,216825,26
1514782800,220942,27
1517461200,225706,28
1519880400,229746,29
1522555200,234361,30
1525147200,238794,31
1527825600,243336,32
1530417600,248062,33
1533096000,253079,34
1535774400,257788,35
1538366400,262454,36
1541044800,267051,37
1543640400,272263,38
1546318800,276387,39
1548997200,281340,40
1551416400,286274,41
1554091200,291947,42
1556683200,297176,43
1559361600,302488,44
1561953600,307390,45
1564632000,312599,46
1567310400,317642,47
1569902400,322772,48
1572580800,327771,49
1575176400,332780,50
1577854800,337762,51
1580533200,342884,52
1583038800,347540,53
1585713600,353109,54
1588305600,358666,55
1590984000,364455,56
1593576000,369755,57
1596254400,375230,58
1598932800,380545,59
1601524800,385993,60
1604203200,391863,61
1606798800,398473,62
