1519880400,528255,
1522555200,531628,
1525147200,535129,
1527825600,538833,
1530417600,542867,
1533096000,547037,
1535774400,551083,1
1538366400,555167,2
1541044800,559199,3
1543640400,563869,4
1546318800,567522,5
1548997200,572035,6
1551416400,576536,7
1554091200,581835,8
1556683200,586728,9
1559361600,591677,10
1561953600,596350,11
1564632000,601226,12
1567310400,605977,13
1569902400,610859,14
1572580800,615650,15
1575176400,620468,16
1577854800,625239,17
1580533200,630161,18
1583038800,634642,19
1585713600,640026,20
1588305600,645408,21
1590984000,651023,22
1593576000,656129,23
1596254400,661414,24
1598932800,666568,25
1601524800,671846,26
1604203200,677582,27
1606798800,684056,28
