1530417600,599548,
1533096000,603067,
1535774400,606670,
1538366400,610472,
1541044800,614365,
1543640400,618807,
1546318800,622308,1
1548997200,626645,2
1551416400,630957,3
1554091200,636129,4
1556683200,640877,5
1559361600,645723,6
1561953600,650317,7
1564632000,655086,8
1567310400,659731,9
1569902400,664514,10
1572580800,669202,11
1575176400,673905,12
1577854800,678611,13
1580533200,683457,14
1583038800,687896,15
1585713600,693210,16
1588305600,698523,17
1590984000,704096,18
1593576000,709157,19
1596254400,714410,20
1598932800,719523,21
1601524800,724762,22
1604203200,730456,23
1606798800,736879,24
