1427860800,113078,
1430452800,114417,
1433131200,15619,
1435723200,13160,
1438401600,13827,
1441080000,14433,
1443672000,15038,0
1446350400,15700,0
1448946000,16350,1
1451624400,17186,2
1454302800,17885,3
1456808400,19028,4
1459483200,19857,5
1462075200,20821,6
1464753600,21685,7
1467345600,22434,8
1470024000,23148,9
1472702400,24030,10
1475294400,24747,11
1477972800,25578,12
1480568400,26314,13
1483246800,27093,14
1485925200,27942,15
1488344400,28872,16
1491019200,29858,17
1493611200,30792,18
1496289600,31684,19
1498881600,32774,20
1501560000,33770,21
1504238400,34731,22
1506830400,35547,23
1509508800,36649,24
1512104400,37619,25
1514782800,38688,26
1517461200,39820,27
1519880400,40924,28
1522555200,42073,29
1525147200,43260,30
1527825600,44325,31
1530417600,45430,32
1533096000,46435,33
1535774400,54220,0
1538366400,55443,0
1541044800,56670,0
1543640400,58077,0
1546318800,59363,0
1548997200,60769,1
1551416400,62093,2
1554091200,63607,3
1556683200,65113,4
1559361600,66642,5
1561953600,67970,6
1564632000,69351,7
1567310400,70638,8
1569902400,72036,9
1572580800,73407,10
1575176400,74813,11
1577854800,76291,12
1580533200,77603,13
1583038800,78902,14
1585713600,80367,15
1588305600,81957,16
1590984000,83646,17
1593576000,84988,18
1596254400,86389,19
1598932800,87766,20
1601524800,89147,21
1604203200,91000,22
1606798800,93343,23
