1393650000,48480,
1396324800,49419,
1398916800,50411,
1401595200,51575,
1404187200,52813,
1406865600,54008,
1409544000,55485,1
1412136000,56889,2
1414814400,58413,3
1417410000,59937,4
1420088400,61354,5
1422766800,63106,6
1425186000,64750,7
1427860800,66522,8
1430452800,68306,9
1433131200,70376,10
1435723200,72370,11
1438401600,74789,12
1441080000,77261,13
1443672000,79864,14
1446350400,82439,15
1448946000,85189,16
1451624400,88193,17
1454302800,91104,18
1456808400,94048,19
1459483200,97593,20
1462075200,100838,21
1464753600,104066,22
1467345600,106910,23
1470024000,110100,24
1472702400,113399,25
1475294400,116612,26
1477972800,119977,27
1480568400,123052,28
1483246800,126283,29
1485925200,129362,30
1488344400,132892,31
1491019200,136738,32
1493611200,140458,33
1496289600,144264,34
1498881600,148464,35
1501560000,152586,36
1504238400,156551,37
1506830400,160164,38
1509508800,164585,39
1512104400,168697,40
1514782800,172865,41
1517461200,177681,42
1519880400,181769,43
1522555200,186431,44
1525147200,190911,45
1527825600,195498,46
1530417600,200282,47
1533096000,205343,48
1535774400,210097,49
1538366400,214792,50
1541044800,219425,51
1543640400,224654,52
1546318800,228814,53
1548997200,233788,54
1551416400,238741,55
1554091200,244442,56
1556683200,249691,57
1559361600,255027,58
1561953600,259957,59
1564632000,265187,60
1567310400,270261,61
1569902400,275410,62
1572580800,280431,63
1575176400,285469,64
1577854800,290469,65
1580533200,295614,66
1583038800,300276,67
1585713600,305847,68
1588305600,311425,69
1590984000,317223,70
1593576000,322537,71
1596254400,328022,72
1598932800,333350,73
1601524800,338813,74
1604203200,344702,75
1606798800,351320,76
