1501560000,411515,
1504238400,414523,
1506830400,417348,
1509508800,420786,
1512104400,424220,
1514782800,427739,
1517461200,431814,1
1519880400,435434,2
1522555200,439580,3
1525147200,443569,4
1527825600,447705,5
1530417600,452068,6
1533096000,456612,7
1535774400,460933,8
1538366400,465356,9
1541044800,469642,10
1543640400,474496,11
1546318800,478341,12
1548997200,483062,13
1551416400,487734,14
1554091200,493199,15
1556683200,498234,16
1559361600,503344,17
1561953600,508130,18
1564632000,513189,19
1567310400,518055,20
1569902400,523036,21
1572580800,527905,22
1575176400,532790,23
1577854800,537647,24
1580533200,542653,25
1583038800,547212,26
1585713600,552663,27
1588305600,558108,28
1590984000,563790,29
1593576000,568968,30
1596254400,574326,31
1598932800,579535,32
1601524800,584884,33
1604203200,590667,34
1606798800,597192,35
