1472702400,276794,
1475294400,278988,
1477972800,281442,
1480568400,283799,
1483246800,286405,
1485925200,289029,
1488344400,292065,1
1491019200,295393,2
1493611200,298668,3
1496289600,302002,4
1498881600,305791,5
1501560000,309507,6
1504238400,313117,7
1506830400,316424,8
1509508800,320430,9
1512104400,324277,10
1514782800,328160,11
1517461200,332676,12
1519880400,336573,13
1522555200,341029,14
1525147200,345293,15
1527825600,349672,16
1530417600,354250,17
1533096000,359060,18
1535774400,363614,19
1538366400,368175,20
1541044800,372630,21
1543640400,377691,22
1546318800,381725,23
1548997200,386593,24
1551416400,391406,25
1554091200,396991,26
1556683200,402158,27
1559361600,407398,28
1561953600,412248,29
1564632000,417390,30
1567310400,422360,31
1569902400,427432,32
1572580800,432382,33
1575176400,437349,34
1577854800,442276,35
1580533200,447345,36
1583038800,451965,37
1585713600,457488,38
1588305600,463003,39
1590984000,468740,40
1593576000,473989,41
1596254400,479411,42
1598932800,484675,43
1601524800,490075,44
1604203200,495919,45
1606798800,502490,46
