1538366400,648091,
1541044800,651641,
1543640400,655830,
1546318800,659182,
1548997200,663383,
1551416400,667551,
1554091200,672545,1
1556683200,677180,2
1559361600,681922,3
1561953600,686399,4
1564632000,691070,5
1567310400,695661,6
1569902400,700378,7
1572580800,704996,8
1575176400,709669,9
1577854800,714322,10
1580533200,719112,11
1583038800,723496,12
1585713600,728769,13
1588305600,734032,14
1590984000,739551,15
1593576000,744562,16
1596254400,749764,17
1598932800,754850,18
1601524800,760069,19
1604203200,765745,20
1606798800,772135,21
