1454302800,196253,
1456808400,198244,
1459483200,201063,
1462075200,203677,
1464753600,206344,
1467345600,208732,
1470024000,211505,1
1472702400,214361,2
1475294400,217192,3
1477972800,220223,4
1480568400,223001,5
1483246800,225970,6
1485925200,228791,7
1488344400,232056,8
1491019200,235626,9
1493611200,239101,10
1496289600,242680,11
1498881600,246671,12
1501560000,250611,13
1504238400,254384,14
1506830400,257844,15
1509508800,262002,16
1512104400,265977,17
1514782800,269992,18
1517461200,274671,19
1519880400,278645,20
1522555200,283202,21
1525147200,287579,22
1527825600,292067,23
1530417600,296730,24
1533096000,301685,25
1535774400,306334,26
1538366400,310968,27
1541044800,315501,28
1543640400,320651,29
1546318800,324725,30
1548997200,329645,31
1551416400,334552,32
1554091200,340187,33
1556683200,345392,34
1559361600,350681,35
1561953600,355573,36
1564632000,360756,37
1567310400,365765,38
1569902400,370869,39
1572580800,375851,40
1575176400,380839,41
1577854800,385804,42
1580533200,390900,43
1583038800,395546,44
1585713600,401093,45
1588305600,406640,46
1590984000,412408,47
1593576000,417692,48
1596254400,423145,49
1598932800,428437,50
1601524800,433864,51
1604203200,439720,52
1606798800,446313,53
