1485925200,328733,
1488344400,331384,
1491019200,334410,
1493611200,337426,
1496289600,340555,
1498881600,344143,
1501560000,347675,1
1504238400,351154,2
1506830400,354327,3
1509508800,358180,4
1512104400,361907,5
1514782800,365674,6
1517461200,370045,7
1519880400,373848,8
1522555200,378216,9
1525147200,382382,10
1527825600,386686,11
1530417600,391220,12
1533096000,395912,13
1535774400,400396,14
1538366400,404898,15
1541044800,409302,16
1543640400,414298,17
1546318800,418279,18
1548997200,423098,19
1551416400,427865,20
1554091200,433404,21
1556683200,438536,22
1559361600,443717,23
1561953600,448563,24
1564632000,453674,25
1567310400,458605,26
1569902400,463653,27
1572580800,468582,28
1575176400,473520,29
1577854800,478433,30
1580533200,483473,31
1583038800,488075,32
1585713600,493575,33
1588305600,499065,34
1590984000,504777,35
1593576000,510008,36
1596254400,515418,37
1598932800,520653,38
1601524800,526032,39
1604203200,531855,40
1606798800,538402,41
