1435723200,132696,
1438401600,134548,
1441080000,136538,
1443672000,138680,
1446350400,140899,
1448946000,143223,
1451624400,145912,1
1454302800,148520,2
1456808400,151216,3
1459483200,154535,4
1462075200,157526,5
1464753600,160528,6
1467345600,163194,7
1470024000,166182,8
1472702400,169263,9
1475294400,172299,10
1477972800,175516,11
1480568400,178437,12
1483246800,181544,13
1485925200,184495,14
1488344400,187894,15
1491019200,191619,16
1493611200,195240,17
1496289600,198937,18
1498881600,203036,19
1501560000,207073,20
1504238400,210941,21
1506830400,214483,22
1509508800,218766,23
1512104400,222816,24
1514782800,226920,25
1517461200,231676,26
1519880400,235710,27
1522555200,240317,28
1525147200,244743,29
1527825600,249279,30
1530417600,254004,31
1533096000,259013,32
1535774400,263710,33
1538366400,268374,34
1541044800,272962,35
1543640400,278164,36
1546318800,282282,37
1548997200,287232,38
1551416400,292164,39
1554091200,297830,40
1556683200,303057,41
1559361600,308364,42
1561953600,313266,43
1564632000,318475,44
1567310400,323515,45
1569902400,328640,46
1572580800,333637,47
1575176400,338643,48
1577854800,343625,49
1580533200,348744,50
1583038800,353402,51
1585713600,358970,52
1588305600,364526,53
1590984000,370317,54
1593576000,375620,55
1596254400,381090,56
1598932800,386402,57
1601524800,391851,58
1604203200,397717,59
1606798800,404327,60
