1496289600,382298,
1498881600,385466,
1501560000,388642,
1504238400,391900,
1506830400,394897,
1509508800,398525,
1512104400,402088,1
1514782800,405692,2
1517461200,409874,3
1519880400,413574,4
1522555200,417816,5
1525147200,421877,6
1527825600,426066,7
1530417600,430502,8
1533096000,435091,9
1535774400,439462,10
1538366400,443915,11
1541044800,448244,12
1543640400,453152,13
1546318800,457038,14
1548997200,461806,15
1551416400,466511,16
1554091200,472003,17
1556683200,477078,18
1559361600,482218,19
1561953600,487027,20
1564632000,492093,21
1567310400,496976,22
1569902400,501991,23
1572580800,506882,24
1575176400,511787,25
1577854800,516669,26
1580533200,521682,27
1583038800,526263,28
1585713600,531731,29
1588305600,537190,30
1590984000,542877,31
1593576000,548075,32
1596254400,553451,33
1598932800,558674,34
1601524800,564029,35
1604203200,569827,36
1606798800,576358,37
