1367380800,22146,
1370059200,22594,
1372651200,23216,
1375329600,23867,
1378008000,24456,
1380600000,25271,
1383278400,25994,1
1385874000,26874,2
1388552400,27818,3
1391230800,28920,4
1393650000,29907,5
1396324800,31167,6
1398916800,32366,7
1401595200,33742,8
1404187200,35125,9
1406865600,36460,10
1409544000,38082,11
1412136000,39614,12
1414814400,41242,13
1417410000,42885,14
1420088400,44396,15
1422766800,46231,16
1425186000,47963,17
1427860800,49816,18
1430452800,51660,19
1433131200,53808,20
1435723200,55862,21
1438401600,58361,22
1441080000,60887,23
1443672000,63551,24
1446350400,66187,25
1448946000,68986,26
1451624400,72041,27
1454302800,74996,28
1456808400,77980,29
1459483200,81533,30
1462075200,84821,31
1464753600,88083,32
1467345600,90957,33
1470024000,94177,34
1472702400,25174,0
1475294400,25910,0
1477972800,26764,0
1480568400,27533,0
1483246800,28370,0
1485925200,29173,1
1488344400,30117,2
1491019200,31159,3
1493611200,32093,4
1496289600,33103,5
1498881600,34115,6
1501560000,35135,7
1504238400,36178,8
1506830400,37061,9
1509508800,38221,10
1512104400,39208,11
1514782800,40303,12
1517461200,41507,13
1519880400,42647,14
1522555200,43850,15
1525147200,44928,16
1527825600,46157,17
1530417600,47327,18
1533096000,48401,19
1535774400,28982,0
1538366400,29692,0
1541044800,30288,0
1543640400,31003,0
1546318800,31634,0
1548997200,32357,1
1551416400,33063,2
1554091200,33832,3
1556683200,34590,4
1559361600,35378,5
1561953600,36019,6
1564632000,36742,7
1567310400,37438,8
1569902400,38185,9
1572580800,38891,10
1575176400,39638,11
1577854800,40385,12
1580533200,41093,13
1583038800,41774,14
1585713600,42561,15
1588305600,43374,16
1590984000,44217,17
1593576000,44873,18
1596254400,45572,19
1598932800,46251,20
1601524800,46958,21
1604203200,47611,22
1606798800,48264,23
