1548997200,731417,
1551416400,734796,
1554091200,739267,
1556683200,743355,
1559361600,747718,
1561953600,751893,
1564632000,756271,1
1567310400,760638,2
1569902400,765132,3
1572580800,769531,4
1575176400,774010,5
1577854800,778524,6
1580533200,783102,7
1583038800,787283,8
1585713600,792307,9
1588305600,797294,10
1590984000,802451,11
1593576000,807244,12
1596254400,812141,13
1598932800,816937,14
1601524800,821905,15
1604203200,826473,16
1606798800,830948,17
1609477200,835585,18
1612155600,840670,19
1614574800,845530,20
1617249600,852895,21
1619841600,859205,22
1622520000,865009,23
1625112000,876299,24
1627790400,881606,25
