1354338000,13948,
1357016400,14210,
1359694800,14656,
1362114000,15079,
1364788800,15740,
1367380800,16362,
1370059200,16951,1
1372651200,17681,2
1375329600,18410,3
1378008000,19072,4
1380600000,19944,5
1383278400,20720,6
1385874000,21644,7
1388552400,22638,8
1391230800,23778,9
1393650000,24808,10
1396324800,26137,11
1398916800,27380,12
1401595200,28795,13
1404187200,30198,14
1406865600,31566,15
1409544000,33226,16
1412136000,34777,17
1414814400,36422,18
1417410000,38075,19
1420088400,39606,20
1422766800,41466,21
1425186000,43220,22
1427860800,45084,23
1430452800,46931,24
1433131200,49090,25
1435723200,51160,26
1438401600,53671,27
1441080000,56206,28
1443672000,58884,29
1446350400,61540,30
1448946000,64355,31
1451624400,67421,32
1454302800,70390,33
1456808400,73389,34
1459483200,76934,35
1462075200,80229,36
1464753600,83500,37
1467345600,86378,38
1470024000,89605,39
1472702400,92944,40
1475294400,96184,41
1477972800,99571,42
1480568400,102673,43
1483246800,105931,44
1485925200,109027,45
1488344400,112587,46
1491019200,116457,47
1493611200,120197,48
1496289600,124020,49
1498881600,128237,50
1501560000,132394,51
1504238400,136396,52
1506830400,140018,53
1509508800,144488,54
1512104400,148629,55
1514782800,152818,56
1517461200,157644,57
1519880400,161750,58
1522555200,166406,59
1525147200,170910,60
1527825600,175509,61
1530417600,180301,62
1533096000,185377,63
1535774400,190150,64
1538366400,194856,65
1541044800,199498,66
1543640400,204733,67
1546318800,208896,68
1548997200,213882,69
1551416400,218845,70
1554091200,224559,71
1556683200,229813,72
1559361600,235152,73
1561953600,240089,74
1564632000,245328,75
1567310400,250407,76
1569902400,255553,77
1572580800,260581,78
1575176400,265626,79
1577854800,270637,80
1580533200,275786,81
1583038800,280455,82
1585713600,286031,83
1588305600,291616,84
1590984000,297419,85
1593576000,302737,86
1596254400,308228,87
1598932800,313561,88
1601524800,319028,89
1604203200,324925,90
1606798800,331551,91
