1514782800,493667,
1517461200,497069,
1519880400,500334,
1522555200,504107,
1525147200,507793,
1527825600,511670,
1530417600,515824,1
1533096000,520139,2
1535774400,524287,3
1538366400,528505,4
1541044800,532636,5
1543640400,537363,6
1546318800,541071,7
1548997200,545652,8
1551416400,550203,9
1554091200,555565,10
1556683200,560501,11
1559361600,565484,12
1561953600,570209,13
1564632000,575142,14
1567310400,579930,15
1569902400,584842,16
1572580800,589667,17
1575176400,594497,18
1577854800,599295,19
1580533200,604244,20
1583038800,608757,21
1585713600,614153,22
1588305600,619549,23
1590984000,625185,24
1593576000,630306,25
1596254400,635609,26
1598932800,640786,27
1601524800,646084,28
1604203200,651834,29
1606798800,658321,30
