1443672000,157990,
1446350400,159889,
1448946000,161972,
1451624400,164450,
1454302800,166885,
1456808400,169432,
1459483200,172616,1
1462075200,175525,2
1464753600,178414,3
1467345600,180996,4
1470024000,183902,5
1472702400,186888,6
1475294400,189854,7
1477972800,193003,8
1480568400,195884,9
1483246800,198938,10
1485925200,201849,11
1488344400,205203,12
1491019200,208864,13
1493611200,212429,14
1496289600,216089,15
1498881600,220144,16
1501560000,224145,17
1504238400,227971,18
1506830400,231476,19
1509508800,235710,20
1512104400,239729,21
1514782800,243799,22
1517461200,248514,23
1519880400,252529,24
1522555200,257113,25
1525147200,261523,26
1527825600,266043,27
1530417600,270739,28
1533096000,275725,29
1535774400,280408,30
1538366400,285051,31
1541044800,289622,32
1543640400,294801,33
1546318800,298913,34
1548997200,303852,35
1551416400,308774,36
1554091200,314426,37
1556683200,319646,38
1559361600,324947,39
1561953600,329846,40
1564632000,335047,41
1567310400,340074,42
1569902400,345198,43
1572580800,350189,44
1575176400,355191,45
1577854800,360168,46
1580533200,365279,47
1583038800,369932,48
1585713600,375496,49
1588305600,381050,50
1590984000,386835,51
1593576000,392133,52
1596254400,397597,53
1598932800,402903,54
1601524800,408341,55
1604203200,414203,56
1606798800,420806,57
