1554091200,761531,
1556683200,765349,
1559361600,769547,
1561953600,773606,
1564632000,777850,
1567310400,782137,
1569902400,786581,1
1572580800,790935,2
1575176400,795361,3
1577854800,799817,4
1580533200,804371,5
1583038800,808509,6
1585713600,813482,7
1588305600,818415,8
1590984000,823542,9
1593576000,828303,10
1596254400,833168,11
1598932800,837951,12
1601524800,842881,13
1604203200,847412,14
1606798800,851861,15
1609477200,856481,16
1612155600,861556,17
1614574800,866402,18
1617249600,873751,19
1619841600,880053,20
1622520000,885839,21
1625112000,897101,22
