1519880400,530525,
1522555200,533807,
1525147200,537289,
1527825600,540983,
1530417600,545010,
1533096000,549174,
1535774400,553210,1
1538366400,557288,2
1541044800,561312,3
1543640400,565975,4
1546318800,569625,5
1548997200,574130,6
1551416400,578625,7
1554091200,583917,8
1556683200,588806,9
1559361600,593750,10
1561953600,598418,11
1564632000,603290,12
1567310400,608034,13
1569902400,612917,14
1572580800,617706,15
1575176400,622521,16
1577854800,627291,17
1580533200,632210,18
1583038800,636689,19
1585713600,642070,20
1588305600,647450,21
1590984000,653064,22
1593576000,658169,23
1596254400,663453,24
1598932800,668607,25
1601524800,673884,26
1604203200,679617,27
1606798800,686090,28
