1533096000,15692,
1535774400,17076,
1538366400,18501,
1541044800,18815,
1543640400,19249,
1546318800,16920,
1548997200,17927,0
1551416400,18338,0
1554091200,19147,0
1556683200,19687,0
1559361600,20204,1
1561953600,20769,2
1564632000,21183,3
1567310400,21554,4
1569902400,21895,5
1572580800,23875,0
1575176400,24367,0
1577854800,25182,0
1580533200,25871,1
1583038800,26320,0
1585713600,26753,1
1588305600,34254,0
1590984000,34870,0
1593576000,35412,0
1596254400,35412,0
1598932800,35988,0
1601524800,33685,0
1604203200,34396,0
1606798800,34827,0
