1404187200,64474,
1406865600,65519,
1409544000,66805,
1412136000,68085,
1414814400,69499,
1417410000,70940,
1420088400,72302,1
1422766800,73954,2
1425186000,75538,3
1427860800,77231,4
1430452800,78965,5
1433131200,80962,6
1435723200,82904,7
1438401600,85267,8
1441080000,87703,9
1443672000,90250,10
1446350400,92772,11
1448946000,95482,12
1451624400,98465,13
1454302800,101351,14
1456808400,104253,15
1459483200,107762,16
1462075200,110983,17
1464753600,114187,18
1467345600,117004,19
1470024000,120162,20
1472702400,123432,21
1475294400,126610,22
1477972800,129944,23
1480568400,133002,24
1483246800,136216,25
1485925200,139286,26
1488344400,142801,27
1491019200,146627,28
1493611200,150338,29
1496289600,154128,30
1498881600,158316,31
1501560000,162429,32
1504238400,166380,33
1506830400,169983,34
1509508800,174374,35
1512104400,178483,36
1514782800,182640,37
1517461200,187449,38
1519880400,191531,39
1522555200,196186,40
1525147200,200661,41
1527825600,205240,42
1530417600,210016,43
1533096000,215067,44
1535774400,219814,45
1538366400,224509,46
1541044800,229139,47
1543640400,234369,48
1546318800,238526,49
1548997200,243495,50
1551416400,248447,51
1554091200,254147,52
1556683200,259395,53
1559361600,264724,54
1561953600,269650,55
1564632000,274874,56
1567310400,279946,57
1569902400,285090,58
1572580800,290107,59
1575176400,295143,60
1577854800,300137,61
1580533200,305278,62
1583038800,309941,63
1585713600,315514,64
1588305600,321089,65
1590984000,326886,66
1593576000,332197,67
1596254400,337678,68
1598932800,343008,69
1601524800,348468,70
1604203200,354355,71
1606798800,360972,72
