1430452800,117744,
1433131200,119289,
1435723200,120897,
1438401600,122956,
1441080000,125105,
1443672000,127367,
1446350400,129681,1
1448946000,132144,2
1451624400,134929,3
1454302800,137619,4
1456808400,140367,5
1459483200,143745,6
1462075200,146799,7
1464753600,149856,8
1467345600,152580,9
1470024000,155614,10
1472702400,158742,11
1475294400,161821,12
1477972800,165076,13
1480568400,168030,14
1483246800,171169,15
1485925200,174150,16
1488344400,177581,17
1491019200,181337,18
1493611200,184973,19
1496289600,188692,20
1498881600,192808,21
1501560000,196857,22
1504238400,200750,23
1506830400,204308,24
1509508800,208629,25
1512104400,212694,26
1514782800,216818,27
1517461200,221588,28
1519880400,225636,29
1522555200,230257,30
1525147200,234690,31
1527825600,239240,32
1530417600,243969,33
1533096000,248992,34
1535774400,253705,35
1538366400,258376,36
1541044800,262977,37
1543640400,268189,38
1546318800,272318,39
1548997200,277272,40
1551416400,282208,41
1554091200,287889,42
1556683200,293124,43
1559361600,298439,44
1561953600,303340,45
1564632000,308549,46
1567310400,313592,47
1569902400,318721,48
1572580800,323724,49
1575176400,328735,50
1577854800,333720,51
1580533200,338842,52
1583038800,343498,53
1585713600,349071,54
1588305600,354629,55
1590984000,360419,56
1593576000,365723,57
1596254400,371196,58
1598932800,376515,59
1601524800,381965,60
1604203200,387838,61
1606798800,394450,62
