1414814400,85605,
1417410000,86767,
1420088400,87969,
1422766800,89441,
1425186000,90883,
1427860800,92438,
1430452800,94054,1
1433131200,95914,2
1435723200,97770,3
1438401600,100043,4
1441080000,102380,5
1443672000,104836,6
1446350400,107302,7
1448946000,109937,8
1451624400,112853,9
1454302800,115667,10
1456808400,118516,11
1459483200,121983,12
1462075200,125149,13
1464753600,128307,14
1467345600,131095,15
1470024000,134210,16
1472702400,137439,17
1475294400,140575,18
1477972800,143879,19
1480568400,146894,20
1483246800,150086,21
1485925200,153139,22
1488344400,156627,23
1491019200,160425,24
1493611200,164114,25
1496289600,167885,26
1498881600,172050,27
1501560000,176150,28
1504238400,180086,29
1506830400,183670,30
1509508800,188029,31
1512104400,192126,32
1514782800,196269,33
1517461200,201062,34
1519880400,205133,35
1522555200,209771,36
1525147200,214224,37
1527825600,218795,38
1530417600,223562,39
1533096000,228604,40
1535774400,233342,41
1538366400,238033,42
1541044800,242653,43
1543640400,247882,44
1546318800,252026,45
1548997200,256997,46
1551416400,261941,47
1554091200,267634,48
1556683200,272877,49
1559361600,278200,50
1561953600,283119,51
1564632000,288339,52
1567310400,293403,53
1569902400,298545,54
1572580800,303556,55
1575176400,308585,56
1577854800,313578,57
1580533200,318714,58
1583038800,323374,59
1585713600,328952,60
1588305600,334520,61
1590984000,340315,62
1593576000,345620,63
1596254400,351097,64
1598932800,356425,65
1601524800,361881,66
1604203200,367762,67
1606798800,374378,68
