1554091200,761490,
1556683200,765309,
1559361600,769507,
1561953600,773566,
1564632000,777810,
1567310400,782098,
1569902400,786542,1
1572580800,790896,2
1575176400,795322,3
1577854800,799778,4
1580533200,804332,5
1583038800,808470,6
1585713600,813443,7
1588305600,818376,8
1590984000,823503,9
1593576000,828264,10
1596254400,833129,11
1598932800,837912,12
1601524800,842842,13
1604203200,847373,14
1606798800,851822,15
1609477200,856442,16
1612155600,861517,17
1614574800,866363,18
1617249600,873712,19
1619841600,880014,20
1622520000,885800,21
1625112000,897062,22
1627790400,902358,23
