1441080000,149719,
1443672000,151633,
1446350400,153678,
1448946000,155851,
1451624400,158399,
1454302800,160908,
1456808400,163506,1
1459483200,166737,2
1462075200,169679,3
1464753600,172602,4
1467345600,175216,5
1470024000,178150,6
1472702400,181173,7
1475294400,184161,8
1477972800,187332,9
1480568400,190224,10
1483246800,193294,11
1485925200,196224,12
1488344400,199597,13
1491019200,203271,14
1493611200,206861,15
1496289600,210532,16
1498881600,214601,17
1501560000,218620,18
1504238400,222464,19
1506830400,225973,20
1509508800,230228,21
1512104400,234254,22
1514782800,238335,23
1517461200,243058,24
1519880400,247082,25
1522555200,251674,26
1525147200,256093,27
1527825600,260617,28
1530417600,265323,29
1533096000,270317,30
1535774400,275006,31
1538366400,279655,32
1541044800,284233,33
1543640400,289416,34
1546318800,293529,35
1548997200,298478,36
1551416400,303401,37
1554091200,309059,38
1556683200,314284,39
1559361600,319589,40
1561953600,324491,41
1564632000,329696,42
1567310400,334730,43
1569902400,339856,44
1572580800,344848,45
1575176400,349853,46
1577854800,354832,47
1580533200,359942,48
1583038800,364594,49
1585713600,370162,50
1588305600,375716,51
1590984000,381503,52
1593576000,386803,53
1596254400,392270,54
1598932800,397577,55
1601524800,403015,56
1604203200,408877,57
1606798800,415482,58
