1467345600,248071,
1470024000,250495,
1472702400,253014,
1475294400,255553,
1477972800,258322,
1480568400,260852,
1483246800,263623,1
1485925200,266367,2
1488344400,269499,3
1491019200,272927,4
1493611200,276297,5
1496289600,279730,6
1498881600,283593,7
1501560000,287397,8
1504238400,291067,9
1506830400,294424,10
1509508800,298494,11
1512104400,302375,12
1514782800,306320,13
1517461200,310891,14
1519880400,314818,15
1522555200,319308,16
1525147200,323634,17
1527825600,328072,18
1530417600,332684,19
1533096000,337519,20
1535774400,342117,21
1538366400,346710,22
1541044800,351197,23
1543640400,356299,24
1546318800,360355,25
1548997200,365242,26
1551416400,370108,27
1554091200,375716,28
1556683200,380902,29
1559361600,386156,30
1561953600,391026,31
1564632000,396182,32
1567310400,401172,33
1569902400,406252,34
1572580800,411221,35
1575176400,416204,36
1577854800,421152,37
1580533200,426231,38
1583038800,430858,39
1585713600,436387,40
1588305600,441921,41
1590984000,447660,42
1593576000,452924,43
1596254400,458359,44
1598932800,463634,45
1601524800,469044,46
1604203200,474888,47
1606798800,481468,48
