1406865600,68369,
1409544000,69589,
1412136000,70837,
1414814400,72207,
1417410000,73620,
1420088400,74955,
1422766800,76572,1
1425186000,78138,2
1427860800,79810,3
1430452800,81523,4
1433131200,83502,5
1435723200,85430,6
1438401600,87783,7
1441080000,90203,8
1443672000,92747,9
1446350400,95254,10
1448946000,97948,11
1451624400,100922,12
1454302800,103800,13
1456808400,106698,14
1459483200,110208,15
1462075200,113419,16
1464753600,116619,17
1467345600,119433,18
1470024000,122579,19
1472702400,125841,20
1475294400,129012,21
1477972800,132338,22
1480568400,135390,23
1483246800,138603,24
1485925200,141662,25
1488344400,145171,26
1491019200,148993,27
1493611200,152695,28
1496289600,156484,29
1498881600,160670,30
1501560000,164777,31
1504238400,168725,32
1506830400,172329,33
1509508800,176708,34
1512104400,180813,35
1514782800,184968,36
1517461200,189771,37
1519880400,193852,38
1522555200,198507,39
1525147200,202976,40
1527825600,207554,41
1530417600,212328,42
1533096000,217378,43
1535774400,222123,44
1538366400,226815,45
1541044800,231444,46
1543640400,236678,47
1546318800,240831,48
1548997200,245799,49
1551416400,250751,50
1554091200,256450,51
1556683200,261698,52
1559361600,267026,53
1561953600,271951,54
1564632000,277174,55
1567310400,282242,56
1569902400,287386,57
1572580800,292402,58
1575176400,297438,59
1577854800,302430,60
1580533200,307570,61
1583038800,312233,62
1585713600,317807,63
1588305600,323379,64
1590984000,329177,65
1593576000,334487,66
1596254400,339969,67
1598932800,345298,68
1601524800,350757,69
1604203200,356643,70
1606798800,363260,71
