1441080000,148427,
1443672000,150372,
1446350400,152446,
1448946000,154636,
1451624400,157200,
1454302800,159720,
1456808400,162335,1
1459483200,165576,2
1462075200,168521,3
1464753600,171444,4
1467345600,174062,5
1470024000,177002,6
1472702400,180028,7
1475294400,183021,8
1477972800,186198,9
1480568400,189094,10
1483246800,192168,11
1485925200,195099,12
1488344400,198476,13
1491019200,202152,14
1493611200,205747,15
1496289600,209420,16
1498881600,213492,17
1501560000,217513,18
1504238400,221357,19
1506830400,224873,20
1509508800,229129,21
1512104400,233156,22
1514782800,237240,23
1517461200,241963,24
1519880400,245989,25
1522555200,250580,26
1525147200,254999,27
1527825600,259525,28
1530417600,264233,29
1533096000,269229,30
1535774400,273919,31
1538366400,278569,32
1541044800,283148,33
1543640400,288335,34
1546318800,292451,35
1548997200,297400,36
1551416400,302323,37
1554091200,307982,38
1556683200,313207,39
1559361600,318510,40
1561953600,323413,41
1564632000,328618,42
1567310400,333652,43
1569902400,338778,44
1572580800,343771,45
1575176400,348776,46
1577854800,353753,47
1580533200,358865,48
1583038800,363518,49
1585713600,369086,50
1588305600,374639,51
1590984000,380425,52
1593576000,385724,53
1596254400,391191,54
1598932800,396500,55
1601524800,401938,56
1604203200,407802,57
1606798800,414406,58
