1522555200,549402,
1525147200,552552,
1527825600,556087,
1530417600,559990,
1533096000,564047,
1535774400,568016,
1538366400,572015,1
1541044800,576003,2
1543640400,580614,3
1546318800,584228,4
1548997200,588688,5
1551416400,593145,6
1554091200,598407,7
1556683200,603272,8
1559361600,608190,9
1561953600,612849,10
1564632000,617686,11
1567310400,622407,12
1569902400,627262,13
1572580800,632029,14
1575176400,636811,15
1577854800,641566,16
1580533200,646470,17
1583038800,650940,18
1585713600,656303,19
1588305600,661680,20
1590984000,667296,21
1593576000,672382,22
1596254400,677657,23
1598932800,682792,24
1601524800,688059,25
1604203200,693788,26
1606798800,700250,27
