1517461200,505522,
1519880400,508705,
1522555200,512421,
1525147200,516061,
1527825600,519905,
1530417600,524034,
1533096000,135532,0
1535774400,141907,0
1538366400,145286,0
1541044800,148705,0
1543640400,152433,0
1546318800,167544,0
1548997200,171520,0
1551416400,175396,0
1554091200,179930,0
1556683200,184212,0
1559361600,188552,1
1561953600,192558,2
1564632000,196600,3
1567310400,200665,4
1569902400,204775,5
1572580800,208706,6
1575176400,212560,7
1577854800,216545,8
1580533200,220637,9
1583038800,224394,10
1585713600,228662,11
1588305600,233284,12
1590984000,237892,13
1593576000,241784,14
1596254400,246011,15
1598932800,250140,16
1601524800,254061,17
1604203200,258899,18
1606798800,264391,19
