1517461200,505374,
1519880400,508556,
1522555200,512274,
1525147200,515916,
1527825600,519760,
1530417600,523889,
1533096000,528167,1
1535774400,532289,2
1538366400,536475,3
1541044800,540573,4
1543640400,545295,5
1546318800,548992,6
1548997200,553547,7
1551416400,558090,8
1554091200,563430,9
1556683200,568357,10
1559361600,573330,11
1561953600,578040,12
1564632000,582957,13
1567310400,587730,14
1569902400,592636,15
1572580800,597443,16
1575176400,602266,17
1577854800,607059,18
1580533200,611993,19
1583038800,616494,20
1585713600,621886,21
1588305600,627280,22
1590984000,632912,23
1593576000,638032,24
1596254400,643328,25
1598932800,648500,26
1601524800,653789,27
1604203200,659535,28
1606798800,666015,29
