1504238400,438129,
1506830400,440569,
1509508800,443741,
1512104400,447010,
1514782800,450383,
1517461200,454324,
1519880400,457861,1
1522555200,461896,2
1525147200,465780,3
1527825600,469825,4
1530417600,474129,5
1533096000,478591,6
1535774400,482858,7
1538366400,487222,8
1541044800,491448,9
1543640400,496234,10
1546318800,500039,11
1548997200,504705,12
1551416400,509329,13
1554091200,514764,14
1556683200,519770,15
1559361600,524838,16
1561953600,529616,17
1564632000,534635,18
1567310400,539479,19
1569902400,544444,20
1572580800,549312,21
1575176400,554171,22
1577854800,559006,23
1580533200,563982,24
1583038800,568531,25
1585713600,573965,26
1588305600,579397,27
1590984000,585068,28
1593576000,590227,29
1596254400,595573,30
1598932800,600772,31
1601524800,606102,32
1604203200,611871,33
1606798800,618385,34
