1512104400,482874,
1514782800,485669,
1517461200,489244,
1519880400,492547,
1522555200,496364,
1525147200,500109,
1527825600,504028,1
1530417600,508218,2
1533096000,512567,3
1535774400,516746,4
1538366400,520983,5
1541044800,525141,6
1543640400,106343,0
1546318800,93773,0
1548997200,96026,0
1551416400,98115,0
1554091200,100547,0
1556683200,102713,0
1559361600,105192,1
1561953600,107229,2
1564632000,109381,3
1567310400,122397,0
1569902400,124910,0
1572580800,582321,0
1575176400,246785,0
1577854800,251424,0
1580533200,256275,0
1583038800,260722,0
1585713600,265938,0
1588305600,271243,1
1590984000,276797,2
1593576000,281694,3
1596254400,286817,4
1598932800,291749,5
1601524800,272660,0
1604203200,277820,0
1606798800,283606,0
