1533096000,612213,
1535774400,615711,
1538366400,619447,
1541044800,623274,
1543640400,627689,
1546318800,631170,
1548997200,635481,1
1551416400,639757,2
1554091200,644896,3
1556683200,649622,4
1559361600,654442,5
1561953600,659016,6
1564632000,663766,7
1567310400,668398,8
1569902400,673165,9
1572580800,677839,10
1575176400,682530,11
1577854800,687227,12
1580533200,692068,13
1583038800,696495,14
1585713600,701804,15
1588305600,707112,16
1590984000,712675,17
1593576000,717726,18
1596254400,722968,19
1598932800,728078,20
1601524800,733314,21
1604203200,739005,22
1606798800,745422,23
