1501560000,421138,
1504238400,423941,
1506830400,426684,
1509508800,430035,
1512104400,433415,
1514782800,436864,
1517461200,440886,1
1519880400,444465,2
1522555200,448581,3
1525147200,452531,4
1527825600,456637,5
1530417600,460985,6
1533096000,465495,7
1535774400,469792,8
1538366400,474200,9
1541044800,478473,10
1543640400,483301,11
1546318800,487132,12
1548997200,491839,13
1551416400,496487,14
1554091200,501935,15
1556683200,199593,0
1559361600,205360,0
1561953600,209613,0
1564632000,214237,0
1567310400,218853,0
1569902400,223511,1
1572580800,227880,2
1575176400,232231,3
1577854800,236548,4
1580533200,241039,5
1583038800,245152,6
1585713600,249917,7
1588305600,254876,8
1590984000,260033,9
1593576000,264473,10
1596254400,269237,11
1598932800,273759,12
1601524800,278194,13
1604203200,134937,0
1606798800,137830,0
