1543640400,691686,
1546318800,694835,
1548997200,698771,
1551416400,702709,
1554091200,707503,
1556683200,712017,
1559361600,716609,1
1561953600,720978,2
1564632000,725535,3
1567310400,730005,4
1569902400,734657,5
1572580800,739196,6
1575176400,743820,7
1577854800,748424,8
1580533200,753168,9
1583038800,757497,10
1585713600,762725,11
1588305600,767936,12
1590984000,773395,13
1593576000,778365,14
1596254400,783545,15
1598932800,788599,16
1601524800,793779,17
1604203200,799420,18
1606798800,805789,19
