1501560000,423260,
1504238400,425944,
1506830400,428675,
1509508800,432012,
1512104400,435379,
1514782800,438821,
1517461200,442834,1
1519880400,446406,2
1522555200,450512,3
1525147200,454445,4
1527825600,458543,5
1530417600,462886,6
1533096000,467389,7
1535774400,471683,8
1538366400,476067,9
1541044800,480333,10
1543640400,485159,11
1546318800,488991,12
1548997200,493695,13
1551416400,498338,14
1554091200,503787,15
1556683200,508814,16
1559361600,513908,17
1561953600,518692,18
1564632000,523724,19
1567310400,528580,20
1569902400,533560,21
1572580800,538415,22
1575176400,543286,23
1577854800,548129,24
1580533200,553118,25
1583038800,557674,26
1585713600,563118,27
1588305600,568549,28
1590984000,574224,29
1593576000,579394,30
1596254400,584750,31
1598932800,589954,32
1601524800,595295,33
1604203200,601076,34
1606798800,607596,35
