1483246800,320392,
1485925200,322614,
1488344400,325342,
1491019200,328431,
1493611200,331506,
1496289600,334684,
1498881600,338313,1
1501560000,341883,2
1504238400,345394,3
1506830400,348588,4
1509508800,352469,5
1512104400,356218,6
1514782800,360002,7
1517461200,364387,8
1519880400,368201,9
1522555200,372583,10
1525147200,376757,11
1527825600,381077,12
1530417600,385618,13
1533096000,390343,14
1535774400,394841,15
1538366400,399351,16
1541044800,403769,17
1543640400,408771,18
1546318800,412765,19
1548997200,417595,20
1551416400,422368,21
1554091200,427922,22
1556683200,433065,23
1559361600,438261,24
1561953600,443094,25
1564632000,448211,26
1567310400,453146,27
1569902400,458199,28
1572580800,463129,29
1575176400,468075,30
1577854800,472991,31
1580533200,478035,32
1583038800,482640,33
1585713600,488143,34
1588305600,493633,35
1590984000,499352,36
1593576000,504583,37
1596254400,509991,38
1598932800,515233,39
1601524800,520617,40
1604203200,526444,41
1606798800,532995,42
