1462075200,229086,
1464753600,231439,
1467345600,233597,
1470024000,236246,
1472702400,238930,
1475294400,241641,
1477972800,244544,1
1480568400,247212,2
1483246800,250088,3
1485925200,252903,4
1488344400,256084,5
1491019200,259582,6
1493611200,263003,7
1496289600,266497,8
1498881600,270403,9
1501560000,274274,10
1504238400,277978,11
1506830400,281386,12
1509508800,285495,13
1512104400,289417,14
1514782800,293392,15
1517461200,297999,16
1519880400,301948,17
1522555200,306466,18
1525147200,310816,19
1527825600,315272,20
1530417600,319903,21
1533096000,324827,22
1535774400,329446,23
1538366400,334056,24
1541044800,338563,25
1543640400,343682,26
1546318800,347753,27
1548997200,352658,28
1551416400,357545,29
1554091200,363161,30
1556683200,368356,31
1559361600,373625,32
1561953600,378506,33
1564632000,383676,34
1567310400,388674,35
1569902400,393761,36
1572580800,398739,37
1575176400,403726,38
1577854800,408684,39
1580533200,413773,40
1583038800,418411,41
1585713600,423944,42
1588305600,429477,43
1590984000,435227,44
1593576000,440498,45
1596254400,445939,46
1598932800,451221,47
1601524800,456636,48
1604203200,462491,49
1606798800,469077,50
