1533096000,616730,
1535774400,620122,
1538366400,623816,
1541044800,627631,
1543640400,632020,
1546318800,635483,
1548997200,639780,1
1551416400,644045,2
1554091200,649164,3
1556683200,653875,4
1559361600,658687,5
1561953600,663236,6
1564632000,667962,7
1567310400,672584,8
1569902400,677349,9
1572580800,682015,10
1575176400,686700,11
1577854800,691389,12
1580533200,696223,13
1583038800,700644,14
1585713600,705950,15
1588305600,711254,16
1590984000,716815,17
1593576000,721859,18
1596254400,727093,19
1598932800,732198,20
1601524800,737432,21
1604203200,743121,22
1606798800,749533,23
