1448946000,176190,
1451624400,178337,
1454302800,180589,
1456808400,182967,
1459483200,186038,
1462075200,188849,
1464753600,191650,1
1467345600,194156,2
1470024000,197021,3
1472702400,199936,4
1475294400,202842,5
1477972800,205933,6
1480568400,208763,7
1483246800,211784,8
1485925200,214667,9
1488344400,217988,10
1491019200,221608,11
1493611200,225138,12
1496289600,228766,13
1498881600,232795,14
1501560000,236768,15
1504238400,240574,16
1506830400,244059,17
1509508800,248259,18
1512104400,252258,19
1514782800,256304,20
1517461200,261003,21
1519880400,264998,22
1522555200,269572,23
1525147200,273971,24
1527825600,278472,25
1530417600,283159,26
1533096000,288132,27
1535774400,292800,28
1538366400,297436,29
1541044800,301990,30
1543640400,307158,31
1546318800,311255,32
1548997200,316186,33
1551416400,321101,34
1554091200,326741,35
1556683200,331952,36
1559361600,337246,37
1561953600,342146,38
1564632000,347335,39
1567310400,352354,40
1569902400,357470,41
1572580800,362458,42
1575176400,367457,43
1577854800,372426,44
1580533200,377533,45
1583038800,382183,46
1585713600,387738,47
1588305600,393289,48
1590984000,399064,49
1593576000,404356,50
1596254400,409818,51
1598932800,415118,52
1601524800,420550,53
1604203200,426409,54
1606798800,433007,55
