1506830400,441836,
1509508800,444997,
1512104400,448248,
1514782800,451608,
1517461200,455543,
1519880400,459078,
1522555200,463103,1
1525147200,466979,2
1527825600,471023,3
1530417600,475327,4
1533096000,479783,5
1535774400,484048,6
1538366400,488408,7
1541044800,492632,8
1543640400,497416,9
1546318800,501220,10
1548997200,505883,11
1551416400,510508,12
1554091200,515941,13
1556683200,520946,14
1559361600,526009,15
1561953600,530786,16
1564632000,535806,17
1567310400,540643,18
1569902400,545607,19
1572580800,550473,20
1575176400,555331,21
1577854800,560165,22
1580533200,565141,23
1583038800,569689,24
1585713600,575121,25
1588305600,580554,26
1590984000,586221,27
1593576000,591380,28
1596254400,596726,29
1598932800,601924,30
1601524800,607254,31
1604203200,613022,32
1606798800,619536,33
