1472702400,275110,
1475294400,277344,
1477972800,279816,
1480568400,282190,
1483246800,284810,
1485925200,287442,
1488344400,290485,1
1491019200,293817,2
1493611200,297101,3
1496289600,300443,4
1498881600,304235,5
1501560000,307960,6
1504238400,311575,7
1506830400,314884,8
1509508800,318895,9
1512104400,322746,10
1514782800,326633,11
1517461200,331154,12
1519880400,335051,13
1522555200,339511,14
1525147200,343780,15
1527825600,348165,16
1530417600,352745,17
1533096000,357557,18
1535774400,362116,19
1538366400,366681,20
1541044800,371140,21
1543640400,376203,22
1546318800,380238,23
1548997200,385110,24
1551416400,389925,25
1554091200,395511,26
1556683200,400678,27
1559361600,405918,28
1561953600,410769,29
1564632000,415912,30
1567310400,420882,31
1569902400,425955,32
1572580800,430909,33
1575176400,435876,34
1577854800,440803,35
1580533200,445872,36
1583038800,450493,37
1585713600,456015,38
1588305600,461530,39
1590984000,467271,40
1593576000,472520,41
1596254400,477945,42
1598932800,483208,43
1601524800,488608,44
1604203200,494452,45
1606798800,501026,46
