1454302800,194260,
1456808400,196338,
1459483200,199206,
1462075200,201850,
1464753600,204532,
1467345600,206929,
1470024000,209712,1
1472702400,212576,2
1475294400,215425,3
1477972800,218461,4
1480568400,221244,5
1483246800,224217,6
1485925200,227049,7
1488344400,230324,8
1491019200,233903,9
1493611200,237388,10
1496289600,240974,11
1498881600,244973,12
1501560000,248913,13
1504238400,252687,14
1506830400,256153,15
1509508800,260316,16
1512104400,264294,17
1514782800,268316,18
1517461200,272998,19
1519880400,276975,20
1522555200,281531,21
1525147200,285910,22
1527825600,290401,23
1530417600,295066,24
1533096000,300024,25
1535774400,304674,26
1538366400,309309,27
1541044800,313843,28
1543640400,318998,29
1546318800,323076,30
1548997200,327996,31
1551416400,332904,32
1554091200,338539,33
1556683200,343744,34
1559361600,349037,35
1561953600,353933,36
1564632000,359117,37
1567310400,364128,38
1569902400,369233,39
1572580800,374214,40
1575176400,379203,41
1577854800,384167,42
1580533200,389263,43
1583038800,393912,44
1585713600,399463,45
1588305600,405010,46
1590984000,410781,47
1593576000,416067,48
1596254400,421520,49
1598932800,426814,50
1601524800,432241,51
1604203200,438097,52
1606798800,444690,53
