1504238400,428153,
1506830400,430837,
1509508800,434151,
1512104400,437503,
1514782800,440932,
1517461200,444941,
1519880400,448515,1
1522555200,452607,2
1525147200,456541,3
1527825600,460630,4
1530417600,464965,5
1533096000,469465,6
1535774400,473752,7
1538366400,478133,8
1541044800,482391,9
1543640400,487206,10
1546318800,491031,11
1548997200,495732,12
1551416400,500370,13
1554091200,505815,14
1556683200,510839,15
1559361600,515929,16
1561953600,520711,17
1564632000,525741,18
1567310400,530592,19
1569902400,535569,20
1572580800,540423,21
1575176400,545289,22
1577854800,550131,23
1580533200,555116,24
1583038800,559671,25
1585713600,565114,26
1588305600,570545,27
1590984000,576222,28
1593576000,581391,29
1596254400,586745,30
1598932800,591950,31
1601524800,597287,32
1604203200,603066,33
1606798800,609585,34
