1409544000,23293,
1412136000,24628,
1414814400,26033,
1417410000,27665,
1420088400,29019,
1422766800,30668,
1425186000,32204,1
1427860800,33838,2
1430452800,35482,3
1433131200,37279,4
1435723200,39085,5
1438401600,23236,0
1441080000,24352,0
1443672000,25441,0
1446350400,26571,0
1448946000,28436,0
1451624400,29760,1
1454302800,24395,0
1456808400,25389,0
1459483200,17284,0
1462075200,18460,0
1464753600,19373,0
1467345600,19187,0
1470024000,19851,0
1472702400,20633,0
1475294400,20901,0
1477972800,21391,0
1480568400,21546,1
1483246800,22201,2
1485925200,19769,0
1488344400,18135,0
1491019200,18821,0
1493611200,16230,0
1496289600,16506,0
1498881600,16940,0
1501560000,17180,0
1504238400,17401,0
1506830400,17805,1
1509508800,18038,2
1512104400,18505,3
1514782800,18936,4
1517461200,18552,0
1519880400,18835,0
1522555200,19320,0
1525147200,19407,0
1527825600,19826,0
1530417600,20225,1
1533096000,20711,2
1535774400,22352,0
1538366400,22256,0
1541044800,22563,0
1543640400,21395,0
1546318800,21345,0
1548997200,21396,0
1551416400,21858,0
1554091200,22274,0
1556683200,22762,0
1559361600,22340,0
1561953600,22705,0
1564632000,22892,0
1567310400,23126,0
1569902400,23321,0
1572580800,23902,1
1575176400,24376,0
1577854800,23459,0
1580533200,23209,0
1583038800,22739,0
1585713600,23117,0
1588305600,23100,0
1590984000,23970,0
1593576000,24328,0
1596254400,24213,0
1598932800,23792,0
1601524800,23865,0
1604203200,24234,0
1606798800,24323,0
