1462075200,233380,
1464753600,235561,
1467345600,237672,
1470024000,240273,
1472702400,242907,
1475294400,245574,
1477972800,248451,1
1480568400,251092,2
1483246800,253950,3
1485925200,256755,4
1488344400,259927,5
1491019200,263413,6
1493611200,266826,7
1496289600,270309,8
1498881600,274202,9
1501560000,278063,10
1504238400,281757,11
1506830400,285149,12
1509508800,289253,13
1512104400,293163,14
1514782800,297131,15
1517461200,301726,16
1519880400,305668,17
1522555200,310185,18
1525147200,314527,19
1527825600,318977,20
1530417600,323605,21
1533096000,328519,22
1535774400,333134,23
1538366400,337738,24
1541044800,342242,25
1543640400,347359,26
1546318800,351427,27
1548997200,356329,28
1551416400,361210,29
1554091200,366823,30
1556683200,372013,31
1559361600,377275,32
1561953600,382150,33
1564632000,387315,34
1567310400,392309,35
1569902400,397395,36
1572580800,402372,37
1575176400,407356,38
1577854800,412310,39
1580533200,417399,40
1583038800,422035,41
1585713600,427567,42
1588305600,433101,43
1590984000,438850,44
1593576000,444120,45
1596254400,449558,46
1598932800,454834,47
1601524800,460246,48
1604203200,466097,49
1606798800,472681,50
