1443672000,13133,
1446350400,13702,
1448946000,14292,
1451624400,12005,
1454302800,12524,
1456808400,12967,
1459483200,13494,0
1462075200,13911,0
1464753600,14462,1
1467345600,14980,2
1470024000,15480,3
1472702400,15975,4
1475294400,16503,5
1477972800,15917,0
1480568400,16697,0
1483246800,17140,0
1485925200,17622,0
1488344400,18203,0
1491019200,20513,0
1493611200,21155,0
1496289600,21744,0
1498881600,22006,0
1501560000,22651,0
1504238400,23731,1
1506830400,24281,2
1509508800,25030,3
1512104400,25684,4
1514782800,26376,5
1517461200,27119,6
1519880400,27191,7
1522555200,26534,0
1525147200,27189,0
1527825600,27670,0
1530417600,28374,0
1533096000,28737,0
1535774400,27338,0
1538366400,27884,0
1541044800,28326,0
1543640400,26971,0
1546318800,27086,0
1548997200,26869,0
1551416400,27225,0
1554091200,27406,0
1556683200,27858,0
1559361600,28606,0
1561953600,29184,1
1564632000,29768,2
1567310400,30093,3
1569902400,30782,4
1572580800,31404,5
1575176400,30831,0
1577854800,31435,0
1580533200,31783,0
1583038800,30013,0
1585713600,30002,0
1588305600,30327,0
1590984000,30305,0
1593576000,30108,0
1596254400,30169,0
1598932800,30053,0
1601524800,30317,0
1604203200,34748,0
1606798800,34717,0
