1527825600,571386,
1530417600,575127,
1533096000,579049,
1535774400,582921,
1538366400,586846,
1541044800,590840,
1543640400,595388,1
1546318800,598950,2
1548997200,603373,3
1551416400,607790,4
1554091200,613014,5
1556683200,617836,6
1559361600,622725,7
1561953600,627360,8
1564632000,632174,9
1567310400,636863,10
1569902400,641688,11
1572580800,646416,12
1575176400,651167,13
1577854800,655907,14
1580533200,660786,15
1583038800,665240,16
1585713600,670575,17
1588305600,675918,18
1590984000,681520,19
1593576000,686599,20
1596254400,691867,21
1598932800,696993,22
1601524800,702250,23
1604203200,707965,24
1606798800,714416,25
