1512104400,477400,
1514782800,480401,
1517461200,484047,
1519880400,487372,
1522555200,491220,
1525147200,494997,
1527825600,498959,1
1530417600,503166,2
1533096000,507531,3
1535774400,511723,4
1538366400,515978,5
1541044800,520152,6
1543640400,524886,7
1546318800,528631,8
1548997200,533244,9
1551416400,537826,10
1554091200,543213,11
1556683200,548165,12
1559361600,553174,13
1561953600,557905,14
1564632000,562863,15
1567310400,567666,16
1569902400,572588,17
1572580800,577430,18
1575176400,582276,19
1577854800,587087,20
1580533200,592043,21
1583038800,596568,22
1585713600,601976,23
1588305600,607384,24
1590984000,613027,25
1593576000,618159,26
1596254400,623476,27
1598932800,628659,28
1601524800,633967,29
1604203200,639723,30
1606798800,646222,31
