1422766800,101578,
1425186000,102765,
1427860800,104135,
1430452800,105640,
1433131200,107389,
1435723200,109155,
1438401600,111346,1
1441080000,113602,2
1443672000,115980,3
1446350400,118388,4
1448946000,120926,5
1451624400,123785,6
1454302800,126556,7
1456808400,129354,8
1459483200,132790,9
1462075200,135892,10
1464753600,139011,11
1467345600,141761,12
1470024000,144842,13
1472702400,148029,14
1475294400,151136,15
1477972800,154409,16
1480568400,157397,17
1483246800,160564,18
1485925200,163583,19
1488344400,167043,20
1491019200,170818,21
1493611200,174483,22
1496289600,178237,23
1498881600,182379,24
1501560000,186453,25
1504238400,190367,26
1506830400,193934,27
1509508800,198282,28
1512104400,202361,29
1514782800,206497,30
1517461200,211277,31
1519880400,215335,32
1522555200,219966,33
1525147200,224417,34
1527825600,228978,35
1530417600,233729,36
1533096000,238763,37
1535774400,243488,38
1538366400,248170,39
1541044800,252780,40
1543640400,257994,41
1546318800,262131,42
1548997200,267095,43
1551416400,272037,44
1554091200,277724,45
1556683200,282968,46
1559361600,288289,47
1561953600,293198,48
1564632000,298415,49
1567310400,303471,50
1569902400,308606,51
1572580800,313612,52
1575176400,318636,53
1577854800,323624,54
1580533200,328755,55
1583038800,333413,56
1585713600,338989,57
1588305600,344555,58
1590984000,350350,59
1593576000,355654,60
1596254400,361130,61
1598932800,366452,62
1601524800,371903,63
1604203200,377781,64
1606798800,384397,65
