1517461200,504446,
1519880400,507640,
1522555200,511367,
1525147200,515009,
1527825600,518858,
1530417600,522991,
1533096000,527269,1
1535774400,531394,2
1538366400,535584,3
1541044800,539684,4
1543640400,544403,5
1546318800,548102,6
1548997200,552657,7
1551416400,557202,8
1554091200,562543,9
1556683200,567470,10
1559361600,572444,11
1561953600,577157,12
1564632000,582074,13
1567310400,586849,14
1569902400,591756,15
1572580800,596569,16
1575176400,601391,17
1577854800,606184,18
1580533200,611118,19
1583038800,615622,20
1585713600,621014,21
1588305600,626408,22
1590984000,632040,23
1593576000,637160,24
1596254400,642456,25
1598932800,647628,26
1601524800,652918,27
1604203200,658666,28
1606798800,665147,29
