1556683200,64673,
1559361600,44907,
1561953600,45744,
1564632000,44345,
1567310400,43658,
1569902400,19725,
1572580800,17702,
1575176400,15166,
1577854800,13631,
1580533200,12712,
1583038800,12445,
1585713600,12608,
1588305600,12682,
1590984000,12662,
1593576000,12324,
1596254400,12517,
1598932800,12011,
1601524800,11862,
1604203200,11902,
1606798800,11906,
1609477200,11778,
1612155600,11639,
1614574800,11680,
1617249600,11812,
1619841600,11818,
1622520000,11381,
1625112000,11254,
1627790400,10670,
