1438401600,30301,
1441080000,31697,
1443672000,33069,
1446350400,34504,
1448946000,36025,
1451624400,37673,
1454302800,39194,1
1456808400,40708,2
1459483200,42473,3
1462075200,44241,4
1464753600,45982,5
1467345600,47571,6
1470024000,49224,7
1472702400,50937,8
1475294400,52505,9
1477972800,54289,10
1480568400,55942,11
1483246800,57538,12
1485925200,59234,13
1488344400,61061,14
1491019200,63160,15
1493611200,65047,16
1496289600,67012,17
1498881600,69050,18
1501560000,71164,19
1504238400,73171,20
1506830400,75005,21
1509508800,77206,22
1512104400,79291,23
1514782800,81282,24
1517461200,83746,25
1519880400,85927,26
1522555200,88284,27
1525147200,90598,28
1527825600,92958,29
1530417600,95401,30
1533096000,97683,31
1535774400,105452,0
1538366400,107849,1
1541044800,110328,2
1543640400,113203,3
1546318800,115541,0
1548997200,118257,1
1551416400,120859,2
1554091200,123840,3
1556683200,126593,4
1559361600,129597,5
1561953600,132158,6
1564632000,134874,7
1567310400,137563,8
1569902400,140345,9
1572580800,142992,10
1575176400,145614,11
1577854800,148311,12
1580533200,150991,13
1583038800,153430,14
1585713600,156291,15
1588305600,159267,16
1590984000,162244,17
1593576000,164860,18
1596254400,167593,19
1598932800,170387,20
1601524800,173147,21
1604203200,176545,22
1606798800,180728,23
