1425186000,109374,
1427860800,110539,
1430452800,111947,
1433131200,113604,
1435723200,115287,
1438401600,117414,
1441080000,119611,1
1443672000,121909,2
1446350400,124263,3
1448946000,126771,4
1451624400,129590,5
1454302800,132314,6
1456808400,135077,7
1459483200,138489,8
1462075200,141575,9
1464753600,144662,10
1467345600,147398,11
1470024000,150458,12
1472702400,153611,13
1475294400,156708,14
1477972800,159970,15
1480568400,162936,16
1483246800,166082,17
1485925200,169080,18
1488344400,172527,19
1491019200,176294,20
1493611200,179946,21
1496289600,183681,22
1498881600,187804,23
1501560000,191863,24
1504238400,195760,25
1506830400,199320,26
1509508800,203652,27
1512104400,207723,28
1514782800,211855,29
1517461200,216628,30
1519880400,220680,31
1522555200,225308,32
1525147200,229743,33
1527825600,234296,34
1530417600,239033,35
1533096000,244064,36
1535774400,248784,37
1538366400,253457,38
1541044800,258063,39
1543640400,263276,40
1546318800,267411,41
1548997200,272369,42
1551416400,277311,43
1554091200,282994,44
1556683200,288234,45
1559361600,293552,46
1561953600,298454,47
1564632000,303668,48
1567310400,308717,49
1569902400,313848,50
1572580800,318851,51
1575176400,323867,52
1577854800,328853,53
1580533200,333979,54
1583038800,338637,55
1585713600,344210,56
1588305600,349772,57
1590984000,355565,58
1593576000,360870,59
1596254400,366345,60
1598932800,371665,61
1601524800,377115,62
1604203200,382991,63
1606798800,389603,64
