1420088400,96484,
1422766800,23032,
1425186000,18262,
1427860800,18952,
1430452800,19787,
1433131200,20711,
1435723200,21547,0
1438401600,22514,1
1441080000,23608,2
1443672000,24613,3
1446350400,25063,4
1448946000,26208,5
1451624400,27437,6
1454302800,29138,7
1456808400,29628,8
1459483200,30877,9
1462075200,32353,10
1464753600,33608,11
1467345600,34721,12
1470024000,32684,0
1472702400,33957,0
1475294400,34986,0
1477972800,36086,0
1480568400,37252,0
1483246800,38390,1
1485925200,39490,2
1488344400,40732,3
1491019200,42229,4
1493611200,42549,5
1496289600,43832,6
1498881600,45244,7
1501560000,46627,8
1504238400,47990,9
1506830400,49217,10
1509508800,50646,11
1512104400,52011,12
1514782800,53428,13
1517461200,55037,14
1519880400,56426,15
1522555200,58010,16
1525147200,59621,17
1527825600,61271,18
1530417600,62751,19
1533096000,64266,20
1535774400,67629,21
1538366400,69150,22
1541044800,70689,23
1543640400,72538,24
1546318800,74080,25
1548997200,75809,26
1551416400,77578,27
1554091200,79424,28
1556683200,81269,29
1559361600,83220,30
1561953600,84826,31
1564632000,86487,32
1567310400,88126,33
1569902400,89927,34
1572580800,91587,35
1575176400,93348,36
1577854800,95166,37
1580533200,96822,38
1583038800,98472,39
1585713600,100300,40
1588305600,105481,0
1590984000,107570,1
1593576000,109304,2
1596254400,111078,3
1598932800,112909,0
1601524800,114713,1
1604203200,117398,2
1606798800,120649,3
