1357016400,14291,
1359694800,14736,
1362114000,15157,
1364788800,15817,
1367380800,16439,
1370059200,17025,
1372651200,17752,1
1375329600,18479,2
1378008000,19139,3
1380600000,20010,4
1383278400,20786,5
1385874000,21710,6
1388552400,22704,7
1391230800,23844,8
1393650000,24874,9
1396324800,26202,10
1398916800,27445,11
1401595200,28860,12
1404187200,30263,13
1406865600,31629,14
1409544000,33288,15
1412136000,34839,16
1414814400,36484,17
1417410000,38137,18
1420088400,39668,19
1422766800,41528,20
1425186000,43282,21
1427860800,45146,22
1430452800,46993,23
1433131200,49152,24
1435723200,51222,25
1438401600,53733,26
1441080000,56269,27
1443672000,58947,28
1446350400,61603,29
1448946000,64417,30
1451624400,67483,31
1454302800,70453,32
1456808400,73451,33
1459483200,76996,34
1462075200,80291,35
1464753600,83562,36
1467345600,86439,37
1470024000,89666,38
1472702400,93005,39
1475294400,96245,40
1477972800,99632,41
1480568400,102734,42
1483246800,105992,43
1485925200,109088,44
1488344400,112648,45
1491019200,116517,46
1493611200,120257,47
1496289600,124080,48
1498881600,128298,49
1501560000,132455,50
1504238400,136457,51
1506830400,140079,52
1509508800,144548,53
1512104400,148688,54
1514782800,152877,55
1517461200,157703,56
1519880400,161809,57
1522555200,166465,58
1525147200,170969,59
1527825600,175568,60
1530417600,180360,61
1533096000,185436,62
1535774400,190208,63
1538366400,194914,64
1541044800,199556,65
1543640400,204791,66
1546318800,208954,67
1548997200,213940,68
1551416400,218903,69
1554091200,224617,70
1556683200,229871,71
1559361600,235210,72
1561953600,240147,73
1564632000,245386,74
1567310400,250465,75
1569902400,255611,76
1572580800,260639,77
1575176400,265684,78
1577854800,270695,79
1580533200,275844,80
1583038800,280513,81
1585713600,286089,82
1588305600,291674,83
1590984000,297477,84
1593576000,302794,85
1596254400,308285,86
1598932800,313618,87
1601524800,319085,88
1604203200,324982,89
1606798800,331607,90
