1559361600,132591,
1561953600,135180,
1564632000,137956,
1567310400,140726,
1569902400,143628,
1572580800,146351,
1575176400,148976,1
1577854800,151723,2
1580533200,154477,3
1583038800,156890,4
1585713600,159798,5
1588305600,162806,6
1590984000,165804,7
1593576000,168480,8
1596254400,171136,9
1598932800,173932,10
1601524800,176660,11
1604203200,179186,12
1606798800,181610,13
1609477200,184272,14
1612155600,187266,15
1614574800,189900,16
1617249600,194775,17
1619841600,198635,18
1622520000,202129,19
1625112000,208187,20
