1372651200,25730,
1375329600,26318,
1378008000,26888,
1380600000,27666,
1383278400,28359,
1385874000,29206,
1388552400,30123,1
1391230800,31201,2
1393650000,32169,3
1396324800,33400,4
1398916800,34594,5
1401595200,35956,6
1404187200,37321,7
1406865600,38645,8
1409544000,40255,9
1412136000,41777,10
1414814400,43396,11
1417410000,45023,12
1420088400,46522,13
1422766800,48350,14
1425186000,50076,15
1427860800,51922,16
1430452800,53760,17
1433131200,55903,18
1435723200,57948,19
1438401600,60440,20
1441080000,62958,21
1443672000,65619,22
1446350400,68248,23
1448946000,71043,24
1451624400,74097,25
1454302800,77046,26
1456808400,80024,27
1459483200,83577,28
1462075200,86861,29
1464753600,90119,30
1467345600,92991,31
1470024000,96207,32
1472702400,99534,33
1475294400,102767,34
1477972800,106148,35
1480568400,109246,36
1483246800,112494,37
1485925200,115587,38
1488344400,119133,39
1491019200,123000,40
1493611200,126731,41
1496289600,130545,42
1498881600,134759,43
1501560000,138909,44
1504238400,142900,45
1506830400,146512,46
1509508800,150959,47
1512104400,155089,48
1514782800,159265,49
1517461200,164093,50
1519880400,168188,51
1522555200,172839,52
1525147200,177334,53
1527825600,181928,54
1530417600,186715,55
1533096000,191787,56
1535774400,196552,57
1538366400,201254,58
1541044800,205896,59
1543640400,211135,60
1546318800,215293,61
1548997200,220279,62
1551416400,225241,63
1554091200,230948,64
1556683200,236198,65
1559361600,241533,66
1561953600,246465,67
1564632000,251700,68
1567310400,256779,69
1569902400,261928,70
1572580800,266955,71
1575176400,271996,72
1577854800,277006,73
1580533200,282153,74
1583038800,286819,75
1585713600,292391,76
1588305600,297974,77
1590984000,303773,78
1593576000,309089,79
1596254400,314578,80
1598932800,319911,81
1601524800,325377,82
1604203200,331272,83
1606798800,337896,84
