1491019200,363059,
1493611200,365620,
1496289600,368487,
1498881600,371849,
1501560000,375174,
1504238400,378505,
1506830400,381570,1
1509508800,385272,2
1512104400,388888,3
1514782800,392541,4
1517461200,396807,5
1519880400,400540,6
1522555200,404839,7
1525147200,408924,8
1527825600,413152,9
1530417600,417619,10
1533096000,422238,11
1535774400,426648,12
1538366400,431118,13
1541044800,435456,14
1543640400,440386,15
1546318800,444295,16
1548997200,449081,17
1551416400,453814,18
1554091200,459323,19
1556683200,464415,20
1559361600,469576,21
1561953600,474405,22
1564632000,479488,23
1567310400,484387,24
1569902400,489411,25
1572580800,494312,26
1575176400,499226,27
1577854800,504118,28
1580533200,509137,29
1583038800,513724,30
1585713600,519203,31
1588305600,524674,32
1590984000,530366,33
1593576000,535575,34
1596254400,540966,35
1598932800,546193,36
1601524800,551558,37
1604203200,557363,38
1606798800,563898,39
