1541044800,663859,
1543640400,667898,
1546318800,671352,
1548997200,675482,
1551416400,679586,
1554091200,684514,
1556683200,689123,1
1559361600,693835,2
1561953600,698278,3
1564632000,702903,4
1567310400,707460,5
1569902400,712148,6
1572580800,716739,7
1575176400,721406,8
1577854800,726038,9
1580533200,730816,10
1583038800,735180,11
1585713600,740431,12
1588305600,745673,13
1590984000,751166,14
1593576000,756171,15
1596254400,761360,16
1598932800,766434,17
1601524800,771640,18
1604203200,777303,19
1606798800,783685,20
