1530417600,602379,
1533096000,605808,
1535774400,609392,
1538366400,613185,
1541044800,617055,
1543640400,621482,
1546318800,624975,1
1548997200,629299,2
1551416400,633604,3
1554091200,638765,4
1556683200,643505,5
1559361600,648341,6
1561953600,652927,7
1564632000,657695,8
1567310400,662335,9
1569902400,667109,10
1572580800,671795,11
1575176400,676492,12
1577854800,681195,13
1580533200,686041,14
1583038800,690476,15
1585713600,695788,16
1588305600,701096,17
1590984000,706665,18
1593576000,711724,19
1596254400,716974,20
1598932800,722085,21
1601524800,727324,22
1604203200,733016,23
1606798800,739438,24
