1512104400,475308,
1514782800,126843,
1517461200,130804,
1519880400,134219,
1522555200,137957,
1525147200,141653,
1527825600,145351,1
1530417600,149357,2
1533096000,153235,3
1535774400,158732,4
1538366400,162455,5
1541044800,166358,6
1543640400,170700,7
1546318800,174226,8
1548997200,178427,9
1551416400,182564,10
1554091200,187185,11
1556683200,191694,12
1559361600,196275,13
1561953600,200375,14
1564632000,204691,15
1567310400,208893,16
1569902400,213259,17
1572580800,217369,18
1575176400,221451,19
1577854800,225564,20
1580533200,229862,21
1583038800,233742,22
1585713600,238287,23
1588305600,243041,24
1590984000,247904,25
1593576000,252094,26
1596254400,256519,27
1598932800,260847,28
1601524800,265004,29
1604203200,270067,30
1606798800,275724,31
