1427860800,114666,
1430452800,115944,
1433131200,117529,
1435723200,119166,
1438401600,121256,
1441080000,123417,
1443672000,125689,1
1446350400,128017,2
1448946000,130496,3
1451624400,133295,4
1454302800,135994,5
1456808400,138755,6
1459483200,142144,7
1462075200,145204,8
1464753600,148270,9
1467345600,151002,10
1470024000,154047,11
1472702400,157176,12
1475294400,160257,13
1477972800,163520,14
1480568400,166479,15
1483246800,169622,16
1485925200,172610,17
1488344400,176047,18
1491019200,179807,19
1493611200,183450,20
1496289600,187174,21
1498881600,191294,22
1501560000,195347,23
1504238400,199242,24
1506830400,202798,25
1509508800,207120,26
1512104400,211185,27
1514782800,215315,28
1517461200,220086,29
1519880400,224136,30
1522555200,228757,31
1525147200,233190,32
1527825600,237740,33
1530417600,242472,34
1533096000,247499,35
1535774400,252213,36
1538366400,256885,37
1541044800,261490,38
1543640400,266704,39
1546318800,270835,40
1548997200,275789,41
1551416400,280726,42
1554091200,286408,43
1556683200,291645,44
1559361600,296960,45
1561953600,301862,46
1564632000,307071,47
1567310400,312118,48
1569902400,317248,49
1572580800,322251,50
1575176400,327262,51
1577854800,332247,52
1580533200,337372,53
1583038800,342029,54
1585713600,347601,55
1588305600,353161,56
1590984000,358951,57
1593576000,364255,58
1596254400,369728,59
1598932800,375048,60
1601524800,380498,61
1604203200,386373,62
1606798800,392985,63
