1493611200,372563,
1496289600,375283,
1498881600,378565,
1501560000,381833,
1504238400,385131,
1506830400,388164,
1509508800,391831,1
1512104400,395419,2
1514782800,399046,3
1517461200,403268,4
1519880400,406987,5
1522555200,411261,6
1525147200,415327,7
1527825600,419545,8
1530417600,423999,9
1533096000,428606,10
1535774400,432999,11
1538366400,437459,12
1541044800,441791,13
1543640400,446710,14
1546318800,450605,15
1548997200,455386,16
1551416400,460105,17
1554091200,465605,18
1556683200,470689,19
1559361600,475839,20
1561953600,480659,21
1564632000,485730,22
1567310400,490624,23
1569902400,495645,24
1572580800,500542,25
1575176400,505453,26
1577854800,510340,27
1580533200,515357,28
1583038800,519943,29
1585713600,525417,30
1588305600,530881,31
1590984000,536573,32
1593576000,541774,33
1596254400,547156,34
1598932800,552383,35
1601524800,557740,36
1604203200,563543,37
1606798800,570077,38
