1475294400,14658,
1477972800,12124,
1480568400,12537,
1483246800,13223,
1485925200,13492,
1488344400,13909,
1491019200,14416,1
1493611200,14863,2
1496289600,15310,3
1498881600,15631,4
1501560000,16092,5
1504238400,16588,6
1506830400,16978,7
1509508800,17536,8
1512104400,17951,9
1514782800,18447,10
1517461200,18961,11
1519880400,19532,12
1522555200,20047,13
1525147200,20359,14
1527825600,20941,15
1530417600,21475,16
1533096000,22018,17
1535774400,23122,18
1538366400,23680,19
1541044800,24219,20
1543640400,24805,21
1546318800,25299,22
1548997200,25852,23
1551416400,26460,24
1554091200,27116,25
1556683200,27710,26
1559361600,28320,27
1561953600,28890,28
1564632000,29445,29
1567310400,30007,30
1569902400,30619,31
1572580800,31137,32
1575176400,31758,33
1577854800,32343,34
1580533200,32865,35
1583038800,33410,36
1585713600,34026,37
1588305600,34654,38
1590984000,35270,39
1593576000,35807,40
1596254400,36374,41
1598932800,36877,42
1601524800,37389,43
1604203200,37901,44
1606798800,38408,45
