1409544000,74745,
1412136000,75874,
1414814400,77178,
1417410000,78538,
1420088400,79829,
1422766800,81398,
1425186000,82930,1
1427860800,84560,2
1430452800,86250,3
1433131200,88186,4
1435723200,90098,5
1438401600,92431,6
1441080000,94820,7
1443672000,97340,8
1446350400,99831,9
1448946000,102506,10
1451624400,50792,0
1454302800,53087,0
1456808400,55349,0
1459483200,57922,0
1462075200,60411,0
1464753600,62915,1
1467345600,65176,2
1470024000,67595,3
1472702400,70139,4
1475294400,72449,5
1477972800,74955,6
1480568400,77269,7
1483246800,79637,8
1485925200,82006,9
1488344400,84718,10
1491019200,87713,11
1493611200,90494,12
1496289600,93374,13
1498881600,96345,14
1501560000,99340,15
1504238400,102195,16
1506830400,104801,17
1509508800,107816,18
1512104400,110807,19
1514782800,113830,20
1517461200,117302,21
1519880400,120284,22
1522555200,123534,23
1525147200,126806,24
1527825600,130033,25
1530417600,133618,26
1533096000,137086,27
1535774400,143360,28
1538366400,146800,29
1541044800,150292,30
1543640400,154118,31
1546318800,157327,32
1548997200,161066,33
1551416400,164754,34
1554091200,168944,35
1556683200,172938,36
1559361600,176990,37
1561953600,180695,38
1564632000,184512,39
1567310400,188241,40
1569902400,192073,41
1572580800,195742,42
1575176400,199331,43
1577854800,203028,44
1580533200,206839,45
1583038800,210355,46
1585713600,214387,47
1588305600,218572,48
1590984000,222759,49
1593576000,226493,50
1596254400,230460,51
1598932800,234318,52
1601524800,238070,53
1604203200,242593,54
1606798800,247885,55
