1509508800,59832,
1512104400,61475,
1514782800,63131,
1517461200,62508,
1519880400,63182,
1522555200,65077,
1525147200,66843,0
1527825600,56867,0
1530417600,61792,0
1533096000,46673,0
1535774400,54332,0
1538366400,55862,0
1541044800,56946,0
1543640400,58361,0
1546318800,59800,0
1548997200,61227,1
1551416400,59857,0
1554091200,61411,0
1556683200,62973,0
1559361600,64479,0
1561953600,65791,0
1564632000,67148,1
1567310400,68407,2
1569902400,69782,3
1572580800,71120,4
1575176400,72451,5
1577854800,72434,6
1580533200,73655,7
1583038800,73647,0
1585713600,75042,0
1588305600,76792,0
1590984000,77282,1
1593576000,78559,2
1596254400,79873,3
1598932800,81190,4
1601524800,82521,5
1604203200,84230,6
1606798800,85138,7
