1530417600,594868,
1533096000,598494,
1535774400,602157,
1538366400,605988,
1541044800,609904,
1543640400,614369,
1546318800,617883,1
1548997200,622230,2
1551416400,626547,3
1554091200,631729,4
1556683200,636493,5
1559361600,641344,6
1561953600,645948,7
1564632000,650726,8
1567310400,655377,9
1569902400,660173,10
1572580800,664873,11
1575176400,669584,12
1577854800,674293,13
1580533200,679145,14
1583038800,683586,15
1585713600,688908,16
1588305600,694228,17
1590984000,699799,18
1593576000,704865,19
1596254400,710119,20
1598932800,715236,21
1601524800,720478,22
1604203200,726177,23
1606798800,732609,24
