1533096000,620387,
1535774400,623610,
1538366400,627265,
1541044800,631056,
1543640400,635410,
1546318800,638857,
1548997200,643148,1
1551416400,647400,2
1554091200,652500,3
1556683200,657201,4
1559361600,662006,5
1561953600,666541,6
1564632000,671265,7
1567310400,675878,8
1569902400,680639,9
1572580800,685302,10
1575176400,689987,11
1577854800,694666,12
1580533200,699497,13
1583038800,703910,14
1585713600,709210,15
1588305600,714509,16
1590984000,720067,17
1593576000,725104,18
1596254400,730338,19
1598932800,735439,20
1601524800,740672,21
1604203200,746360,22
1606798800,752764,23
