1522555200,547127,
1525147200,550355,
1527825600,553912,
1530417600,557832,
1533096000,561902,
1535774400,565877,
1538366400,569884,1
1541044800,573875,2
1543640400,578496,3
1546318800,582116,4
1548997200,586580,5
1551416400,591029,6
1554091200,596298,7
1556683200,601166,8
1559361600,606088,9
1561953600,610748,10
1564632000,615591,11
1567310400,620317,12
1569902400,625180,13
1572580800,629949,14
1575176400,634735,15
1577854800,639492,16
1580533200,644397,17
1583038800,648866,18
1585713600,654229,19
1588305600,659607,20
1590984000,665224,21
1593576000,670311,22
1596254400,675585,23
1598932800,680721,24
1601524800,685990,25
1604203200,691720,26
1606798800,698183,27
