1475294400,288817,
1477972800,290990,
1480568400,293197,
1483246800,295715,
1485925200,298281,
1488344400,301270,
1491019200,304553,1
1493611200,307791,2
1496289600,311080,3
1498881600,314840,4
1501560000,318513,5
1504238400,322103,6
1506830400,325369,7
1509508800,329347,8
1512104400,333166,9
1514782800,337027,10
1517461200,341516,11
1519880400,345389,12
1522555200,349831,13
1525147200,354078,14
1527825600,358433,15
1530417600,363002,16
1533096000,367781,17
1535774400,372322,18
1538366400,376872,19
1541044800,381314,20
1543640400,386362,21
1546318800,390393,22
1548997200,395250,23
1551416400,400053,24
1554091200,405631,25
1556683200,410795,26
1559361600,416030,27
1561953600,420882,28
1564632000,426022,29
1567310400,430980,30
1569902400,436049,31
1572580800,440992,32
1575176400,445951,33
1577854800,450879,34
1580533200,455945,35
1583038800,460562,36
1585713600,466083,37
1588305600,471594,38
1590984000,477323,39
1593576000,482563,40
1596254400,487980,41
1598932800,493236,42
1601524800,498633,43
1604203200,504472,44
1606798800,511041,45
