1548997200,725760,
1551416400,729315,
1554091200,733859,
1556683200,737991,
1559361600,742380,
1561953600,746578,
1564632000,750975,1
1567310400,755370,2
1569902400,759886,3
1572580800,764304,4
1575176400,768807,5
1577854800,773327,6
1580533200,777919,7
1583038800,782106,8
1585713600,787145,9
1588305600,792142,10
1590984000,797302,11
1593576000,802104,12
1596254400,807008,13
1598932800,811807,14
1601524800,816779,15
1604203200,821353,16
1606798800,825837,17
1609477200,830478,18
1612155600,835566,19
1614574800,840429,20
1617249600,847797,21
1619841600,854111,22
1622520000,859919,23
1625112000,871217,24
