1491019200,353740,
1493611200,356535,
1496289600,359512,
1498881600,362959,
1501560000,366360,
1504238400,369751,
1506830400,372853,1
1509508800,376613,2
1512104400,380280,3
1514782800,383963,4
1517461200,388268,5
1519880400,392018,6
1522555200,396340,7
1525147200,400462,8
1527825600,404714,9
1530417600,409207,10
1533096000,413846,11
1535774400,418276,12
1538366400,422753,13
1541044800,427106,14
1543640400,432054,15
1546318800,435985,16
1548997200,440780,17
1551416400,445523,18
1554091200,451042,19
1556683200,456144,20
1559361600,461309,21
1561953600,466141,22
1564632000,471238,23
1567310400,476146,24
1569902400,481179,25
1572580800,486088,26
1575176400,491007,27
1577854800,495907,28
1580533200,500938,29
1583038800,505530,30
1585713600,511020,31
1588305600,516500,32
1590984000,522205,33
1593576000,527426,34
1596254400,532822,35
1598932800,538051,36
1601524800,543420,37
1604203200,549237,38
1606798800,555776,39
