1333252800,5743,
1335844800,5914,
1338523200,6127,
1341115200,6350,
1343793600,6577,
1346472000,6917,
1349064000,7224,1
1351742400,7585,2
1354338000,7975,3
1357016400,8361,4
1359694800,8891,5
1362114000,9383,6
1364788800,10119,7
1367380800,10815,8
1370059200,11459,9
1372651200,12245,10
1375329600,13020,11
1378008000,13714,12
1380600000,14632,13
1383278400,15444,14
1385874000,16404,15
1388552400,17428,16
1391230800,18590,17
1393650000,19658,18
1396324800,21016,19
1398916800,22288,20
1401595200,23732,21
1404187200,25157,22
1406865600,26547,23
1409544000,28228,24
1412136000,29791,25
1414814400,31453,26
1417410000,33117,27
1420088400,34657,28
1422766800,36533,29
1425186000,38305,30
1427860800,40181,31
1430452800,42042,32
1433131200,44212,33
1435723200,46296,34
1438401600,48819,35
1441080000,51370,36
1443672000,54060,37
1446350400,56733,38
1448946000,59558,39
1451624400,62635,40
1454302800,65616,41
1456808400,68623,42
1459483200,72173,43
1462075200,75490,44
1464753600,78767,45
1467345600,81650,46
1470024000,84883,47
1472702400,69983,0
1475294400,72298,0
1477972800,74320,0
1480568400,76642,0
1483246800,78896,0
1485925200,80256,1
1488344400,67800,0
1491019200,70166,0
1493611200,72324,0
1496289600,74617,0
1498881600,76465,0
1501560000,78826,1
1504238400,81072,2
1506830400,83446,3
1509508800,88865,4
1512104400,91303,5
1514782800,93633,6
1517461200,96533,7
1519880400,99003,8
1522555200,98593,9
1525147200,100521,0
1527825600,103057,0
1530417600,106338,0
1533096000,108937,0
1535774400,103003,0
1538366400,105383,0
1541044800,107804,0
1543640400,110655,0
1546318800,112883,0
1548997200,115554,1
1551416400,118099,2
1554091200,120992,3
1556683200,123717,4
1559361600,126690,5
1561953600,129197,6
1564632000,123545,0
1567310400,126006,0
1569902400,128592,0
1572580800,131102,0
1575176400,133554,0
1577854800,136044,1
1580533200,138543,2
1583038800,140837,3
1585713600,143465,4
1588305600,142767,0
1590984000,145446,0
1593576000,145631,0
1596254400,149744,0
1598932800,152182,0
1601524800,154641,1
1604203200,157764,2
1606798800,161647,3
