1467345600,58866,
1470024000,61053,
1472702400,63216,
1475294400,65296,
1477972800,67482,
1480568400,69588,
1483246800,71656,1
1485925200,73723,2
1488344400,76200,3
1491019200,78803,4
1493611200,81249,5
1496289600,83874,6
1498881600,86392,7
1501560000,89044,8
1504238400,91662,9
1506830400,93943,10
1509508800,96566,11
1512104400,99222,12
1514782800,101794,13
1517461200,104937,14
1519880400,107632,15
1522555200,110580,16
1525147200,113404,17
1527825600,116419,18
1530417600,119549,19
1533096000,122521,20
1535774400,133164,0
1538366400,136294,0
1541044800,139508,1
1543640400,143072,2
1546318800,145944,0
1548997200,149390,1
1551416400,152739,2
1554091200,156542,3
1556683200,160079,4
1559361600,163802,5
1561953600,167250,6
1564632000,170698,7
1567310400,174147,8
1569902400,177810,9
1572580800,181221,10
1575176400,184468,11
1577854800,187860,12
1580533200,191327,13
1583038800,194518,14
1585713600,198235,15
1588305600,202166,16
1590984000,206013,17
1593576000,209394,18
1596254400,213025,19
1598932800,216549,20
1601524800,219980,21
1604203200,224116,22
1606798800,229102,23
