1472702400,270366,
1475294400,272706,
1477972800,275265,
1480568400,277667,
1483246800,280313,
1485925200,282978,
1488344400,286051,1
1491019200,289398,2
1493611200,292703,3
1496289600,296068,4
1498881600,299879,5
1501560000,303624,6
1504238400,307246,7
1506830400,310570,8
1509508800,314592,9
1512104400,318449,10
1514782800,322350,11
1517461200,326883,12
1519880400,330780,13
1522555200,335247,14
1525147200,339523,15
1527825600,343921,16
1530417600,348507,17
1533096000,353322,18
1535774400,357884,19
1538366400,362455,20
1541044800,366917,21
1543640400,371991,22
1546318800,376028,23
1548997200,380906,24
1551416400,385723,25
1554091200,391314,26
1556683200,396481,27
1559361600,401723,28
1561953600,406582,29
1564632000,411729,30
1567310400,416702,31
1569902400,421775,32
1572580800,426732,33
1575176400,431701,34
1577854800,436631,35
1580533200,441700,36
1583038800,446320,37
1585713600,451842,38
1588305600,457360,39
1590984000,463097,40
1593576000,468349,41
1596254400,473778,42
1598932800,479043,43
1601524800,484448,44
1604203200,490292,45
1606798800,496866,46
