1504238400,430060,
1506830400,432708,
1509508800,436006,
1512104400,439336,
1514782800,442752,
1517461200,446755,
1519880400,450323,1
1522555200,454411,2
1525147200,458337,3
1527825600,462420,4
1530417600,466749,5
1533096000,471238,6
1535774400,475524,7
1538366400,479903,8
1541044800,484156,9
1543640400,488966,10
1546318800,492791,11
1548997200,497487,12
1551416400,502126,13
1554091200,507570,14
1556683200,512589,15
1559361600,517677,16
1561953600,522456,17
1564632000,527486,18
1567310400,532337,19
1569902400,537310,20
1572580800,542164,21
1575176400,547026,22
1577854800,551864,23
1580533200,556846,24
1583038800,561397,25
1585713600,566838,26
1588305600,572268,27
1590984000,577942,28
1593576000,583110,29
1596254400,588461,30
1598932800,593665,31
1601524800,599000,32
1604203200,604778,33
1606798800,611296,34
