1467345600,249698,
1470024000,252075,
1472702400,254568,
1475294400,257096,
1477972800,259857,
1480568400,262375,
1483246800,265137,1
1485925200,267881,2
1488344400,271001,3
1491019200,274421,4
1493611200,277792,5
1496289600,281227,6
1498881600,285084,7
1501560000,288883,8
1504238400,292546,9
1506830400,295898,10
1509508800,299969,11
1512104400,303851,12
1514782800,307792,13
1517461200,312360,14
1519880400,316284,15
1522555200,320771,16
1525147200,325091,17
1527825600,329522,18
1530417600,334133,19
1533096000,338966,20
1535774400,343561,21
1538366400,348150,22
1541044800,352635,23
1543640400,357734,24
1546318800,361786,25
1548997200,366672,26
1551416400,371536,27
1554091200,377144,28
1556683200,382331,29
1559361600,387584,30
1561953600,392452,31
1564632000,397607,32
1567310400,402597,33
1569902400,407677,34
1572580800,412646,35
1575176400,417625,36
1577854800,422572,37
1580533200,427650,38
1583038800,432276,39
1585713600,437805,40
1588305600,443338,41
1590984000,449076,42
1593576000,454340,43
1596254400,459779,44
1598932800,465051,45
1601524800,470460,46
1604203200,476305,47
1606798800,482884,48
