1548997200,723612,
1551416400,727226,
1554091200,731787,
1556683200,735933,
1559361600,740330,
1561953600,744537,
1564632000,748948,1
1567310400,753348,2
1569902400,757867,3
1572580800,762291,4
1575176400,766799,5
1577854800,771324,6
1580533200,775918,7
1583038800,780107,8
1585713600,785153,9
1588305600,790155,10
1590984000,795323,11
1593576000,800122,12
1596254400,805031,13
1598932800,809830,14
1601524800,814806,15
1604203200,819383,16
1606798800,823870,17
1609477200,828513,18
1612155600,833605,19
1614574800,838465,20
1617249600,845836,21
1619841600,852149,22
1622520000,857956,23
1625112000,869256,24
