1551416400,747658,
1554091200,751826,
1556683200,755795,
1559361600,760068,
1561953600,764172,
1564632000,768479,
1567310400,772809,1
1569902400,777273,2
1572580800,781653,3
1575176400,786106,4
1577854800,790584,5
1580533200,795149,6
1583038800,799301,7
1585713600,804302,8
1588305600,809256,9
1590984000,814382,10
1593576000,819163,11
1596254400,824040,12
1598932800,828828,13
1601524800,833771,14
1604203200,838321,15
1606798800,842787,16
1609477200,847415,17
1612155600,852497,18
1614574800,857351,19
1617249600,864706,20
1619841600,871021,21
1622520000,876813,22
1625112000,888088,23
