1438401600,142555,
1441080000,144333,
1443672000,146400,
1446350400,148537,
1448946000,150758,
1451624400,153370,
1454302800,155917,1
1456808400,158560,2
1459483200,161832,3
1462075200,68302,0
1464753600,71456,0
1467345600,74216,0
1470024000,77040,0
1472702400,79985,0
1475294400,77153,0
1477972800,79881,0
1480568400,82332,0
1483246800,84862,0
1485925200,87449,0
1488344400,90357,1
1491019200,93521,2
1493611200,96516,3
1496289600,99628,4
1498881600,102775,5
1501560000,104817,6
1504238400,107855,7
1506830400,110668,8
1509508800,113945,9
1512104400,117169,10
1514782800,120420,11
1517461200,124126,12
1519880400,127361,13
1522555200,130835,14
1525147200,134293,15
1527825600,137787,16
1530417600,141579,17
1533096000,145240,18
1535774400,143204,0
1538366400,146640,0
1541044800,150122,0
1543640400,153940,0
1546318800,157138,0
1548997200,160878,1
1551416400,164577,2
1554091200,168761,3
1556683200,172737,4
1559361600,176788,5
1561953600,180489,6
1564632000,184295,7
1567310400,188030,8
1569902400,191851,9
1572580800,195509,10
1575176400,199091,11
1577854800,202787,12
1580533200,206602,13
1583038800,210121,14
1585713600,214184,15
1588305600,218370,16
1590984000,222562,17
1593576000,226267,18
1596254400,230233,19
1598932800,234093,20
1601524800,237835,21
1604203200,242364,22
1606798800,247646,23
