1517461200,508476,
1519880400,511611,
1522555200,515285,
1525147200,518908,
1527825600,522729,
1530417600,526851,
1533096000,531111,1
1535774400,535223,2
1538366400,539397,3
1541044800,543480,4
1543640400,548193,5
1546318800,551886,6
1548997200,556435,7
1551416400,560966,8
1554091200,566302,9
1556683200,571225,10
1559361600,576196,11
1561953600,580899,12
1564632000,585803,13
1567310400,590576,14
1569902400,595480,15
1572580800,600284,16
1575176400,605103,17
1577854800,609894,18
1580533200,614827,19
1583038800,619328,20
1585713600,624719,21
1588305600,630108,22
1590984000,635740,23
1593576000,640860,24
1596254400,646155,25
1598932800,651318,26
1601524800,656603,27
1604203200,662346,28
1606798800,668827,29
