1467345600,247850,
1470024000,250281,
1472702400,252805,
1475294400,255348,
1477972800,258119,
1480568400,260651,
1483246800,263425,1
1485925200,266170,2
1488344400,269303,3
1491019200,272732,4
1493611200,276102,5
1496289600,279535,6
1498881600,283402,7
1501560000,287207,8
1504238400,290878,9
1506830400,294235,10
1509508800,298305,11
1512104400,302187,12
1514782800,306132,13
1517461200,310704,14
1519880400,314631,15
1522555200,319122,16
1525147200,323449,17
1527825600,327887,18
1530417600,332500,19
1533096000,337335,20
1535774400,341933,21
1538366400,346525,22
1541044800,351012,23
1543640400,356114,24
1546318800,360170,25
1548997200,365057,26
1551416400,369924,27
1554091200,375532,28
1556683200,380718,29
1559361600,385972,30
1561953600,390842,31
1564632000,395998,32
1567310400,400988,33
1569902400,406068,34
1572580800,411038,35
1575176400,416021,36
1577854800,420968,37
1580533200,426048,38
1583038800,430675,39
1585713600,436204,40
1588305600,441738,41
1590984000,447477,42
1593576000,452741,43
1596254400,458176,44
1598932800,463451,45
1601524800,468861,46
1604203200,474705,47
1606798800,481285,48
