1467345600,253842,
1470024000,256064,
1472702400,258494,
1475294400,260993,
1477972800,263712,
1480568400,266210,
1483246800,268954,1
1485925200,271678,2
1488344400,274791,3
1491019200,278196,4
1493611200,281551,5
1496289600,284967,6
1498881600,288816,7
1501560000,292608,8
1504238400,296262,9
1506830400,299606,10
1509508800,303660,11
1512104400,307535,12
1514782800,311472,13
1517461200,316032,14
1519880400,319941,15
1522555200,324431,16
1525147200,328739,17
1527825600,333160,18
1530417600,337766,19
1533096000,342595,20
1535774400,347183,21
1538366400,351768,22
1541044800,356245,23
1543640400,361338,24
1546318800,365386,25
1548997200,370268,26
1551416400,375126,27
1554091200,380730,28
1556683200,385912,29
1559361600,391162,30
1561953600,396029,31
1564632000,401182,32
1567310400,406172,33
1569902400,411249,34
1572580800,416218,35
1575176400,421194,36
1577854800,426140,37
1580533200,431214,38
1583038800,435838,39
1585713600,441365,40
1588305600,446894,41
1590984000,452633,42
1593576000,457893,43
1596254400,463331,44
1598932800,468601,45
1601524800,474011,46
1604203200,479855,47
1606798800,486431,48
