1561953600,831743,
1564632000,835327,
1567310400,839225,
1569902400,843408,
1572580800,847519,
1575176400,851792,
1577854800,856058,1
1580533200,860480,2
1583038800,864516,3
1585713600,869358,4
1588305600,874162,5
1590984000,879186,6
1593576000,883861,7
1596254400,888636,8
1598932800,893355,9
1601524800,898189,10
1604203200,902658,11
1606798800,907051,12
1609477200,911639,13
1612155600,916661,14
1614574800,921453,15
1617249600,928754,16
1619841600,935026,17
1622520000,940780,18
1625112000,951943,19
