1467345600,249791,
1470024000,252168,
1472702400,254661,
1475294400,257189,
1477972800,259950,
1480568400,262468,
1483246800,265228,1
1485925200,267971,2
1488344400,271090,3
1491019200,274510,4
1493611200,277880,5
1496289600,281315,6
1498881600,285173,7
1501560000,288972,8
1504238400,292635,9
1506830400,295987,10
1509508800,300056,11
1512104400,303938,12
1514782800,307879,13
1517461200,312447,14
1519880400,316366,15
1522555200,320853,16
1525147200,325173,17
1527825600,329604,18
1530417600,334215,19
1533096000,339048,20
1535774400,343643,21
1538366400,348230,22
1541044800,352714,23
1543640400,357813,24
1546318800,361865,25
1548997200,366751,26
1551416400,371615,27
1554091200,377223,28
1556683200,382410,29
1559361600,387663,30
1561953600,392531,31
1564632000,397687,32
1567310400,402677,33
1569902400,407756,34
1572580800,412725,35
1575176400,417704,36
1577854800,422651,37
1580533200,427729,38
1583038800,432355,39
1585713600,437884,40
1588305600,443417,41
1590984000,449155,42
1593576000,454418,43
1596254400,459857,44
1598932800,465129,45
1601524800,470538,46
1604203200,476383,47
1606798800,482962,48
