1454302800,191152,
1456808400,193338,
1459483200,196281,
1462075200,198993,
1464753600,201715,
1467345600,204132,
1470024000,206937,1
1472702400,209819,2
1475294400,212675,3
1477972800,215718,4
1480568400,218509,5
1483246800,221492,6
1485925200,224336,7
1488344400,227620,8
1491019200,231210,9
1493611200,234700,10
1496289600,238307,11
1498881600,242311,12
1501560000,246258,13
1504238400,250040,14
1506830400,253509,15
1509508800,257682,16
1512104400,261663,17
1514782800,265690,18
1517461200,270380,19
1519880400,274361,20
1522555200,278920,21
1525147200,283307,22
1527825600,287796,23
1530417600,292462,24
1533096000,297428,25
1535774400,302082,26
1538366400,306718,27
1541044800,311260,28
1543640400,316417,29
1546318800,320498,30
1548997200,325419,31
1551416400,330328,32
1554091200,335971,33
1556683200,341177,34
1559361600,346472,35
1561953600,351368,36
1564632000,356554,37
1567310400,361566,38
1569902400,366672,39
1572580800,371655,40
1575176400,376646,41
1577854800,381614,42
1580533200,386711,43
1583038800,391361,44
1585713600,396912,45
1588305600,402460,46
1590984000,408232,47
1593576000,413518,48
1596254400,418972,49
1598932800,424267,50
1601524800,429696,51
1604203200,435552,52
1606798800,442147,53
