1483246800,318435,
1485925200,320709,
1488344400,323472,
1491019200,326576,
1493611200,329663,
1496289600,332848,
1498881600,336492,1
1501560000,340071,2
1504238400,343588,3
1506830400,346793,4
1509508800,350679,5
1512104400,354432,6
1514782800,358226,7
1517461200,362619,8
1519880400,366439,9
1522555200,370828,10
1525147200,375007,11
1527825600,379334,12
1530417600,383875,13
1533096000,388602,14
1535774400,393104,15
1538366400,397618,16
1541044800,402036,17
1543640400,407042,18
1546318800,411039,19
1548997200,415872,20
1551416400,420644,21
1554091200,426199,22
1556683200,431347,23
1559361600,436548,24
1561953600,441383,25
1564632000,446500,26
1567310400,451436,27
1569902400,456487,28
1572580800,461418,29
1575176400,466365,30
1577854800,471283,31
1580533200,476329,32
1583038800,480935,33
1585713600,486438,34
1588305600,491928,35
1590984000,497647,36
1593576000,502880,37
1596254400,508288,38
1598932800,513530,39
1601524800,518915,40
1604203200,524743,41
1606798800,531298,42
