1527825600,582893,
1530417600,586388,
1533096000,590156,
1535774400,593910,
1538366400,597791,
1541044800,601738,
1543640400,606227,1
1546318800,609766,2
1548997200,614142,3
1551416400,618492,4
1554091200,623702,5
1556683200,628494,6
1559361600,633363,7
1561953600,637987,8
1564632000,642783,9
1567310400,647445,10
1569902400,652255,11
1572580800,656967,12
1575176400,661689,13
1577854800,666403,14
1580533200,671271,15
1583038800,675719,16
1585713600,681044,17
1588305600,686374,18
1590984000,691957,19
1593576000,697030,20
1596254400,702288,21
1598932800,707410,22
1601524800,712659,23
1604203200,718363,24
1606798800,724805,25
