1530417600,596209,
1533096000,599812,
1535774400,603450,
1538366400,607278,
1541044800,611189,
1543640400,615644,
1546318800,619152,1
1548997200,623494,2
1551416400,627811,3
1554091200,632987,4
1556683200,637745,5
1559361600,642593,6
1561953600,647193,7
1564632000,651968,8
1567310400,656618,9
1569902400,661412,10
1572580800,666111,11
1575176400,670818,12
1577854800,675528,13
1580533200,680375,14
1583038800,684816,15
1585713600,690134,16
1588305600,695452,17
1590984000,701022,18
1593576000,706087,19
1596254400,711342,20
1598932800,716457,21
1601524800,721698,22
1604203200,727396,23
1606798800,733824,24
