1546318800,708662,
1548997200,712309,
1551416400,716040,
1554091200,720677,
1556683200,724902,
1559361600,729338,
1561953600,733597,1
1564632000,738048,2
1567310400,742477,3
1569902400,747019,4
1572580800,751471,5
1575176400,756004,6
1577854800,760549,7
1580533200,765166,8
1583038800,769362,9
1585713600,774426,10
1588305600,779447,11
1590984000,784637,12
1593576000,789450,13
1596254400,794374,14
1598932800,799179,15
1601524800,804160,16
1604203200,808751,17
1606798800,813248,18
1609477200,817896,19
1612155600,822994,20
1614574800,827859,21
1617249600,835222,22
1619841600,841543,23
1622520000,847353,24
1625112000,858671,25
