1530417600,592766,
1533096000,596426,
1535774400,600101,
1538366400,603943,
1541044800,607864,
1543640400,612333,
1546318800,615854,1
1548997200,620209,2
1551416400,624531,3
1554091200,629721,4
1556683200,634492,5
1559361600,639347,6
1561953600,643954,7
1564632000,648740,8
1567310400,653393,9
1569902400,658193,10
1572580800,662899,11
1575176400,667611,12
1577854800,672322,13
1580533200,677174,14
1583038800,681619,15
1585713600,686941,16
1588305600,692264,17
1590984000,697839,18
1593576000,702904,19
1596254400,708159,20
1598932800,713277,21
1601524800,718519,22
1604203200,724222,23
1606798800,730656,24
