1522555200,544950,
1525147200,548249,
1527825600,551819,
1530417600,555764,
1533096000,559850,
1535774400,563837,
1538366400,567852,1
1541044800,571848,2
1543640400,576474,3
1546318800,580096,4
1548997200,584568,5
1551416400,589024,6
1554091200,594300,7
1556683200,599166,8
1559361600,604092,9
1561953600,608751,10
1564632000,613598,11
1567310400,618323,12
1569902400,623192,13
1572580800,627964,14
1575176400,632756,15
1577854800,637514,16
1580533200,642422,17
1583038800,646894,18
1585713600,652261,19
1588305600,657640,20
1590984000,663259,21
1593576000,668350,22
1596254400,673624,23
1598932800,678764,24
1601524800,684034,25
1604203200,689764,26
1606798800,696229,27
