1367380800,6281,
1370059200,6139,
1372651200,7022,
1375329600,6728,
1378008000,7174,
1380600000,7763,
1383278400,8312,0
1385874000,8879,0
1388552400,9515,1
1391230800,10203,2
1393650000,10850,3
1396324800,11521,4
1398916800,13089,5
1401595200,13926,6
1404187200,14825,7
1406865600,15667,8
1409544000,15804,0
1412136000,16620,1
1414814400,17572,2
1417410000,18483,3
1420088400,19321,4
1422766800,20333,5
1425186000,21310,6
1427860800,25249,0
1430452800,26352,0
1433131200,27599,1
1435723200,27763,0
1438401600,29209,0
1441080000,30618,1
1443672000,31976,2
1446350400,33350,3
1448946000,34892,4
1451624400,36528,5
1454302800,38019,6
1456808400,39538,7
1459483200,41320,8
1462075200,42461,9
1464753600,44148,10
1467345600,48286,11
1470024000,50041,12
1472702400,51842,13
1475294400,53501,14
1477972800,55278,15
1480568400,56978,16
1483246800,58629,17
1485925200,60313,18
1488344400,62186,19
1491019200,64323,20
1493611200,66263,21
1496289600,68320,22
1498881600,68042,23
1501560000,70148,0
1504238400,72167,1
1506830400,74011,2
1509508800,76219,3
1512104400,78162,4
1514782800,80159,5
1517461200,82656,6
1519880400,84842,7
1522555200,87232,8
1525147200,89345,9
1527825600,91817,10
1530417600,94315,11
1533096000,96633,12
1535774400,69816,0
1538366400,71386,0
1541044800,72994,0
1543640400,74894,0
1546318800,76442,0
1548997200,78220,1
1551416400,79982,2
1554091200,81864,3
1556683200,83559,4
1559361600,85558,5
1561953600,87216,6
1564632000,88940,7
1567310400,90627,8
1569902400,92483,9
1572580800,94166,10
1575176400,95897,11
1577854800,97759,12
1580533200,99488,13
1583038800,101210,14
1585713600,103111,15
1588305600,105271,16
1590984000,107143,17
1593576000,108848,18
1596254400,110581,19
1598932800,112383,20
1601524800,114161,21
1604203200,116708,22
1606798800,119952,23
