1483246800,316556,
1485925200,318878,
1488344400,321678,
1491019200,324814,
1493611200,327918,
1496289600,331119,
1498881600,334781,1
1501560000,338373,2
1504238400,341905,3
1506830400,345119,4
1509508800,349016,5
1512104400,352780,6
1514782800,356582,7
1517461200,360982,8
1519880400,364808,9
1522555200,369203,10
1525147200,373390,11
1527825600,377722,12
1530417600,382269,13
1533096000,386996,14
1535774400,391505,15
1538366400,396024,16
1541044800,400445,17
1543640400,405459,18
1546318800,409463,19
1548997200,414300,20
1551416400,419078,21
1554091200,424639,22
1556683200,429785,23
1559361600,434997,24
1561953600,439838,25
1564632000,444961,26
1567310400,449902,27
1569902400,454955,28
1572580800,459888,29
1575176400,464837,30
1577854800,469756,31
1580533200,474808,32
1583038800,479417,33
1585713600,484922,34
1588305600,490419,35
1590984000,496141,36
1593576000,501375,37
1596254400,506785,38
1598932800,512031,39
1601524800,517420,40
1604203200,523250,41
1606798800,529806,42
