1509508800,466862,
1512104400,469665,
1514782800,472816,
1517461200,476562,
1519880400,479930,
1522555200,483844,
1525147200,487659,1
1527825600,491648,2
1530417600,495879,3
1533096000,500270,4
1535774400,504484,5
1538366400,508769,6
1541044800,512960,7
1543640400,517705,8
1546318800,521465,9
1548997200,526093,10
1551416400,530688,11
1554091200,536083,12
1556683200,541044,13
1559361600,546065,14
1561953600,550812,15
1564632000,555785,16
1567310400,560599,17
1569902400,565531,18
1572580800,570388,19
1575176400,575243,20
1577854800,580059,21
1580533200,585015,22
1583038800,589544,23
1585713600,594954,24
1588305600,600372,25
1590984000,606022,26
1593576000,611161,27
1596254400,616482,28
1598932800,621667,29
1601524800,626976,30
1604203200,632731,31
1606798800,639233,32
