1512104400,474290,
1514782800,477373,
1517461200,481060,
1519880400,484401,
1522555200,488282,
1525147200,492068,
1527825600,496042,1
1530417600,500263,2
1533096000,504635,3
1535774400,508833,4
1538366400,513098,5
1541044800,517278,6
1543640400,522008,7
1546318800,525762,8
1548997200,530379,9
1551416400,534966,10
1554091200,540356,11
1556683200,545313,12
1559361600,550326,13
1561953600,555061,14
1564632000,560027,15
1567310400,564835,16
1569902400,569761,17
1572580800,574603,18
1575176400,579452,19
1577854800,584264,20
1580533200,589218,21
1583038800,593744,22
1585713600,599152,23
1588305600,604564,24
1590984000,610208,25
1593576000,615342,26
1596254400,620663,27
1598932800,625848,28
1601524800,631157,29
1604203200,636913,30
1606798800,643415,31
