1501560000,417755,
1504238400,420643,
1506830400,423416,
1509508800,426806,
1512104400,430204,
1514782800,433681,
1517461200,437719,1
1519880400,441302,2
1522555200,445433,3
1525147200,449398,4
1527825600,453512,5
1530417600,457863,6
1533096000,462387,7
1535774400,466694,8
1538366400,471103,9
1541044800,475378,10
1543640400,480214,11
1546318800,484048,12
1548997200,488761,13
1551416400,493421,14
1554091200,498875,15
1556683200,503908,16
1559361600,509010,17
1561953600,513799,18
1564632000,518846,19
1567310400,523706,20
1569902400,528683,21
1572580800,533546,22
1575176400,538419,23
1577854800,543271,24
1580533200,548267,25
1583038800,552826,26
1585713600,558273,27
1588305600,563711,28
1590984000,569388,29
1593576000,574561,30
1596254400,579917,31
1598932800,585125,32
1601524800,590470,33
1604203200,596251,34
1606798800,602771,35
