1546318800,698599,
1548997200,702424,
1551416400,706247,
1554091200,710957,
1556683200,715226,
1559361600,719712,
1561953600,724002,1
1564632000,728473,2
1567310400,732922,3
1569902400,737483,4
1572580800,741960,5
1575176400,746512,6
1577854800,751085,7
1580533200,755721,8
1583038800,759922,9
1585713600,765007,10
1588305600,770033,11
1590984000,775233,12
1593576000,780051,13
1596254400,784987,14
1598932800,789797,15
1601524800,794787,16
1604203200,799389,17
1606798800,803895,18
1609477200,808542,19
1612155600,813647,20
1614574800,818515,21
1617249600,825887,22
1619841600,832214,23
1622520000,838030,24
1625112000,849362,25
