1475294400,41402,
1477972800,47402,
1480568400,43816,
1483246800,41908,
1485925200,26463,
1488344400,26090,
1491019200,25100,0
1493611200,25099,0
1496289600,20235,0
1498881600,18798,0
1501560000,16519,0
1504238400,15678,0
1506830400,15544,0
1509508800,15704,0
1512104400,15242,0
1514782800,15108,0
1517461200,14332,0
1519880400,14116,0
1522555200,13204,0
1525147200,12331,0
1527825600,11739,0
1530417600,12760,0
1533096000,12588,0
1535774400,13782,0
1538366400,13390,0
1541044800,13200,0
1543640400,12818,0
1546318800,12351,0
1548997200,12076,0
1551416400,11960,0
1554091200,11933,0
1556683200,11465,0
1559361600,11232,0
1561953600,10963,0
1564632000,10693,0
1567310400,10283,0
1569902400,10208,0
1572580800,9993,0
1575176400,10198,0
1577854800,9669,0
1580533200,9624,0
1583038800,9490,0
1585713600,9478,0
1588305600,9398,0
1590984000,9368,0
1593576000,9312,0
1596254400,9209,0
1598932800,9150,0
1601524800,9084,0
1604203200,9023,0
1606798800,8975,0
