1498881600,407447,
1501560000,410236,
1504238400,413263,
1506830400,416105,
1509508800,419552,
1512104400,422992,
1514782800,426515,1
1517461200,430594,2
1519880400,434219,3
1522555200,438371,4
1525147200,442366,5
1527825600,446510,6
1530417600,450877,7
1533096000,455428,8
1535774400,459755,9
1538366400,464179,10
1541044800,468469,11
1543640400,473327,12
1546318800,477176,13
1548997200,481900,14
1551416400,486573,15
1554091200,492039,16
1556683200,497078,17
1559361600,502189,18
1561953600,506977,19
1564632000,512037,20
1567310400,516904,21
1569902400,521886,22
1572580800,526758,23
1575176400,531644,24
1577854800,536502,25
1580533200,541508,26
1583038800,546068,27
1585713600,551521,28
1588305600,556967,29
1590984000,562651,30
1593576000,567829,31
1596254400,573188,32
1598932800,578397,33
1601524800,583746,34
1604203200,589531,35
1606798800,596056,36
