1359694800,15765,
1362114000,16154,
1364788800,16787,
1367380800,17395,
1370059200,17966,
1372651200,18684,
1375329600,19409,1
1378008000,20058,2
1380600000,20917,3
1383278400,21684,4
1385874000,22602,5
1388552400,23587,6
1391230800,24721,7
1393650000,25747,8
1396324800,27066,9
1398916800,28305,10
1401595200,29717,11
1404187200,31114,12
1406865600,32472,13
1409544000,34130,14
1412136000,35671,15
1414814400,28147,0
1417410000,29742,0
1420088400,40495,0
1422766800,42352,0
1425186000,44104,0
1427860800,45967,0
1430452800,47812,0
1433131200,37478,0
1435723200,24817,0
1438401600,19900,0
1441080000,22907,0
1443672000,23883,0
1446350400,24937,0
1448946000,26005,0
1451624400,27215,1
1454302800,28336,2
1456808400,29486,3
1459483200,26123,0
1462075200,27351,0
1464753600,28416,0
1467345600,29335,0
1470024000,30361,0
1472702400,31415,1
1475294400,32369,2
1477972800,33483,3
1480568400,34525,4
1483246800,35567,5
1485925200,36668,6
1488344400,37828,7
1491019200,39163,8
1493611200,40350,9
1496289600,41531,10
1498881600,42897,11
1501560000,44268,12
1504238400,45578,13
1506830400,46752,14
1509508800,48083,15
1512104400,49382,16
1514782800,50758,17
1517461200,52307,18
1519880400,53645,19
1522555200,55145,20
1525147200,56749,21
1527825600,58251,22
1530417600,59679,23
1533096000,61068,24
1535774400,69358,0
1538366400,70902,0
1541044800,72513,0
1543640400,74376,0
1546318800,75958,0
1548997200,77735,1
1551416400,79554,2
1554091200,81442,3
1556683200,83331,4
1559361600,85333,5
1561953600,86989,6
1564632000,88767,7
1567310400,90457,8
1569902400,92309,9
1572580800,93992,10
1575176400,95737,11
1577854800,97605,12
1580533200,99328,13
1583038800,100990,14
1585713600,102826,15
1588305600,104752,16
1590984000,106841,17
1593576000,105935,0
1596254400,107665,0
1598932800,109497,0
1601524800,111289,0
1604203200,113799,0
1606798800,116193,1
