1512104400,88555,
1514782800,90817,
1517461200,93684,
1519880400,96058,
1522555200,98666,
1525147200,101391,
1527825600,104029,1
1530417600,106755,2
1533096000,109352,3
1535774400,116735,4
1538366400,119521,5
1541044800,127948,6
1543640400,131262,7
1546318800,133897,8
1548997200,137059,9
1551416400,140118,0
1554091200,143639,1
1556683200,146896,2
1559361600,150249,3
1561953600,153390,4
1564632000,156598,5
1567310400,159708,6
1569902400,163016,7
1572580800,166169,8
1575176400,169170,9
1577854800,172309,10
1580533200,175454,11
1583038800,178326,12
1585713600,181689,13
1588305600,185263,14
1590984000,188794,15
1593576000,191852,16
1596254400,195088,17
1598932800,198336,18
1601524800,201454,19
1604203200,205236,20
1606798800,209864,21
