1525147200,566663,
1527825600,569856,
1530417600,573636,
1533096000,577571,
1535774400,581458,
1538366400,585388,
1541044800,589390,1
1543640400,593945,2
1546318800,597511,3
1548997200,601937,4
1551416400,606363,5
1554091200,611594,6
1556683200,616417,7
1559361600,621309,8
1561953600,625949,9
1564632000,630765,10
1567310400,635460,11
1569902400,640287,12
1572580800,645019,13
1575176400,649771,14
1577854800,654515,15
1580533200,659397,16
1583038800,663855,17
1585713600,669196,18
1588305600,674541,19
1590984000,680145,20
1593576000,685222,21
1596254400,690490,22
1598932800,695618,23
1601524800,700875,24
1604203200,706592,25
1606798800,713042,26
