1512104400,474253,
1514782800,107658,
1517461200,129626,
1519880400,132999,
1522555200,139083,
1525147200,142850,
1527825600,146624,0
1530417600,150660,1
1533096000,154565,2
1535774400,508799,0
1538366400,513065,0
1541044800,517245,0
1543640400,521975,0
1546318800,525729,0
1548997200,530347,1
1551416400,534934,2
1554091200,540325,3
1556683200,545282,4
1559361600,550295,5
1561953600,555030,6
1564632000,559996,7
1567310400,564804,8
1569902400,569730,9
1572580800,574572,10
1575176400,579421,11
1577854800,584233,12
1580533200,589187,13
1583038800,593713,14
1585713600,599121,15
1588305600,604533,16
1590984000,610177,17
1593576000,615311,18
1596254400,620632,19
1598932800,625817,20
1601524800,631126,21
1604203200,636882,22
1606798800,643384,23
