1491019200,364200,
1493611200,366717,
1496289600,369569,
1498881600,372918,
1501560000,376232,
1504238400,379557,
1506830400,382623,1
1509508800,386320,2
1512104400,389928,3
1514782800,393575,4
1517461200,397833,5
1519880400,401562,6
1522555200,405859,7
1525147200,409941,8
1527825600,414162,9
1530417600,418629,10
1533096000,423248,11
1535774400,427658,12
1538366400,432124,13
1541044800,436466,14
1543640400,441393,15
1546318800,445296,16
1548997200,450080,17
1551416400,454809,18
1554091200,460315,19
1556683200,465405,20
1559361600,470566,21
1561953600,475392,22
1564632000,480473,23
1567310400,485371,24
1569902400,490394,25
1572580800,495294,26
1575176400,500209,27
1577854800,505099,28
1580533200,510119,29
1583038800,514705,30
1585713600,520185,31
1588305600,525653,32
1590984000,531345,33
1593576000,536554,34
1596254400,541945,35
1598932800,547173,36
1601524800,552537,37
1604203200,558342,38
1606798800,564877,39
