1551416400,742845,
1554091200,747162,
1556683200,751180,
1559361600,755498,
1561953600,759631,
1564632000,763969,
1567310400,768318,1
1569902400,772798,2
1572580800,777187,3
1575176400,781649,4
1577854800,786148,5
1580533200,790716,6
1583038800,794867,7
1585713600,799877,8
1588305600,804851,9
1590984000,809983,10
1593576000,814773,11
1596254400,819658,12
1598932800,824455,13
1601524800,829405,14
1604203200,833960,15
1606798800,838427,16
1609477200,843057,17
1612155600,848142,18
1614574800,852996,19
1617249600,860354,20
1619841600,866671,21
1622520000,872463,22
1625112000,883743,23
