1506830400,442326,
1509508800,445477,
1512104400,448720,
1514782800,452078,
1517461200,456009,
1519880400,459540,
1522555200,463563,1
1525147200,467437,2
1527825600,471478,3
1530417600,475783,4
1533096000,480239,5
1535774400,484502,6
1538366400,488850,7
1541044800,493073,8
1543640400,497855,9
1546318800,501660,10
1548997200,506322,11
1551416400,510949,12
1554091200,516379,13
1556683200,521382,14
1559361600,526445,15
1561953600,531221,16
1564632000,536242,17
1567310400,541077,18
1569902400,546040,19
1572580800,550906,20
1575176400,555763,21
1577854800,560597,22
1580533200,565572,23
1583038800,570119,24
1585713600,575550,25
1588305600,580983,26
1590984000,586650,27
1593576000,591809,28
1596254400,597155,29
1598932800,602353,30
1601524800,607682,31
1604203200,613450,32
1606798800,619964,33
