1480568400,29980,
1483246800,29871,
1485925200,34424,
1488344400,35487,
1491019200,36780,
1493611200,37896,
1496289600,39096,0
1498881600,40202,1
1501560000,41444,2
1504238400,42657,3
1506830400,43743,4
1509508800,45009,5
1512104400,46212,6
1514782800,47439,7
1517461200,48921,8
1519880400,50169,9
1522555200,51629,10
1525147200,52864,11
1527825600,54387,12
1530417600,55793,13
1533096000,57160,14
1535774400,26183,0
1538366400,26807,0
1541044800,27385,0
1543640400,28019,0
1546318800,28605,0
1548997200,29230,1
1551416400,29922,2
1554091200,30681,3
1556683200,31341,4
1559361600,32046,5
1561953600,32682,6
1564632000,33326,7
1567310400,33960,8
1569902400,34617,9
1572580800,35206,10
1575176400,35882,11
1577854800,36521,12
1580533200,37135,13
1583038800,37812,14
1585713600,38528,15
1588305600,39237,16
1590984000,40020,17
1593576000,40631,18
1596254400,41295,19
1598932800,41873,20
1601524800,42474,21
1604203200,42999,22
1606798800,43578,23
