1398916800,55960,
1401595200,56992,
1404187200,58139,
1406865600,59287,
1409544000,60693,
1412136000,62054,
1414814400,63526,1
1417410000,65020,2
1420088400,66414,3
1422766800,68123,4
1425186000,69737,5
1427860800,71473,6
1430452800,73232,7
1433131200,75272,8
1435723200,77241,9
1438401600,79634,10
1441080000,82091,11
1443672000,84672,12
1446350400,87215,13
1448946000,89948,14
1451624400,92942,15
1454302800,95841,16
1456808400,98764,17
1459483200,102300,18
1462075200,105535,19
1464753600,108745,20
1467345600,111572,21
1470024000,114746,22
1472702400,118031,23
1475294400,121224,24
1477972800,124571,25
1480568400,127641,26
1483246800,130864,27
1485925200,133936,28
1488344400,137451,29
1491019200,141289,30
1493611200,145003,31
1496289600,148800,32
1498881600,152996,33
1501560000,157112,34
1504238400,161071,35
1506830400,164681,36
1509508800,169085,37
1512104400,173196,38
1514782800,177358,39
1517461200,182175,40
1519880400,186261,41
1522555200,190921,42
1525147200,195397,43
1527825600,199980,44
1530417600,204762,45
1533096000,209819,46
1535774400,214572,47
1538366400,219266,48
1541044800,223895,49
1543640400,229125,50
1546318800,233284,51
1548997200,238259,52
1551416400,243213,53
1554091200,248916,54
1556683200,254164,55
1559361600,259495,56
1561953600,264423,57
1564632000,269650,58
1567310400,274720,59
1569902400,279868,60
1572580800,284889,61
1575176400,289927,62
1577854800,294925,63
1580533200,300068,64
1583038800,304730,65
1585713600,310300,66
1588305600,315877,67
1590984000,321674,68
1593576000,326987,69
1596254400,332470,70
1598932800,337797,71
1601524800,343260,72
1604203200,349148,73
1606798800,355768,74
