1451624400,187627,
1454302800,54885,
1456808400,191865,
1459483200,194825,
1462075200,197545,
1464753600,200280,
1467345600,202709,0
1470024000,205530,1
1472702400,208417,2
1475294400,211280,3
1477972800,214332,4
1480568400,217129,5
1483246800,220121,6
1485925200,222970,7
1488344400,226257,8
1491019200,229851,9
1493611200,233349,10
1496289600,236962,11
1498881600,240971,12
1501560000,244927,13
1504238400,248710,14
1506830400,252181,15
1509508800,256361,16
1512104400,260343,17
1514782800,264370,18
1517461200,269063,19
1519880400,273050,20
1522555200,277612,21
1525147200,281998,22
1527825600,286488,23
1530417600,291157,24
1533096000,296124,25
1535774400,300778,26
1538366400,305414,27
1541044800,309956,28
1543640400,315114,29
1546318800,319200,30
1548997200,324124,31
1551416400,329033,32
1554091200,334676,33
1556683200,339883,34
1559361600,345176,35
1561953600,350072,36
1564632000,355258,37
1567310400,360272,38
1569902400,365380,39
1572580800,370363,40
1575176400,375355,41
1577854800,380323,42
1580533200,385426,43
1583038800,390076,44
1585713600,395627,45
1588305600,401176,46
1590984000,406949,47
1593576000,412237,48
1596254400,417692,49
1598932800,422987,50
1601524800,428417,51
1604203200,434274,52
1606798800,440869,53
