1517461200,506866,
1519880400,510029,
1522555200,513724,
1525147200,517355,
1527825600,521192,
1530417600,525319,
1533096000,529588,1
1535774400,533701,2
1538366400,537883,3
1541044800,541969,4
1543640400,546689,5
1546318800,550383,6
1548997200,554934,7
1551416400,559472,8
1554091200,564810,9
1556683200,569735,10
1559361600,574705,11
1561953600,579412,12
1564632000,584324,13
1567310400,589096,14
1569902400,594002,15
1572580800,598808,16
1575176400,603628,17
1577854800,608420,18
1580533200,613355,19
1583038800,617856,20
1585713600,623247,21
1588305600,628640,22
1590984000,634272,23
1593576000,639392,24
1596254400,644688,25
1598932800,649856,26
1601524800,655143,27
1604203200,660887,28
1606798800,667368,29
