1488344400,101225,
1491019200,104913,
1493611200,108339,
1496289600,112034,
1498881600,115810,
1501560000,109481,
1504238400,112724,0
1506830400,116436,0
1509508800,119962,0
1512104400,123448,0
1514782800,126904,1
1517461200,130904,2
1519880400,134558,3
1522555200,138323,4
1525147200,142049,5
1527825600,145838,6
1530417600,149867,7
1533096000,153756,8
1535774400,151484,0
1538366400,143030,0
1541044800,146405,0
1543640400,150138,0
1546318800,153160,0
1548997200,156825,0
1551416400,160326,1
1554091200,164390,2
1556683200,160574,0
1559361600,164307,0
1561953600,167807,0
1564632000,171262,0
1567310400,174730,0
1569902400,178384,1
1572580800,181805,2
1575176400,185063,3
1577854800,188451,4
1580533200,191928,5
1583038800,195134,6
1585713600,198853,7
1588305600,202797,8
1590984000,206658,9
1593576000,210047,10
1596254400,213730,11
1598932800,217276,12
1601524800,220710,13
1604203200,224862,14
1606798800,229847,15
