1375329600,28687,
1378008000,29194,
1380600000,29921,
1383278400,30578,
1385874000,31391,
1388552400,32281,
1391230800,33333,1
1393650000,34284,2
1396324800,35489,3
1398916800,36659,4
1401595200,38006,5
1404187200,39356,6
1406865600,40668,7
1409544000,42263,8
1412136000,43779,9
1414814400,45389,10
1417410000,47001,11
1420088400,48495,12
1422766800,50312,13
1425186000,52029,14
1427860800,53865,15
1430452800,55701,16
1433131200,57837,17
1435723200,59873,18
1438401600,62357,19
1441080000,64868,20
1443672000,67522,21
1446350400,70144,22
1448946000,72935,23
1451624400,75982,24
1454302800,78926,25
1456808400,81901,26
1459483200,85449,27
1462075200,88731,28
1464753600,91987,29
1467345600,94850,30
1470024000,98063,31
1472702400,101391,32
1475294400,104622,33
1477972800,108000,34
1480568400,111097,35
1483246800,114342,36
1485925200,117434,37
1488344400,120976,38
1491019200,124839,39
1493611200,128566,40
1496289600,132379,41
1498881600,136591,42
1501560000,140738,43
1504238400,144729,44
1506830400,148342,45
1509508800,152786,46
1512104400,156914,47
1514782800,161090,48
1517461200,165920,49
1519880400,170014,50
1522555200,174665,51
1525147200,179157,52
1527825600,183749,53
1530417600,188536,54
1533096000,193606,55
1535774400,198370,56
1538366400,203071,57
1541044800,207711,58
1543640400,212949,59
1546318800,217110,60
1548997200,222092,61
1551416400,227053,62
1554091200,232759,63
1556683200,238009,64
1559361600,243343,65
1561953600,248275,66
1564632000,253509,67
1567310400,258588,68
1569902400,263737,69
1572580800,268763,70
1575176400,273804,71
1577854800,278813,72
1580533200,283960,73
1583038800,288626,74
1585713600,294197,75
1588305600,299778,76
1590984000,305577,77
1593576000,310893,78
1596254400,316382,79
1598932800,321715,80
1601524800,327180,81
1604203200,333074,82
1606798800,339698,83
