1438401600,138577,
1441080000,140478,
1443672000,142587,
1446350400,144753,
1448946000,147033,
1451624400,149687,
1454302800,152261,1
1456808400,154933,2
1459483200,158230,3
1462075200,161204,4
1464753600,164182,5
1467345600,166844,6
1470024000,169819,7
1472702400,172890,8
1475294400,175910,9
1477972800,179113,10
1480568400,182032,11
1483246800,185128,12
1485925200,188076,13
1488344400,191459,14
1491019200,195166,15
1493611200,198780,16
1496289600,202470,17
1498881600,206563,18
1501560000,210591,19
1504238400,214456,20
1506830400,217988,21
1509508800,222257,22
1512104400,226300,23
1514782800,230392,24
1517461200,235129,25
1519880400,239162,26
1522555200,243761,27
1525147200,248182,28
1527825600,252712,29
1530417600,257429,30
1533096000,262431,31
1535774400,267124,32
1538366400,271780,33
1541044800,276365,34
1543640400,281561,35
1546318800,285676,36
1548997200,290624,37
1551416400,295552,38
1554091200,301218,39
1556683200,306445,40
1559361600,311751,41
1561953600,316651,42
1564632000,321858,43
1567310400,326894,44
1569902400,332017,45
1572580800,337012,46
1575176400,342019,47
1577854800,346998,48
1580533200,352114,49
1583038800,356770,50
1585713600,362338,51
1588305600,367892,52
1590984000,373681,53
1593576000,378983,54
1596254400,384452,55
1598932800,389763,56
1601524800,395211,57
1604203200,401076,58
1606798800,407684,59
