1493611200,84403,
1496289600,87058,
1498881600,89762,
1501560000,94961,
1504238400,97660,
1506830400,100124,
1509508800,103016,1
1512104400,105850,2
1514782800,108698,3
1517461200,112000,4
1519880400,114884,5
1522555200,117977,6
1525147200,121027,7
1527825600,124186,8
1530417600,127561,9
1533096000,130799,10
1535774400,110299,0
1538366400,112872,0
1541044800,115510,0
1543640400,118550,0
1546318800,120942,0
1548997200,123713,1
1551416400,126461,2
1554091200,129617,3
1556683200,132555,4
1559361600,135669,5
1561953600,138367,6
1564632000,141238,7
1567310400,144055,8
1569902400,147027,9
1572580800,149797,10
1575176400,152504,11
1577854800,155325,12
1580533200,158187,13
1583038800,160744,14
1585713600,163872,15
1588305600,167090,16
1590984000,170264,17
1593576000,172968,18
1596254400,175728,19
1598932800,178684,20
1601524800,181591,21
1604203200,185069,22
1606798800,189282,23
