1538366400,651019,
1541044800,654491,
1543640400,658647,
1546318800,661981,
1548997200,666172,
1551416400,670325,
1554091200,675299,1
1556683200,679923,2
1559361600,684665,3
1561953600,689126,4
1564632000,693782,5
1567310400,698363,6
1569902400,703069,7
1572580800,707680,8
1575176400,712357,9
1577854800,717007,10
1580533200,721798,11
1583038800,726178,12
1585713600,731447,13
1588305600,736703,14
1590984000,742217,15
1593576000,747225,16
1596254400,752423,17
1598932800,757505,18
1601524800,762721,19
1604203200,768395,20
1606798800,774782,21
