1391230800,44173,
1393650000,44962,
1396324800,46007,
1398916800,47070,
1401595200,48312,
1404187200,49590,
1406865600,50824,1
1409544000,52328,2
1412136000,53771,3
1414814400,55319,4
1417410000,56863,5
1420088400,58306,6
1422766800,29758,0
1425186000,31191,0
1427860800,32786,0
1430452800,24615,0
1433131200,25743,0
1435723200,26885,0
1438401600,28308,0
1441080000,29638,0
1443672000,30971,1
1446350400,32300,2
1448946000,33747,3
1451624400,35303,4
1454302800,36781,5
1456808400,38242,6
1459483200,39918,7
1462075200,41617,8
1464753600,43278,9
1467345600,44768,10
1470024000,46407,11
1472702400,48020,12
1475294400,49529,13
1477972800,51279,14
1480568400,52874,15
1483246800,54468,16
1485925200,56084,17
1488344400,57782,18
1491019200,59771,19
1493611200,61655,20
1496289600,63532,21
1498881600,65436,22
1501560000,67415,23
1504238400,69325,24
1506830400,71142,25
1509508800,73275,26
1512104400,75274,27
1514782800,77224,28
1517461200,79567,29
1519880400,81635,30
1522555200,83875,31
1525147200,86090,32
1527825600,88393,33
1530417600,90724,34
1533096000,92913,35
1535774400,100781,0
1538366400,103114,0
1541044800,105442,1
1543640400,108224,2
1546318800,110462,0
1548997200,113076,1
1551416400,115549,2
1554091200,118431,3
1556683200,121152,4
1559361600,124016,5
1561953600,126446,6
1564632000,129031,7
1567310400,131580,8
1569902400,134277,9
1572580800,136858,10
1575176400,139363,11
1577854800,141952,12
1580533200,144549,13
1583038800,146871,14
1585713600,149488,15
1588305600,152409,16
1590984000,155266,17
1593576000,157892,18
1596254400,160495,19
1598932800,163176,20
1601524800,165831,21
1604203200,169167,22
1606798800,173199,23
