1398916800,17900,
1401595200,17571,
1404187200,18317,
1406865600,19365,
1409544000,24144,
1412136000,25575,
1414814400,27069,0
1417410000,28555,1
1420088400,30020,0
1422766800,31735,1
1425186000,33360,2
1427860800,35071,3
1430452800,36835,4
1433131200,38734,5
1435723200,40647,6
1438401600,42944,7
1441080000,44001,8
1443672000,46349,9
1446350400,48720,10
1448946000,51119,11
1451624400,53651,12
1454302800,56154,13
1456808400,58623,14
1459483200,57725,0
1462075200,60184,0
1464753600,62673,0
1467345600,64952,0
1470024000,67370,0
1472702400,69859,1
1475294400,72216,2
1477972800,73253,3
1480568400,75471,4
1483246800,77722,5
1485925200,80053,6
1488344400,82696,7
1491019200,85621,8
1493611200,88287,9
1496289600,91083,10
1498881600,91739,11
1501560000,92315,0
1504238400,94950,0
1506830400,97360,0
1509508800,100180,0
1512104400,102930,1
1514782800,105637,2
1517461200,108897,3
1519880400,111666,4
1522555200,114698,5
1525147200,117697,6
1527825600,120745,7
1530417600,123916,8
1533096000,127032,9
1535774400,133931,10
1538366400,137103,11
1541044800,140336,12
1543640400,143888,13
1546318800,146781,14
1548997200,150284,15
1551416400,153646,16
1554091200,157465,17
1556683200,161058,18
1559361600,164823,19
1561953600,168338,20
1564632000,171771,21
1567310400,175274,22
1569902400,178927,23
1572580800,182377,24
1575176400,185634,25
1577854800,189057,26
1580533200,192537,27
1583038800,195716,28
1585713600,199430,29
1588305600,203399,30
1590984000,207290,31
1593576000,210733,32
1596254400,214425,33
1598932800,218015,34
1601524800,221450,35
1604203200,225632,36
1606798800,230651,37
