1561953600,817229,
1564632000,821153,
1567310400,825208,
1569902400,829479,
1572580800,833657,
1575176400,837987,
1577854800,842312,1
1580533200,846775,2
1583038800,850840,3
1585713600,855723,4
1588305600,860568,5
1590984000,865629,6
1593576000,870327,7
1596254400,875129,8
1598932800,879869,9
1601524800,884726,10
1604203200,889213,11
1606798800,893622,12
1609477200,898218,13
1612155600,903255,14
1614574800,908058,15
1617249600,915374,16
1619841600,921644,17
1622520000,927413,18
1625112000,938599,19
