1485925200,334331,
1488344400,336838,
1491019200,339781,
1493611200,342756,
1496289600,345845,
1498881600,112000,
1501560000,116023,0
1504238400,84543,0
1506830400,77464,0
1509508800,89194,0
1512104400,67832,0
1514782800,69581,0
1517461200,67035,0
1519880400,68584,0
1522555200,70619,0
1525147200,72714,0
1527825600,91818,0
1530417600,97441,0
1533096000,99795,0
1535774400,100506,0
1538366400,102966,0
1541044800,100009,0
1543640400,117824,0
1546318800,134022,0
1548997200,136692,0
1551416400,139759,0
1554091200,143279,0
1556683200,146539,0
1559361600,149877,1
1561953600,153030,2
1564632000,161754,3
1567310400,164996,4
1569902400,168421,5
1572580800,171660,6
1575176400,174727,7
1577854800,177988,8
1580533200,181221,9
1583038800,184206,10
1585713600,187638,11
1588305600,191288,12
1590984000,194933,13
1593576000,198128,14
1596254400,201497,15
1598932800,204860,16
1601524800,208057,17
1604203200,211973,18
1606798800,216706,19
