1561953600,829767,
1564632000,833434,
1567310400,837349,
1569902400,841537,
1572580800,845658,
1575176400,849940,
1577854800,854218,1
1580533200,858647,2
1583038800,862690,3
1585713600,867535,4
1588305600,872353,5
1590984000,877383,6
1593576000,882061,7
1596254400,886835,8
1598932800,891558,9
1601524800,896395,10
1604203200,900867,11
1606798800,905263,12
1609477200,909851,13
1612155600,914874,14
1614574800,919669,15
1617249600,926974,16
1619841600,933234,17
1622520000,938990,18
1625112000,950154,19
