1459483200,40081,
1462075200,41764,
1464753600,43433,
1467345600,44940,
1470024000,46576,
1472702400,48223,
1475294400,49707,1
1477972800,51466,2
1480568400,53063,3
1483246800,54661,4
1485925200,56284,5
1488344400,57999,6
1491019200,60006,7
1493611200,61891,8
1496289600,63770,9
1498881600,65690,10
1501560000,67703,11
1504238400,69618,12
1506830400,71420,13
1509508800,73541,14
1512104400,75561,15
1514782800,77516,16
1517461200,79869,17
1519880400,81970,18
1522555200,84197,19
1525147200,86416,20
1527825600,88710,21
1530417600,91036,22
1533096000,93260,23
1535774400,100149,0
1538366400,102488,1
1541044800,104778,2
1543640400,107537,3
1546318800,109786,0
1548997200,112365,1
1551416400,114833,2
1554091200,117664,3
1556683200,120302,4
1559361600,123155,5
1561953600,125539,6
1564632000,128126,7
1567310400,130670,8
1569902400,133364,9
1572580800,135922,10
1575176400,138426,11
1577854800,141012,12
1580533200,143580,13
1583038800,145904,14
1585713600,148577,15
1588305600,151462,16
1590984000,154313,17
1593576000,156849,18
1596254400,159444,19
1598932800,162090,20
1601524800,164707,21
1604203200,168019,22
1606798800,172034,23
