1538366400,644713,
1541044800,648315,
1543640400,652542,
1546318800,655908,
1548997200,660129,
1551416400,664309,
1554091200,669313,1
1556683200,673958,2
1559361600,678720,3
1561953600,683205,4
1564632000,687888,5
1567310400,692489,6
1569902400,697215,7
1572580800,701837,8
1575176400,706513,9
1577854800,711167,10
1580533200,715964,11
1583038800,720351,12
1585713600,725627,13
1588305600,730891,14
1590984000,736415,15
1593576000,741434,16
1596254400,746641,17
1598932800,751731,18
1601524800,756955,19
1604203200,762631,20
1606798800,769023,21
