1543640400,682045,
1546318800,685379,
1548997200,689400,
1551416400,693424,
1554091200,698264,
1556683200,702818,
1559361600,707464,1
1561953600,711877,2
1564632000,716462,3
1567310400,720959,4
1569902400,725637,5
1572580800,730204,6
1575176400,734844,7
1577854800,739459,8
1580533200,744218,9
1583038800,748566,10
1585713600,753810,11
1588305600,759036,12
1590984000,764512,13
1593576000,769493,14
1596254400,774682,15
1598932800,779743,16
1601524800,784934,17
1604203200,790589,18
1606798800,796961,19
