1538366400,44976,
1541044800,45806,
1543640400,46863,
1546318800,47852,
1548997200,48847,
1551416400,49872,
1554091200,51066,1
1556683200,52165,2
1559361600,53292,3
1561953600,54242,4
1564632000,55293,5
1567310400,56296,6
1569902400,57365,7
1572580800,58317,8
1575176400,59380,9
1577854800,60430,10
1580533200,61345,11
1583038800,62338,12
1585713600,63396,13
1588305600,47998,0
1590984000,48955,0
1593576000,49711,0
1596254400,50542,0
1598932800,51298,0
1601524800,52086,1
1604203200,53397,2
1606798800,55165,3
