1506830400,34881,
1509508800,35937,
1512104400,36905,
1514782800,37929,
1517461200,39045,
1519880400,40141,
1522555200,41271,1
1525147200,42420,2
1527825600,43458,3
1530417600,44541,4
1533096000,45483,5
1535774400,53276,0
1538366400,54497,0
1541044800,55691,0
1543640400,57034,0
1546318800,58324,0
1548997200,59702,1
1551416400,60993,2
1554091200,62515,3
1556683200,63992,4
1559361600,65492,5
1561953600,66802,6
1564632000,68154,7
1567310400,101517,0
1569902400,103544,0
1572580800,105434,0
1575176400,107378,0
1577854800,109419,0
1580533200,111359,1
1583038800,113170,2
1585713600,115239,3
1588305600,117291,4
1590984000,119597,5
1593576000,121430,6
1596254400,123432,7
1598932800,125416,8
1601524800,127358,9
1604203200,130059,10
1606798800,133513,11
