1425186000,108167,
1427860800,109386,
1430452800,110819,
1433131200,112498,
1435723200,114203,
1438401600,116340,
1441080000,118545,1
1443672000,120853,2
1446350400,123210,3
1448946000,125724,4
1451624400,128550,5
1454302800,131285,6
1456808400,134055,7
1459483200,137473,8
1462075200,140562,9
1464753600,143654,10
1467345600,146391,11
1470024000,149452,12
1472702400,152612,13
1475294400,155710,14
1477972800,158975,15
1480568400,161945,16
1483246800,165097,17
1485925200,168096,18
1488344400,171546,19
1491019200,175318,20
1493611200,178971,21
1496289600,182710,22
1498881600,186836,23
1501560000,190899,24
1504238400,194800,25
1506830400,198361,26
1509508800,202694,27
1512104400,206764,28
1514782800,210897,29
1517461200,215675,30
1519880400,219726,31
1522555200,224355,32
1525147200,228797,33
1527825600,233351,34
1530417600,238093,35
1533096000,243125,36
1535774400,247847,37
1538366400,252519,38
1541044800,257125,39
1543640400,262339,40
1546318800,266474,41
1548997200,271431,42
1551416400,276373,43
1554091200,282057,44
1556683200,287297,45
1559361600,292615,46
1561953600,297520,47
1564632000,302734,48
1567310400,307784,49
1569902400,312917,50
1572580800,317921,51
1575176400,322937,52
1577854800,327923,53
1580533200,333050,54
1583038800,337708,55
1585713600,343282,56
1588305600,348845,57
1590984000,354638,58
1593576000,359943,59
1596254400,365417,60
1598932800,370737,61
1601524800,376188,62
1604203200,382065,63
1606798800,388678,64
