1438401600,141172,
1441080000,143015,
1443672000,145098,
1446350400,147250,
1448946000,149481,
1451624400,152107,
1454302800,154667,1
1456808400,157325,2
1459483200,160604,3
1462075200,163568,4
1464753600,166527,5
1467345600,169176,6
1470024000,172144,7
1472702400,175202,8
1475294400,178216,9
1477972800,181406,10
1480568400,184315,11
1483246800,187402,12
1485925200,190347,13
1488344400,193727,14
1491019200,197431,15
1493611200,201041,16
1496289600,204729,17
1498881600,208811,18
1501560000,212835,19
1504238400,216697,20
1506830400,220226,21
1509508800,224494,22
1512104400,228529,23
1514782800,232620,24
1517461200,237354,25
1519880400,241381,26
1522555200,245977,27
1525147200,250400,28
1527825600,254929,29
1530417600,259641,30
1533096000,264640,31
1535774400,269334,32
1538366400,273986,33
1541044800,278571,34
1543640400,283767,35
1546318800,287879,36
1548997200,292827,37
1551416400,297752,38
1554091200,303418,39
1556683200,308643,40
1559361600,313949,41
1561953600,318849,42
1564632000,324053,43
1567310400,329088,44
1569902400,334211,45
1572580800,339207,46
1575176400,344213,47
1577854800,349193,48
1580533200,354306,49
1583038800,358962,50
1585713600,364529,51
1588305600,370082,52
1590984000,375871,53
1593576000,381172,54
1596254400,386640,55
1598932800,391951,56
1601524800,397395,57
1604203200,403259,58
1606798800,409866,59
