1456808400,207514,
1459483200,210023,
1462075200,212491,
1464753600,215081,
1467345600,217396,
1470024000,220126,
1472702400,222935,1
1475294400,225723,2
1477972800,228701,3
1480568400,231443,4
1483246800,234376,5
1485925200,237251,6
1488344400,240489,7
1491019200,244038,8
1493611200,247488,9
1496289600,251043,10
1498881600,255016,11
1501560000,258928,12
1504238400,262649,13
1506830400,266091,14
1509508800,270224,15
1512104400,274180,16
1514782800,278179,17
1517461200,282803,18
1519880400,286762,19
1522555200,291299,20
1525147200,295664,21
1527825600,300143,22
1530417600,304794,23
1533096000,309732,24
1535774400,314368,25
1538366400,318992,26
1541044800,323515,27
1543640400,328653,28
1546318800,332723,29
1548997200,337638,30
1551416400,342534,31
1554091200,348164,32
1556683200,353367,33
1559361600,358648,34
1561953600,363533,35
1564632000,368710,36
1567310400,373715,37
1569902400,378813,38
1572580800,383796,39
1575176400,388786,40
1577854800,393749,41
1580533200,398842,42
1583038800,403483,43
1585713600,409023,44
1588305600,414567,45
1590984000,420331,46
1593576000,425611,47
1596254400,431060,48
1598932800,436348,49
1601524800,441772,50
1604203200,447627,51
1606798800,454216,52
