1514782800,495058,
1517461200,498428,
1519880400,501677,
1522555200,505438,
1525147200,509118,
1527825600,512992,
1530417600,517138,1
1533096000,521447,2
1535774400,525596,3
1538366400,529807,4
1541044800,533930,5
1543640400,538654,6
1546318800,542358,7
1548997200,546935,8
1551416400,551484,9
1554091200,556840,10
1556683200,561773,11
1559361600,566754,12
1561953600,571477,13
1564632000,576404,14
1567310400,581188,15
1569902400,586100,16
1572580800,590924,17
1575176400,595754,18
1577854800,600552,19
1580533200,605499,20
1583038800,610011,21
1585713600,615407,22
1588305600,620804,23
1590984000,626439,24
1593576000,631560,25
1596254400,636863,26
1598932800,642038,27
1601524800,647334,28
1604203200,653084,29
1606798800,659570,30
