1493611200,375281,
1496289600,377908,
1498881600,381149,
1501560000,384381,
1504238400,387672,
1506830400,390684,
1509508800,394334,1
1512104400,397912,2
1514782800,401521,3
1517461200,405725,4
1519880400,409437,5
1522555200,413696,6
1525147200,417758,7
1527825600,421969,8
1530417600,426416,9
1533096000,431014,10
1535774400,435398,11
1538366400,439852,12
1541044800,444183,13
1543640400,449097,14
1546318800,452990,15
1548997200,457767,16
1551416400,462476,17
1554091200,467973,18
1556683200,473052,19
1559361600,478200,20
1561953600,483015,21
1564632000,488085,22
1567310400,492972,23
1569902400,497991,24
1572580800,502887,25
1575176400,507796,26
1577854800,512680,27
1580533200,517694,28
1583038800,522277,29
1585713600,527747,30
1588305600,533207,31
1590984000,538896,32
1593576000,544097,33
1596254400,549476,34
1598932800,554703,35
1601524800,560060,36
1604203200,565863,37
1606798800,572394,38
