1525147200,557838,
1527825600,561290,
1530417600,565148,
1533096000,569150,
1535774400,573080,
1538366400,577057,
1541044800,581023,1
1543640400,585617,2
1546318800,589204,3
1548997200,593648,4
1551416400,598098,5
1554091200,603337,6
1556683200,608189,7
1559361600,613102,8
1561953600,617755,9
1564632000,622588,10
1567310400,627304,11
1569902400,632151,12
1572580800,636900,13
1575176400,641666,14
1577854800,646418,15
1580533200,651312,16
1583038800,655771,17
1585713600,661128,18
1588305600,666490,19
1590984000,672099,20
1593576000,677183,21
1596254400,682452,22
1598932800,687585,23
1601524800,692851,24
1604203200,698576,25
1606798800,705033,26
