1417410000,88988,
1420088400,90142,
1422766800,91577,
1425186000,92983,
1427860800,94519,
1430452800,96110,
1433131200,97948,1
1435723200,99794,2
1438401600,102053,3
1441080000,104382,4
1443672000,106825,5
1446350400,109283,6
1448946000,111909,7
1451624400,114813,8
1454302800,117617,9
1456808400,120459,10
1459483200,123918,11
1462075200,127077,12
1464753600,130229,13
1467345600,133007,14
1470024000,136119,15
1472702400,139335,16
1475294400,142468,17
1477972800,145763,18
1480568400,148772,19
1483246800,151955,20
1485925200,155002,21
1488344400,158487,22
1491019200,162279,23
1493611200,165964,24
1496289600,169728,25
1498881600,173891,26
1501560000,177985,27
1504238400,181919,28
1506830400,185501,29
1509508800,189856,30
1512104400,193952,31
1514782800,198092,32
1517461200,202883,33
1519880400,206950,34
1522555200,211588,35
1525147200,216040,36
1527825600,220608,37
1530417600,225374,38
1533096000,230415,39
1535774400,235152,40
1538366400,239841,41
1541044800,244460,42
1543640400,249689,43
1546318800,253830,44
1548997200,258798,45
1551416400,263742,46
1554091200,269434,47
1556683200,274677,48
1559361600,279997,49
1561953600,284915,50
1564632000,290135,51
1567310400,295198,52
1569902400,300338,53
1572580800,305348,54
1575176400,310377,55
1577854800,315369,56
1580533200,320504,57
1583038800,325164,58
1585713600,330741,59
1588305600,336309,60
1590984000,342105,61
1593576000,347409,62
1596254400,352885,63
1598932800,358213,64
1601524800,363669,65
1604203200,369548,66
1606798800,376165,67
