1435723200,131848,
1438401600,133733,
1441080000,135734,
1443672000,137885,
1446350400,140115,
1448946000,142444,
1451624400,145140,1
1454302800,147756,2
1456808400,150454,3
1459483200,153780,4
1462075200,156775,5
1464753600,159778,6
1467345600,162450,7
1470024000,165446,8
1472702400,168535,9
1475294400,171575,10
1477972800,174794,11
1480568400,177717,12
1483246800,180824,13
1485925200,183778,14
1488344400,187179,15
1491019200,190907,16
1493611200,194529,17
1496289600,198228,18
1498881600,202327,19
1501560000,206365,20
1504238400,210240,21
1506830400,213785,22
1509508800,218068,23
1512104400,222117,24
1514782800,226224,25
1517461200,230982,26
1519880400,235017,27
1522555200,239625,28
1525147200,244050,29
1527825600,248588,30
1530417600,253313,31
1533096000,258324,32
1535774400,263020,33
1538366400,267685,34
1541044800,272275,35
1543640400,277477,36
1546318800,281595,37
1548997200,286545,38
1551416400,291477,39
1554091200,297145,40
1556683200,302373,41
1559361600,307679,42
1561953600,312582,43
1564632000,317790,44
1567310400,322831,45
1569902400,327957,46
1572580800,332953,47
1575176400,337960,48
1577854800,342942,49
1580533200,348060,50
1583038800,352717,51
1585713600,358285,52
1588305600,363841,53
1590984000,369631,54
1593576000,374934,55
1596254400,380405,56
1598932800,385717,57
1601524800,391166,58
1604203200,397032,59
1606798800,403642,60
