1535774400,629258,
1538366400,632855,
1541044800,636589,
1543640400,640904,
1546318800,644320,
1548997200,648582,
1551416400,652812,1
1554091200,657862,2
1556683200,662555,3
1559361600,667346,4
1561953600,671876,5
1564632000,676593,6
1567310400,681203,7
1569902400,685956,8
1572580800,690595,9
1575176400,695276,10
1577854800,699951,11
1580533200,704773,12
1583038800,709176,13
1585713600,714467,14
1588305600,719759,15
1590984000,725311,16
1593576000,730340,17
1596254400,735568,18
1598932800,740664,19
1601524800,745895,20
1604203200,751577,21
1606798800,757975,22
