1477972800,294699,
1480568400,296844,
1483246800,299317,
1485925200,301862,
1488344400,304823,
1491019200,308080,
1493611200,311301,1
1496289600,314573,2
1498881600,318319,3
1501560000,321972,4
1504238400,325563,5
1506830400,328815,6
1509508800,332786,7
1512104400,336602,8
1514782800,340453,9
1517461200,344935,10
1519880400,348806,11
1522555200,353238,12
1525147200,357476,13
1527825600,361826,14
1530417600,366390,15
1533096000,371163,16
1535774400,375696,17
1538366400,380241,18
1541044800,384676,19
1543640400,389716,20
1546318800,393745,21
1548997200,398596,22
1551416400,403397,23
1554091200,408972,24
1556683200,414132,25
1559361600,419364,26
1561953600,424209,27
1564632000,429349,28
1567310400,434302,29
1569902400,439370,30
1572580800,444309,31
1575176400,449267,32
1577854800,454192,33
1580533200,459256,34
1583038800,463872,35
1585713600,469387,36
1588305600,474893,37
1590984000,480620,38
1593576000,485858,39
1596254400,491274,40
1598932800,496525,41
1601524800,501922,42
1604203200,507760,43
1606798800,514325,44
