1472702400,271669,
1475294400,273985,
1477972800,276527,
1480568400,278924,
1483246800,281565,
1485925200,284222,
1488344400,287290,1
1491019200,290634,2
1493611200,293934,3
1496289600,297291,4
1498881600,301097,5
1501560000,304832,6
1504238400,308453,7
1506830400,311776,8
1509508800,315795,9
1512104400,319652,10
1514782800,323553,11
1517461200,328082,12
1519880400,331979,13
1522555200,336442,14
1525147200,340717,15
1527825600,345110,16
1530417600,349694,17
1533096000,354509,18
1535774400,359071,19
1538366400,363642,20
1541044800,368103,21
1543640400,373177,22
1546318800,377214,23
1548997200,382089,24
1551416400,386906,25
1554091200,392496,26
1556683200,397663,27
1559361600,402905,28
1561953600,407758,29
1564632000,412904,30
1567310400,417876,31
1569902400,422950,32
1572580800,427907,33
1575176400,432876,34
1577854800,437806,35
1580533200,442875,36
1583038800,447495,37
1585713600,453017,38
1588305600,458534,39
1590984000,464273,40
1593576000,469524,41
1596254400,474952,42
1598932800,480215,43
1601524800,485618,44
1604203200,491462,45
1606798800,498036,46
