1438401600,140266,
1441080000,142129,
1443672000,144213,
1446350400,146358,
1448946000,36888,
1451624400,38614,
1454302800,40213,0
1456808400,42082,0
1459483200,43963,0
1462075200,45801,1
1464753600,47656,2
1467345600,49338,3
1470024000,51089,4
1472702400,53075,5
1475294400,54818,6
1477972800,56706,7
1480568400,58524,8
1483246800,60193,9
1485925200,61990,10
1488344400,63941,11
1491019200,65396,12
1493611200,67344,13
1496289600,69408,14
1498881600,71508,15
1501560000,73723,16
1504238400,75824,17
1506830400,77725,18
1509508800,80011,19
1512104400,82184,20
1514782800,84276,21
1517461200,86867,22
1519880400,89131,23
1522555200,91608,24
1525147200,94015,25
1527825600,96522,26
1530417600,99069,27
1533096000,101450,28
1535774400,95664,0
1538366400,97919,0
1541044800,100104,0
1543640400,102751,0
1546318800,104866,0
1548997200,107335,1
1551416400,109677,2
1554091200,112400,3
1556683200,114907,4
1559361600,117625,5
1561953600,119924,6
1564632000,122352,7
1567310400,124828,8
1569902400,127373,9
1572580800,129873,10
1575176400,132321,11
1577854800,134824,12
1580533200,137280,13
1583038800,139492,14
1585713600,142078,15
1588305600,144781,16
1590984000,147483,17
1593576000,149906,18
1596254400,152455,19
1598932800,154996,20
1601524800,157515,21
1604203200,160708,22
1606798800,164621,23
