1504238400,121274,
1506830400,429855,
1509508800,128547,
1512104400,132750,
1514782800,136571,
1517461200,140969,
1519880400,144810,0
1522555200,149060,1
1525147200,153597,2
1527825600,157735,3
1530417600,464013,0
1533096000,468514,0
1535774400,472803,0
1538366400,477184,0
1541044800,481446,0
1543640400,486269,1
1546318800,490098,2
1548997200,494801,3
1551416400,499443,4
1554091200,504890,5
1556683200,509915,6
1559361600,515009,7
1561953600,519793,8
1564632000,524823,9
1567310400,529677,10
1569902400,534654,11
1572580800,539509,12
1575176400,544376,13
1577854800,549219,14
1580533200,554206,15
1583038800,558761,16
1585713600,564204,17
1588305600,569634,18
1590984000,575310,19
1593576000,580480,20
1596254400,585836,21
1598932800,591040,22
1601524800,596379,23
1604203200,602159,24
1606798800,608678,25
