1519880400,524748,
1522555200,528242,
1525147200,531783,
1527825600,535512,
1530417600,539563,
1533096000,543761,
1535774400,547817,1
1538366400,551924,2
1541044800,555957,3
1543640400,560634,4
1546318800,564290,5
1548997200,568809,6
1551416400,573319,7
1554091200,578629,8
1556683200,583526,9
1559361600,588479,10
1561953600,593162,11
1564632000,598046,12
1567310400,602798,13
1569902400,607685,14
1572580800,612476,15
1575176400,617296,16
1577854800,622070,17
1580533200,626994,18
1583038800,631480,19
1585713600,636864,20
1588305600,642249,21
1590984000,647868,22
1593576000,652978,23
1596254400,658268,24
1598932800,663419,25
1601524800,668699,26
1604203200,674434,27
1606798800,680911,28
