1485925200,330005,
1488344400,332628,
1491019200,335646,
1493611200,338647,
1496289600,341766,
1498881600,345350,
1501560000,348871,1
1504238400,352345,2
1506830400,355514,3
1509508800,359355,4
1512104400,363078,5
1514782800,366839,6
1517461200,371212,7
1519880400,375011,8
1522555200,379378,9
1525147200,383541,10
1527825600,387839,11
1530417600,392373,12
1533096000,397063,13
1535774400,401546,14
1538366400,406045,15
1541044800,410446,16
1543640400,415441,17
1546318800,419420,18
1548997200,424237,19
1551416400,429002,20
1554091200,434538,21
1556683200,439670,22
1559361600,444850,23
1561953600,449697,24
1564632000,454805,25
1567310400,459734,26
1569902400,464780,27
1572580800,469708,28
1575176400,474646,29
1577854800,479556,30
1580533200,484596,31
1583038800,489198,32
1585713600,494698,33
1588305600,500189,34
1590984000,505902,35
1593576000,511133,36
1596254400,516542,37
1598932800,521777,38
1601524800,527156,39
1604203200,532978,40
1606798800,539525,41
