1530417600,126326,
1533096000,129460,
1535774400,139418,
1538366400,142689,
1541044800,139089,
1543640400,142615,
1546318800,145424,0
1548997200,148809,0
1551416400,152130,0
1554091200,155889,1
1556683200,159404,2
1559361600,163071,3
1561953600,166457,4
1564632000,169851,5
1567310400,173234,6
1569902400,176821,7
1572580800,180206,8
1575176400,183407,9
1577854800,186733,10
1580533200,190152,11
1583038800,193278,12
1585713600,196848,13
1588305600,200746,14
1590984000,204543,15
1593576000,218616,0
1596254400,222389,0
1598932800,226206,1
1601524800,229725,0
1604203200,243817,0
1606798800,235247,0
