1398916800,57135,
1401595200,58121,
1404187200,59248,
1406865600,60382,
1409544000,61778,
1412136000,63112,
1414814400,64574,1
1417410000,66056,2
1420088400,67443,3
1422766800,69140,4
1425186000,70745,5
1427860800,72475,6
1430452800,74230,7
1433131200,76263,8
1435723200,78230,9
1438401600,80614,10
1441080000,83065,11
1443672000,85639,12
1446350400,88178,13
1448946000,90907,14
1451624400,93898,15
1454302800,96791,16
1456808400,99712,17
1459483200,103247,18
1462075200,106480,19
1464753600,109689,20
1467345600,112513,21
1470024000,115683,22
1472702400,118965,23
1475294400,122152,24
1477972800,125498,25
1480568400,128565,26
1483246800,131787,27
1485925200,134860,28
1488344400,138378,29
1491019200,142216,30
1493611200,145928,31
1496289600,149724,32
1498881600,153919,33
1501560000,158035,34
1504238400,161993,35
1506830400,165603,36
1509508800,170005,37
1512104400,174116,38
1514782800,178277,39
1517461200,183094,40
1519880400,187179,41
1522555200,191838,42
1525147200,196313,43
1527825600,200895,44
1530417600,205676,45
1533096000,210729,46
1535774400,215481,47
1538366400,220174,48
1541044800,224803,49
1543640400,230032,50
1546318800,234191,51
1548997200,239164,52
1551416400,244116,53
1554091200,249818,54
1556683200,255065,55
1559361600,260398,56
1561953600,265326,57
1564632000,270553,58
1567310400,275625,59
1569902400,280771,60
1572580800,285791,61
1575176400,290828,62
1577854800,295826,63
1580533200,300969,64
1583038800,305631,65
1585713600,311203,66
1588305600,316780,67
1590984000,322576,68
1593576000,327889,69
1596254400,333372,70
1598932800,338699,71
1601524800,344161,72
1604203200,350049,73
1606798800,356669,74
