1548997200,726559,
1551416400,730090,
1554091200,734623,
1556683200,738753,
1559361600,743138,
1561953600,747330,
1564632000,751724,1
1567310400,756120,2
1569902400,760636,3
1572580800,765051,4
1575176400,769552,5
1577854800,774069,6
1580533200,778660,7
1583038800,782847,8
1585713600,787885,9
1588305600,792880,10
1590984000,798038,11
1593576000,802840,12
1596254400,807744,13
1598932800,812543,14
1601524800,817516,15
1604203200,822089,16
1606798800,826572,17
1609477200,831213,18
1612155600,836301,19
1614574800,841164,20
1617249600,848532,21
1619841600,854849,22
1622520000,860657,23
1625112000,871953,24
