1446350400,47681,
1448946000,50010,
1451624400,52423,
1454302800,54842,
1456808400,57175,
1459483200,59840,
1462075200,62415,1
1464753600,186354,0
1467345600,188884,0
1470024000,191763,0
1472702400,194711,0
1475294400,197631,0
1477972800,200742,1
1480568400,203598,2
1483246800,206626,3
1485925200,209528,4
1488344400,212862,5
1491019200,216497,6
1493611200,220052,7
1496289600,223694,8
1498881600,227735,9
1501560000,231719,10
1504238400,235532,11
1506830400,239031,12
1509508800,243242,13
1512104400,247253,14
1514782800,251309,15
1517461200,256008,16
1519880400,260009,17
1522555200,264582,18
1525147200,268987,19
1527825600,273497,20
1530417600,278181,21
1533096000,283159,22
1535774400,287832,23
1538366400,292474,24
1541044800,297038,25
1543640400,302208,26
1546318800,306313,27
1548997200,311246,28
1551416400,316168,29
1554091200,321813,30
1556683200,327030,31
1559361600,332325,32
1561953600,337219,33
1564632000,342415,34
1567310400,347438,35
1569902400,352554,36
1572580800,357543,37
1575176400,362542,38
1577854800,367514,39
1580533200,372623,40
1583038800,377274,41
1585713600,382833,42
1588305600,388387,43
1590984000,394167,44
1593576000,399461,45
1596254400,404922,46
1598932800,410226,47
1601524800,415658,48
1604203200,421518,49
1606798800,428116,50
