1462075200,66575,
1464753600,69388,
1467345600,71997,
1470024000,74792,
1472702400,78158,
1475294400,80898,
1477972800,83764,1
1480568400,86372,2
1483246800,89062,3
1485925200,91778,4
1488344400,94856,5
1491019200,98156,6
1493611200,101284,7
1496289600,104612,8
1498881600,108011,9
1501560000,111432,10
1504238400,114759,11
1506830400,117838,12
1509508800,121418,13
1512104400,124958,14
1514782800,128449,15
1517461200,132538,16
1519880400,136104,17
1522555200,139839,18
1525147200,143627,19
1527825600,147421,20
1530417600,151458,21
1533096000,155419,22
1535774400,160742,23
1538366400,164598,24
1541044800,168599,25
1543640400,173006,26
1546318800,176555,27
1548997200,180814,28
1551416400,184993,29
1554091200,189695,30
1556683200,194338,31
1559361600,199040,32
1561953600,203158,33
1564632000,207556,34
1567310400,211897,35
1569902400,216295,36
1572580800,220443,37
1575176400,224559,38
1577854800,228820,39
1580533200,233175,40
1583038800,237171,41
1585713600,241795,42
1588305600,246574,43
1590984000,251560,44
1593576000,255794,45
1596254400,260438,46
1598932800,264864,47
1601524800,269084,48
1604203200,274183,49
1606798800,279954,50
