1548997200,723240,
1551416400,726860,
1554091200,731426,
1556683200,735578,
1559361600,739975,
1561953600,744184,
1564632000,748597,1
1567310400,752999,2
1569902400,757519,3
1572580800,761944,4
1575176400,766454,5
1577854800,770979,6
1580533200,775573,7
1583038800,779761,8
1585713600,784807,9
1588305600,789810,10
1590984000,794979,11
1593576000,799780,12
1596254400,804691,13
1598932800,809489,14
1601524800,814465,15
1604203200,819043,16
1606798800,823531,17
1609477200,828175,18
1612155600,833267,19
1614574800,838128,20
1617249600,845500,21
1619841600,851813,22
1622520000,857620,23
1625112000,868921,24
