1351742400,1793,
1354338000,366,
1357016400,294,
1359694800,260,
1362114000,114,
1364788800,104,
1367380800,96,0
1370059200,109,0
1372651200,141,0
1375329600,136,0
1378008000,132,0
1380600000,278,0
1383278400,285,0
1385874000,296,0
1388552400,269,0
1391230800,290,0
1393650000,308,0
1396324800,303,0
1398916800,309,0
1401595200,331,0
1404187200,340,0
1406865600,332,0
1409544000,305,0
1412136000,315,0
1414814400,310,0
1417410000,332,0
1420088400,319,0
1422766800,318,0
1425186000,329,0
1427860800,339,0
1430452800,331,0
1433131200,328,0
1435723200,267,0
1438401600,278,0
1441080000,274,0
1443672000,274,0
1446350400,272,0
1448946000,269,0
1451624400,272,0
1454302800,284,0
1456808400,276,0
1459483200,341,0
1462075200,374,0
1464753600,739,0
1467345600,733,0
1470024000,753,0
1472702400,772,0
1475294400,758,0
1477972800,771,0
1480568400,798,0
1483246800,809,0
1485925200,840,0
1488344400,853,1
1491019200,875,2
1493611200,895,3
1496289600,891,0
1498881600,972,0
1501560000,986,0
1504238400,993,0
1506830400,1032,0
1509508800,1029,0
1512104400,1085,0
1514782800,1114,0
1517461200,1125,0
1519880400,1123,0
1522555200,1307,0
1525147200,1344,0
1527825600,1329,0
1530417600,1367,0
1533096000,1385,0
1535774400,1230,0
1538366400,1249,0
1541044800,1272,0
1543640400,1341,0
1546318800,1340,0
1548997200,1386,1
1551416400,1398,0
1554091200,1417,0
1556683200,1522,0
1559361600,1552,0
1561953600,1570,0
1564632000,1582,0
1567310400,1597,0
1569902400,1623,1
1572580800,1650,2
1575176400,1677,3
1577854800,1691,4
1580533200,1727,5
1583038800,1763,6
1585713600,1785,7
1588305600,1813,8
1590984000,1835,9
1593576000,1868,10
1596254400,1888,11
1598932800,1919,12
1601524800,1934,13
1604203200,1955,14
1606798800,1970,15
