1483246800,323135,
1485925200,325267,
1488344400,327978,
1491019200,331034,
1493611200,334087,
1496289600,337245,
1498881600,340862,1
1501560000,344411,2
1504238400,347907,3
1506830400,351091,4
1509508800,354967,5
1512104400,358703,6
1514782800,362483,7
1517461200,366866,8
1519880400,370675,9
1522555200,375056,10
1525147200,379227,11
1527825600,383537,12
1530417600,388072,13
1533096000,392781,14
1535774400,397275,15
1538366400,401785,16
1541044800,406197,17
1543640400,411196,18
1546318800,415185,19
1548997200,420010,20
1551416400,424779,21
1554091200,430327,22
1556683200,435464,23
1559361600,440650,24
1561953600,445481,25
1564632000,450596,26
1567310400,455529,27
1569902400,460581,28
1572580800,465510,29
1575176400,470453,30
1577854800,475368,31
1580533200,480410,32
1583038800,485015,33
1585713600,490517,34
1588305600,496009,35
1590984000,501725,36
1593576000,506954,37
1596254400,512363,38
1598932800,517602,39
1601524800,522984,40
1604203200,528810,41
1606798800,535359,42
