1448946000,43860,
1451624400,45867,
1454302800,47707,
1456808400,49700,
1459483200,51979,
1462075200,43174,
1464753600,14338,0
1467345600,14500,0
1470024000,14188,0
1472702400,14130,0
1475294400,12716,0
1477972800,11543,0
1480568400,11593,0
1483246800,11206,0
1485925200,10592,0
1488344400,10673,0
1491019200,11072,0
1493611200,11386,0
1496289600,13215,0
1498881600,13585,0
1501560000,13981,0
1504238400,14326,0
1506830400,11751,0
1509508800,9659,0
1512104400,9867,0
1514782800,10171,0
1517461200,10456,0
1519880400,10702,0
1522555200,10874,1
1525147200,11108,2
1527825600,11378,3
1530417600,11676,4
1533096000,11949,5
1535774400,11908,6
1538366400,12182,0
1541044800,12094,0
1543640400,12147,0
1546318800,12297,0
1548997200,12694,0
1551416400,12588,0
1554091200,12888,0
1556683200,13166,0
1559361600,13430,0
1561953600,13681,0
1564632000,13860,1
1567310400,14116,2
1569902400,14387,3
1572580800,14193,0
1575176400,12629,0
1577854800,12089,0
1580533200,12255,0
1583038800,11766,0
1585713600,11980,0
1588305600,12153,0
1590984000,11975,0
1593576000,11847,0
1596254400,11228,0
1598932800,11409,0
1601524800,11121,0
1604203200,11234,0
1606798800,10909,0
