1446350400,169071,
1448946000,170896,
1451624400,173233,
1454302800,175541,
1456808400,177997,
1459483200,181113,
1462075200,183968,1
1464753600,186803,2
1467345600,189332,3
1470024000,192210,4
1472702400,195155,5
1475294400,198071,6
1477972800,201182,7
1480568400,204035,8
1483246800,207063,9
1485925200,209964,10
1488344400,213298,11
1491019200,216928,12
1493611200,220480,13
1496289600,224121,14
1498881600,228161,15
1501560000,232144,16
1504238400,235957,17
1506830400,239455,18
1509508800,243666,19
1512104400,247676,20
1514782800,251731,21
1517461200,256430,22
1519880400,260431,23
1522555200,265002,24
1525147200,269406,25
1527825600,273916,26
1530417600,278600,27
1533096000,283576,28
1535774400,288249,29
1538366400,292890,30
1541044800,297454,31
1543640400,302624,32
1546318800,306729,33
1548997200,311662,34
1551416400,316584,35
1554091200,322229,36
1556683200,327446,37
1559361600,332741,38
1561953600,337635,39
1564632000,342830,40
1567310400,347852,41
1569902400,352968,42
1572580800,357957,43
1575176400,362956,44
1577854800,367929,45
1580533200,373038,46
1583038800,377688,47
1585713600,383247,48
1588305600,388801,49
1590984000,394581,50
1593576000,399875,51
1596254400,405336,52
1598932800,410640,53
1601524800,416073,54
1604203200,421933,55
1606798800,428531,56
