1506830400,123423,
1509508800,127257,
1512104400,131014,
1514782800,134792,
1517461200,139129,
1519880400,142905,
1522555200,147091,1
1525147200,151016,2
1527825600,155042,3
1530417600,159384,4
1533096000,163622,5
1535774400,168669,6
1538366400,172818,7
1541044800,177117,8
1543640400,181776,9
1546318800,185506,10
1548997200,190018,11
1551416400,194487,12
1554091200,199567,13
1556683200,204393,14
1559361600,209331,15
1561953600,213695,16
1564632000,218383,17
1567310400,223057,18
1569902400,227874,19
1572580800,232328,20
1575176400,236791,21
1577854800,241336,22
1580533200,245942,23
1583038800,250136,24
1585713600,255043,25
1588305600,260075,26
1590984000,265269,27
1593576000,269970,28
1596254400,274790,29
1598932800,279442,30
1601524800,283976,31
1604203200,289288,32
1606798800,295311,33
