1443672000,157358,
1446350400,159274,
1448946000,161363,
1451624400,163848,
1454302800,166287,
1456808400,168839,
1459483200,172032,1
1462075200,174942,2
1464753600,177835,3
1467345600,180418,4
1470024000,183331,5
1472702400,186318,6
1475294400,189288,7
1477972800,192437,8
1480568400,195318,9
1483246800,198373,10
1485925200,201286,11
1488344400,204640,12
1491019200,208305,13
1493611200,211873,14
1496289600,215532,15
1498881600,219588,16
1501560000,223591,17
1504238400,227417,18
1506830400,230923,19
1509508800,235157,20
1512104400,239176,21
1514782800,243247,22
1517461200,247962,23
1519880400,251979,24
1522555200,256563,25
1525147200,260975,26
1527825600,265495,27
1530417600,270192,28
1533096000,275180,29
1535774400,279863,30
1538366400,284507,31
1541044800,289078,32
1543640400,294257,33
1546318800,298369,34
1548997200,303310,35
1551416400,308232,36
1554091200,313885,37
1556683200,319106,38
1559361600,324407,39
1561953600,329306,40
1564632000,334507,41
1567310400,339534,42
1569902400,344658,43
1572580800,349650,44
1575176400,354652,45
1577854800,359629,46
1580533200,364740,47
1583038800,369393,48
1585713600,374959,49
1588305600,380513,50
1590984000,386298,51
1593576000,391596,52
1596254400,397060,53
1598932800,402366,54
1601524800,407804,55
1604203200,413666,56
1606798800,420269,57
