1546318800,695925,
1548997200,699809,
1551416400,703656,
1554091200,708386,
1556683200,712668,
1559361600,717169,
1561953600,721463,1
1564632000,725943,2
1567310400,730405,3
1569902400,734971,4
1572580800,739457,5
1575176400,744017,6
1577854800,748590,7
1580533200,753235,8
1583038800,757438,9
1585713600,762530,10
1588305600,767558,11
1590984000,772760,12
1593576000,777580,13
1596254400,782519,14
1598932800,787330,15
1601524800,792319,16
1604203200,796923,17
1606798800,801429,18
1609477200,806078,19
1612155600,811191,20
1614574800,816060,21
1617249600,823435,22
1619841600,829764,23
1622520000,835580,24
1625112000,846915,25
1627790400,852247,26
