1530417600,598154,
1533096000,601707,
1535774400,605327,
1538366400,609138,
1541044800,613042,
1543640400,617490,
1546318800,620994,1
1548997200,625333,2
1551416400,629648,3
1554091200,634817,4
1556683200,639571,5
1559361600,644420,6
1561953600,649019,7
1564632000,653788,8
1567310400,658439,9
1569902400,663226,10
1572580800,667918,11
1575176400,672624,12
1577854800,677332,13
1580533200,682179,14
1583038800,686618,15
1585713600,691933,16
1588305600,697250,17
1590984000,702822,18
1593576000,707884,19
1596254400,713139,20
1598932800,718251,21
1601524800,723490,22
1604203200,729185,23
1606798800,735609,24
