1554091200,770369,
1556683200,773962,
1559361600,778078,
1561953600,782081,
1564632000,786296,
1567310400,790549,
1569902400,794982,1
1572580800,799292,2
1575176400,803700,3
1577854800,808133,4
1580533200,812665,5
1583038800,816788,6
1585713600,821751,7
1588305600,826664,8
1590984000,831777,9
1593576000,836532,10
1596254400,841377,11
1598932800,846142,12
1601524800,851052,13
1604203200,855574,14
1606798800,860018,15
1609477200,864634,16
1612155600,869703,17
1614574800,874539,18
1617249600,881879,19
1619841600,888175,20
1622520000,893957,21
1625112000,905205,22
