1530417600,597135,
1533096000,100652,
1535774400,139395,
1538366400,119524,
1541044800,122325,
1543640400,125516,
1546318800,128025,0
1548997200,131078,0
1551416400,133997,1
1554091200,137361,2
1556683200,140489,3
1559361600,143742,4
1561953600,146739,5
1564632000,149798,6
1567310400,152800,7
1569902400,155956,8
1572580800,158960,9
1575176400,161843,10
1577854800,164890,11
1580533200,167872,12
1583038800,170611,13
1585713600,173859,14
1588305600,177251,15
1590984000,180571,16
1593576000,183470,17
1596254400,186503,18
1598932800,189621,19
1601524800,192626,20
1604203200,196289,21
1606798800,200798,22
