1406865600,70294,
1409544000,71459,
1412136000,72670,
1414814400,74011,
1417410000,75409,
1420088400,76731,
1422766800,78329,1
1425186000,79880,2
1427860800,81541,3
1430452800,83239,4
1433131200,85198,5
1435723200,87119,6
1438401600,89468,7
1441080000,91881,8
1443672000,94414,9
1446350400,96921,10
1448946000,99607,11
1451624400,102570,12
1454302800,105440,13
1456808400,108333,14
1459483200,111839,15
1462075200,115044,16
1464753600,118239,17
1467345600,121054,18
1470024000,124195,19
1472702400,127453,20
1475294400,130619,21
1477972800,133942,22
1480568400,136988,23
1483246800,140199,24
1485925200,143255,25
1488344400,146761,26
1491019200,150580,27
1493611200,154283,28
1496289600,158069,29
1498881600,162255,30
1501560000,166361,31
1504238400,170308,32
1506830400,173911,33
1509508800,178284,34
1512104400,182388,35
1514782800,186542,36
1517461200,191344,37
1519880400,195422,38
1522555200,200074,39
1525147200,204540,40
1527825600,209115,41
1530417600,213887,42
1533096000,218937,43
1535774400,223683,44
1538366400,228376,45
1541044800,233001,46
1543640400,238236,47
1546318800,242387,48
1548997200,247355,49
1551416400,252306,50
1554091200,258004,51
1556683200,263252,52
1559361600,268580,53
1561953600,273503,54
1564632000,278726,55
1567310400,283793,56
1569902400,288936,57
1572580800,293951,58
1575176400,298984,59
1577854800,303975,60
1580533200,309113,61
1583038800,313777,62
1585713600,319351,63
1588305600,324922,64
1590984000,330720,65
1593576000,336030,66
1596254400,341511,67
1598932800,346841,68
1601524800,352300,69
1604203200,358186,70
1606798800,364803,71
