1506830400,444313,
1509508800,447428,
1512104400,450636,
1514782800,453974,
1517461200,457891,
1519880400,461400,
1522555200,465411,1
1525147200,469280,2
1527825600,473324,3
1530417600,477618,4
1533096000,482064,5
1535774400,486322,6
1538366400,490669,7
1541044800,494885,8
1543640400,499664,9
1546318800,503467,10
1548997200,508123,11
1551416400,512748,12
1554091200,518171,13
1556683200,523173,14
1559361600,528234,15
1561953600,533009,16
1564632000,538026,17
1567310400,542862,18
1569902400,547822,19
1572580800,552688,20
1575176400,557544,21
1577854800,562376,22
1580533200,567349,23
1583038800,571896,24
1585713600,577324,25
1588305600,582757,26
1590984000,588422,27
1593576000,593580,28
1596254400,598924,29
1598932800,604120,30
1601524800,609447,31
1604203200,615213,32
1606798800,621726,33
