1456808400,202570,
1459483200,205286,
1462075200,207856,
1464753600,210496,
1467345600,212856,
1470024000,215602,
1472702400,218444,1
1475294400,221253,2
1477972800,224262,3
1480568400,227024,4
1483246800,229970,5
1485925200,232868,6
1488344400,236117,7
1491019200,239680,8
1493611200,243146,9
1496289600,246716,10
1498881600,250698,11
1501560000,254623,12
1504238400,258351,13
1506830400,261801,14
1509508800,265951,15
1512104400,269915,16
1514782800,273920,17
1517461200,278561,18
1519880400,282525,19
1522555200,287070,20
1525147200,291440,21
1527825600,295925,22
1530417600,300582,23
1533096000,305526,24
1535774400,310168,25
1538366400,314796,26
1541044800,319322,27
1543640400,324468,28
1546318800,328538,29
1548997200,333456,30
1551416400,338359,31
1554091200,343992,32
1556683200,349196,33
1559361600,354480,34
1561953600,359371,35
1564632000,364552,36
1567310400,369560,37
1569902400,374661,38
1572580800,379643,39
1575176400,384633,40
1577854800,389597,41
1580533200,394693,42
1583038800,399336,43
1585713600,404880,44
1588305600,410429,45
1590984000,416195,46
1593576000,421478,47
1596254400,426929,48
1598932800,432220,49
1601524800,437645,50
1604203200,443500,51
1606798800,450089,52
