1451624400,185554,
1454302800,187659,
1456808400,189912,
1459483200,192896,
1462075200,195640,
1464753600,46249,
1467345600,47825,0
1470024000,49474,0
1472702400,51184,0
1475294400,52757,0
1477972800,54539,1
1480568400,56189,2
1483246800,57785,3
1485925200,59485,4
1488344400,61313,5
1491019200,63412,6
1493611200,65297,7
1496289600,67265,8
1498881600,69306,9
1501560000,71417,10
1504238400,73416,11
1506830400,75248,12
1509508800,77446,13
1512104400,79531,14
1514782800,81525,15
1517461200,83986,16
1519880400,86167,17
1522555200,88528,18
1525147200,90841,19
1527825600,93199,20
1530417600,95641,21
1533096000,97928,22
1535774400,105696,0
1538366400,108094,1
1541044800,110573,2
1543640400,113452,3
1546318800,115786,0
1548997200,118502,1
1551416400,121104,2
1554091200,124082,3
1556683200,126834,4
1559361600,129836,5
1561953600,132396,6
1564632000,135113,7
1567310400,137801,8
1569902400,140583,9
1572580800,143231,10
1575176400,145850,11
1577854800,148548,12
1580533200,151229,13
1583038800,153665,14
1585713600,156528,15
1588305600,159505,16
1590984000,162482,17
1593576000,165097,18
1596254400,167831,19
1598932800,170626,20
1601524800,173385,21
1604203200,176782,22
1606798800,180965,23
