1406865600,71871,
1409544000,72929,
1412136000,74110,
1414814400,75430,
1417410000,76813,
1420088400,78122,
1422766800,79717,1
1425186000,81256,2
1427860800,82902,3
1430452800,84596,4
1433131200,86552,5
1435723200,88472,6
1438401600,90818,7
1441080000,93217,8
1443672000,95740,9
1446350400,98245,10
1448946000,100927,11
1451624400,103884,12
1454302800,106749,13
1456808400,109644,14
1459483200,113143,15
1462075200,116339,16
1464753600,119530,17
1467345600,122343,18
1470024000,125482,19
1472702400,128736,20
1475294400,131898,21
1477972800,135217,22
1480568400,138255,23
1483246800,141464,24
1485925200,144521,25
1488344400,148026,26
1491019200,151842,27
1493611200,155543,28
1496289600,159327,29
1498881600,163512,30
1501560000,167613,31
1504238400,171558,32
1506830400,175161,33
1509508800,179532,34
1512104400,183634,35
1514782800,187787,36
1517461200,192585,37
1519880400,196663,38
1522555200,201313,39
1525147200,205776,40
1527825600,210350,41
1530417600,215121,42
1533096000,220171,43
1535774400,224916,44
1538366400,229608,45
1541044800,234233,46
1543640400,239468,47
1546318800,243619,48
1548997200,248587,49
1551416400,253538,50
1554091200,259234,51
1556683200,264481,52
1559361600,269808,53
1561953600,274730,54
1564632000,279952,55
1567310400,285019,56
1569902400,290162,57
1572580800,295177,58
1575176400,300209,59
1577854800,305200,60
1580533200,310338,61
1583038800,315002,62
1585713600,320576,63
1588305600,326146,64
1590984000,331944,65
1593576000,337254,66
1596254400,342735,67
1598932800,348066,68
1601524800,353525,69
1604203200,359410,70
1606798800,366027,71
