1522555200,541717,
1525147200,545088,
1527825600,548684,
1530417600,552655,
1533096000,556760,
1535774400,560769,
1538366400,564801,1
1541044800,568797,2
1543640400,573428,3
1546318800,577054,4
1548997200,581538,5
1551416400,586001,6
1554091200,591279,7
1556683200,596151,8
1559361600,601084,9
1561953600,605737,10
1564632000,610595,11
1567310400,615326,12
1569902400,620196,13
1572580800,624969,14
1575176400,629766,15
1577854800,634527,16
1580533200,639438,17
1583038800,643910,18
1585713600,649280,19
1588305600,654656,20
1590984000,660279,21
1593576000,665371,22
1596254400,670651,23
1598932800,675793,24
1601524800,681063,25
1604203200,686795,26
1606798800,693262,27
