1517461200,509099,
1519880400,512225,
1522555200,515893,
1525147200,519511,
1527825600,523326,
1530417600,527444,
1533096000,531702,1
1535774400,535814,2
1538366400,539980,3
1541044800,544063,4
1543640400,548772,5
1546318800,552466,6
1548997200,557011,7
1551416400,561540,8
1554091200,566875,9
1556683200,571797,10
1559361600,576768,11
1561953600,581468,12
1564632000,586372,13
1567310400,591143,14
1569902400,596049,15
1572580800,600853,16
1575176400,605672,17
1577854800,610461,18
1580533200,615393,19
1583038800,619893,20
1585713600,625285,21
1588305600,630674,22
1590984000,636306,23
1593576000,641426,24
1596254400,646720,25
1598932800,651883,26
1601524800,657168,27
1604203200,662912,28
1606798800,669393,29
