1559361600,806395,
1561953600,810075,
1564632000,814090,
1567310400,818192,
1569902400,822500,
1572580800,826710,
1575176400,831058,1
1577854800,835406,2
1580533200,839876,3
1583038800,843952,4
1585713600,848847,5
1588305600,853707,6
1590984000,858769,7
1593576000,863475,8
1596254400,868278,9
1598932800,873025,10
1601524800,877892,11
1604203200,882384,12
1606798800,886801,13
1609477200,891406,14
1612155600,896454,15
1614574800,901264,16
1617249600,908582,17
1619841600,914860,18
1622520000,920629,19
1625112000,931832,20
1627790400,937107,21
