1414814400,84117,
1417410000,85344,
1420088400,86565,
1422766800,88056,
1425186000,89528,
1427860800,91099,
1430452800,92730,1
1433131200,94611,2
1435723200,96480,3
1438401600,98765,4
1441080000,101111,5
1443672000,103579,6
1446350400,106043,7
1448946000,108681,8
1451624400,111603,9
1454302800,114424,10
1456808400,117283,11
1459483200,120754,12
1462075200,123923,13
1464753600,127088,14
1467345600,129882,15
1470024000,132997,16
1472702400,136225,17
1475294400,139365,18
1477972800,142669,19
1480568400,145688,20
1483246800,148881,21
1485925200,151934,22
1488344400,155426,23
1491019200,159225,24
1493611200,162915,25
1496289600,166686,26
1498881600,170854,27
1501560000,174954,28
1504238400,178893,29
1506830400,182479,30
1509508800,186839,31
1512104400,190938,32
1514782800,195083,33
1517461200,199876,34
1519880400,203949,35
1522555200,208590,36
1525147200,213045,37
1527825600,217617,38
1530417600,222383,39
1533096000,227426,40
1535774400,232166,41
1538366400,236858,42
1541044800,241478,43
1543640400,246709,44
1546318800,250854,45
1548997200,255824,46
1551416400,260770,47
1554091200,266463,48
1556683200,271706,49
1559361600,277030,50
1561953600,281949,51
1564632000,287170,52
1567310400,292235,53
1569902400,297377,54
1572580800,302388,55
1575176400,307416,56
1577854800,312409,57
1580533200,317544,58
1583038800,322205,59
1585713600,327783,60
1588305600,333351,61
1590984000,339146,62
1593576000,344451,63
1596254400,349929,64
1598932800,355257,65
1601524800,360714,66
1604203200,366595,67
1606798800,373211,68
