1470024000,261554,
1472702400,263878,
1475294400,266319,
1477972800,268976,
1480568400,271430,
1483246800,274150,
1485925200,276839,1
1488344400,279935,2
1491019200,283312,3
1493611200,286648,4
1496289600,290042,5
1498881600,293874,6
1501560000,297654,7
1504238400,301294,8
1506830400,304636,9
1509508800,308671,10
1512104400,312544,11
1514782800,316459,12
1517461200,321003,13
1519880400,324909,14
1522555200,329398,15
1525147200,333690,16
1527825600,338099,17
1530417600,342696,18
1533096000,347521,19
1535774400,352100,20
1538366400,356682,21
1541044800,361151,22
1543640400,366242,23
1546318800,370287,24
1548997200,375171,25
1551416400,380010,26
1554091200,385606,27
1556683200,390781,28
1559361600,396025,29
1561953600,400889,30
1564632000,406039,31
1567310400,411023,32
1569902400,416097,33
1572580800,421062,34
1575176400,426035,35
1577854800,430980,36
1580533200,436053,37
1583038800,440675,38
1585713600,446202,39
1588305600,451726,40
1590984000,457465,41
1593576000,462723,42
1596254400,468158,43
1598932800,473426,44
1601524800,478834,45
1604203200,484679,46
1606798800,491254,47
