1546318800,698759,
1548997200,702583,
1551416400,706407,
1554091200,711114,
1556683200,715383,
1559361600,719867,
1561953600,724157,1
1564632000,728628,2
1567310400,733076,3
1569902400,737636,4
1572580800,742113,5
1575176400,746664,6
1577854800,751236,7
1580533200,755870,8
1583038800,760069,9
1585713600,765154,10
1588305600,770180,11
1590984000,775379,12
1593576000,780197,13
1596254400,785132,14
1598932800,789942,15
1601524800,794932,16
1604203200,799534,17
1606798800,804040,18
1609477200,808685,19
1612155600,813790,20
1614574800,818658,21
1617249600,826030,22
1619841600,832357,23
1622520000,838173,24
1625112000,849505,25
