1498881600,401118,
1501560000,404069,
1504238400,407175,
1506830400,410084,
1509508800,413576,
1512104400,417068,
1514782800,420612,1
1517461200,424721,2
1519880400,428365,3
1522555200,432535,4
1525147200,436551,5
1527825600,440706,6
1530417600,445093,7
1533096000,449657,8
1535774400,453994,9
1538366400,458425,10
1541044800,462730,11
1543640400,467599,12
1546318800,471457,13
1548997200,476193,14
1551416400,480871,15
1554091200,486345,16
1556683200,491395,17
1559361600,496516,18
1561953600,501316,19
1564632000,506377,20
1567310400,511249,21
1569902400,516248,22
1572580800,521126,23
1575176400,526018,24
1577854800,530881,25
1580533200,535880,26
1583038800,540446,27
1585713600,545902,28
1588305600,551349,29
1590984000,557032,30
1593576000,562215,31
1596254400,567579,32
1598932800,572788,33
1601524800,578142,34
1604203200,583928,35
1606798800,590455,36
