1496289600,388644,
1498881600,391671,
1501560000,394770,
1504238400,397960,
1506830400,400917,
1509508800,404492,
1512104400,408027,1
1514782800,411605,2
1517461200,415741,3
1519880400,419420,4
1522555200,423635,5
1525147200,427682,6
1527825600,431861,7
1530417600,436276,8
1533096000,440860,9
1535774400,445218,10
1538366400,449660,11
1541044800,453979,12
1543640400,458876,13
1546318800,462753,14
1548997200,467513,15
1551416400,472212,16
1554091200,477693,17
1556683200,482765,18
1559361600,487897,19
1561953600,492703,20
1564632000,497772,21
1567310400,502647,22
1569902400,507653,23
1572580800,512542,24
1575176400,517445,25
1577854800,522316,26
1580533200,527326,27
1583038800,531900,28
1585713600,537360,29
1588305600,542816,30
1590984000,548501,31
1593576000,553693,32
1596254400,559067,33
1598932800,564286,34
1601524800,569641,35
1604203200,575436,36
1606798800,581967,37
