1535774400,630094,
1538366400,633681,
1541044800,637412,
1543640400,641717,
1546318800,645131,
1548997200,649388,
1551416400,653615,1
1554091200,658659,2
1556683200,663349,3
1559361600,668139,4
1561953600,672666,5
1564632000,677383,6
1567310400,681992,7
1569902400,686742,8
1572580800,691379,9
1575176400,696059,10
1577854800,700734,11
1580533200,705556,12
1583038800,709957,13
1585713600,715248,14
1588305600,720536,15
1590984000,726087,16
1593576000,731116,17
1596254400,736344,18
1598932800,741441,19
1601524800,746671,20
1604203200,752353,21
1606798800,758750,22
