1530417600,598499,
1533096000,602047,
1535774400,605662,
1538366400,609474,
1541044800,613377,
1543640400,617822,
1546318800,621324,1
1548997200,625663,2
1551416400,629976,3
1554091200,635146,4
1556683200,639897,5
1559361600,644745,6
1561953600,649344,7
1564632000,654114,8
1567310400,658764,9
1569902400,663550,10
1572580800,668242,11
1575176400,672947,12
1577854800,677654,13
1580533200,682500,14
1583038800,686939,15
1585713600,692254,16
1588305600,697569,17
1590984000,703141,18
1593576000,708203,19
1596254400,713457,20
1598932800,718570,21
1601524800,723809,22
1604203200,729504,23
1606798800,735927,24
