1561953600,817780,
1564632000,821695,
1567310400,825745,
1569902400,830012,
1572580800,834188,
1575176400,838516,
1577854800,842837,1
1580533200,847300,2
1583038800,851364,3
1585713600,856241,4
1588305600,861086,5
1590984000,866146,6
1593576000,870842,7
1596254400,875642,8
1598932800,880382,9
1601524800,885237,10
1604203200,889723,11
1606798800,894133,12
1609477200,898728,13
1612155600,903765,14
1614574800,908568,15
1617249600,915883,16
1619841600,922153,17
1622520000,927922,18
1625112000,939105,19
1627790400,944374,20
