1459483200,213820,
1462075200,216225,
1464753600,218766,
1467345600,221047,
1470024000,223758,
1472702400,226531,
1475294400,229306,1
1477972800,232259,2
1480568400,234979,3
1483246800,237902,4
1485925200,240752,5
1488344400,243981,6
1491019200,247521,7
1493611200,250959,8
1496289600,254502,9
1498881600,258461,10
1501560000,262358,11
1504238400,266074,12
1506830400,269511,13
1509508800,273640,14
1512104400,277588,15
1514782800,281583,16
1517461200,286205,17
1519880400,290157,18
1522555200,294693,19
1525147200,299051,20
1527825600,303523,21
1530417600,308169,22
1533096000,313106,23
1535774400,317737,24
1538366400,322356,25
1541044800,326875,26
1543640400,332006,27
1546318800,336074,28
1548997200,340987,29
1551416400,345882,30
1554091200,351505,31
1556683200,356706,32
1559361600,361982,33
1561953600,366865,34
1564632000,372040,35
1567310400,377045,36
1569902400,382140,37
1572580800,387121,38
1575176400,392111,39
1577854800,397076,40
1580533200,402167,41
1583038800,406807,42
1585713600,412344,43
1588305600,417886,44
1590984000,423647,45
1593576000,428925,46
1596254400,434372,47
1598932800,439660,48
1601524800,445084,49
1604203200,450938,50
1606798800,457525,51
