1512104400,483499,
1514782800,486253,
1517461200,489821,
1519880400,493126,
1522555200,496939,
1525147200,500679,
1527825600,504598,1
1530417600,508784,2
1533096000,513130,3
1535774400,517307,4
1538366400,521544,5
1541044800,525697,6
1543640400,530412,7
1546318800,534144,8
1548997200,538746,9
1551416400,543307,10
1554091200,548692,11
1556683200,553637,12
1559361600,558639,13
1561953600,563368,14
1564632000,568308,15
1567310400,573104,16
1569902400,578025,17
1572580800,582862,18
1575176400,587703,19
1577854800,592508,20
1580533200,597459,21
1583038800,601981,22
1585713600,607384,23
1588305600,612783,24
1590984000,618424,25
1593576000,623552,26
1596254400,628862,27
1598932800,634042,28
1601524800,639349,29
1604203200,645101,30
1606798800,651592,31
