1338523200,7402,
1341115200,7581,
1343793600,7791,
1346472000,8115,
1349064000,8410,
1351742400,8756,
1354338000,9139,1
1357016400,9517,2
1359694800,10039,3
1362114000,10521,4
1364788800,11247,5
1367380800,11932,6
1370059200,12566,7
1372651200,13348,8
1375329600,14116,9
1378008000,14812,10
1380600000,15723,11
1383278400,16529,12
1385874000,17485,13
1388552400,18509,14
1391230800,19667,15
1393650000,20729,16
1396324800,22077,17
1398916800,23345,18
1401595200,24781,19
1404187200,26202,20
1406865600,27590,21
1409544000,29269,22
1412136000,30830,23
1414814400,32489,24
1417410000,34148,25
1420088400,35687,26
1422766800,37563,27
1425186000,39333,28
1427860800,41211,29
1430452800,43067,30
1433131200,45232,31
1435723200,47314,32
1438401600,49835,33
1441080000,52383,34
1443672000,55072,35
1446350400,57742,36
1448946000,60565,37
1451624400,63639,38
1454302800,66618,39
1456808400,69625,40
1459483200,73173,41
1462075200,76486,42
1464753600,79761,43
1467345600,82643,44
1470024000,85877,45
1472702400,89225,46
1475294400,92472,47
1477972800,95864,48
1480568400,98970,49
1483246800,102237,50
1485925200,105337,51
1488344400,108900,52
1491019200,112774,53
1493611200,116522,54
1496289600,120352,55
1498881600,124570,56
1501560000,128733,57
1504238400,132739,58
1506830400,136364,59
1509508800,140840,60
1512104400,144985,61
1514782800,149177,62
1517461200,154006,63
1519880400,158113,64
1522555200,162772,65
1525147200,167280,66
1527825600,171882,67
1530417600,176675,68
1533096000,181755,69
1535774400,186531,70
1538366400,191242,71
1541044800,195888,72
1543640400,201127,73
1546318800,205292,74
1548997200,210279,75
1551416400,215240,76
1554091200,220961,77
1556683200,226219,78
1559361600,231560,79
1561953600,236498,80
1564632000,241739,81
1567310400,246818,82
1569902400,251967,83
1572580800,256995,84
1575176400,262041,85
1577854800,267054,86
1580533200,272205,87
1583038800,276875,88
1585713600,282453,89
1588305600,288039,90
1590984000,293842,91
1593576000,299160,92
1596254400,304653,93
1598932800,309987,94
1601524800,315462,95
1604203200,321355,96
1606798800,327981,97
