1556683200,788470,
1559361600,792334,
1561953600,796222,
1564632000,800352,
1567310400,804521,
1569902400,808878,
1572580800,813139,1
1575176400,817522,2
1577854800,821917,3
1580533200,826422,4
1583038800,830526,5
1585713600,835460,6
1588305600,840353,7
1590984000,845443,8
1593576000,850172,9
1596254400,854996,10
1598932800,859757,11
1601524800,864650,12
1604203200,869158,13
1606798800,873589,14
1609477200,878197,15
1612155600,883257,16
1614574800,888082,17
1617249600,895411,18
1619841600,901700,19
1622520000,907477,20
1625112000,918705,21
