1464753600,243531,
1467345600,245448,
1470024000,247921,
1472702400,250468,
1475294400,253025,
1477972800,255807,
1480568400,258355,1
1483246800,56271,0
1485925200,57943,0
1488344400,65885,0
1491019200,68159,0
1493611200,70154,0
1496289600,72237,0
1498881600,74450,0
1501560000,76692,1
1504238400,78839,2
1506830400,80747,3
1509508800,83100,4
1512104400,85313,5
1514782800,87482,6
1517461200,90205,7
1519880400,92461,8
1522555200,94910,9
1525147200,97505,10
1527825600,99964,11
1530417600,102602,12
1533096000,105063,13
1535774400,112554,0
1538366400,115183,1
1541044800,117850,2
1543640400,120902,3
1546318800,123295,4
1548997200,126157,5
1551416400,128911,6
1554091200,132104,7
1556683200,135104,8
1559361600,138240,9
1561953600,141016,10
1564632000,143902,11
1567310400,146757,12
1569902400,149830,13
1572580800,152647,14
1575176400,155374,15
1577854800,158228,16
1580533200,161132,17
1583038800,163740,18
1585713600,166805,19
1588305600,170056,20
1590984000,173239,21
1593576000,175992,22
1596254400,178807,23
1598932800,181804,24
1601524800,184734,25
1604203200,188506,26
1606798800,192769,27
