1498881600,405480,
1501560000,408338,
1504238400,411390,
1506830400,414250,
1509508800,417713,
1512104400,421175,
1514782800,424704,1
1517461200,428794,2
1519880400,432429,3
1522555200,436583,4
1525147200,440582,5
1527825600,444728,6
1530417600,449101,7
1533096000,453654,8
1535774400,457984,9
1538366400,462410,10
1541044800,466702,11
1543640400,471566,12
1546318800,475419,13
1548997200,480146,14
1551416400,484822,15
1554091200,490290,16
1556683200,495334,17
1559361600,500450,18
1561953600,505238,19
1564632000,510297,20
1567310400,515166,21
1569902400,520162,22
1572580800,525035,23
1575176400,529922,24
1577854800,534782,25
1580533200,539779,26
1583038800,544342,27
1585713600,549796,28
1588305600,555244,29
1590984000,560929,30
1593576000,566110,31
1596254400,571472,32
1598932800,576680,33
1601524800,582031,34
1604203200,587816,35
1606798800,594342,36
