1462075200,230772,
1464753600,233078,
1467345600,235220,
1470024000,237852,
1472702400,240517,
1475294400,243209,
1477972800,246100,1
1480568400,248758,2
1483246800,251634,3
1485925200,254445,4
1488344400,257625,5
1491019200,261116,6
1493611200,264538,7
1496289600,268028,8
1498881600,271929,9
1501560000,275794,10
1504238400,279496,11
1506830400,282902,12
1509508800,287009,13
1512104400,290922,14
1514782800,294893,15
1517461200,299493,16
1519880400,303437,17
1522555200,307955,18
1525147200,312303,19
1527825600,316758,20
1530417600,321388,21
1533096000,326305,22
1535774400,330924,23
1538366400,335532,24
1541044800,340039,25
1543640400,345160,26
1546318800,349229,27
1548997200,354133,28
1551416400,359019,29
1554091200,364632,30
1556683200,369822,31
1559361600,375089,32
1561953600,379968,33
1564632000,385135,34
1567310400,390130,35
1569902400,395217,36
1572580800,400193,37
1575176400,405178,38
1577854800,410136,39
1580533200,415225,40
1583038800,419862,41
1585713600,425393,42
1588305600,430926,43
1590984000,436675,44
1593576000,441945,45
1596254400,447385,46
1598932800,452664,47
1601524800,458078,48
1604203200,463930,49
1606798800,470515,50
