1543640400,685641,
1546318800,688927,
1548997200,692920,
1551416400,696911,
1554091200,701733,
1556683200,706279,
1559361600,710907,1
1561953600,715305,2
1564632000,719879,3
1567310400,724366,4
1569902400,729041,5
1572580800,733595,6
1575176400,738228,7
1577854800,742839,8
1580533200,747591,9
1583038800,751935,10
1585713600,757175,11
1588305600,762396,12
1590984000,767863,13
1593576000,772838,14
1596254400,778024,15
1598932800,783077,16
1601524800,788264,17
1604203200,793915,18
1606798800,800292,19
