1559361600,807659,
1561953600,811308,
1564632000,815304,
1567310400,819398,
1569902400,823698,
1572580800,827904,
1575176400,832248,1
1577854800,836594,2
1580533200,841060,3
1583038800,845134,4
1585713600,850025,5
1588305600,854884,6
1590984000,859945,7
1593576000,864649,8
1596254400,869451,9
1598932800,874195,10
1601524800,879060,11
1604203200,883550,12
1606798800,887965,13
1609477200,892569,14
1612155600,897616,15
1614574800,902425,16
1617249600,909743,17
1619841600,916020,18
1622520000,921789,19
1625112000,932989,20
