1551416400,749128,
1554091200,753234,
1556683200,757177,
1559361600,761441,
1561953600,765542,
1564632000,769847,
1567310400,774169,1
1569902400,778628,2
1572580800,783005,3
1575176400,787450,4
1577854800,791924,5
1580533200,796485,6
1583038800,800630,7
1585713600,805628,8
1588305600,810579,9
1590984000,815702,10
1593576000,820479,11
1596254400,825354,12
1598932800,830144,13
1601524800,835086,14
1604203200,839635,15
1606798800,844096,16
1609477200,848723,17
1612155600,853802,18
1614574800,858653,19
1617249600,866008,20
1619841600,872320,21
1622520000,878112,22
1625112000,889384,23
1627790400,894688,24
