1472702400,275107,
1475294400,277341,
1477972800,279813,
1480568400,282187,
1483246800,284807,
1485925200,287439,
1488344400,290482,1
1491019200,293814,2
1493611200,297098,3
1496289600,300440,4
1498881600,304232,5
1501560000,307957,6
1504238400,311572,7
1506830400,314881,8
1509508800,318892,9
1512104400,322743,10
1514782800,326630,11
1517461200,331151,12
1519880400,335048,13
1522555200,339508,14
1525147200,343777,15
1527825600,348162,16
1530417600,352742,17
1533096000,357554,18
1535774400,362113,19
1538366400,366678,20
1541044800,371137,21
1543640400,376200,22
1546318800,380235,23
1548997200,385107,24
1551416400,389922,25
1554091200,395508,26
1556683200,400675,27
1559361600,405915,28
1561953600,410766,29
1564632000,415909,30
1567310400,420879,31
1569902400,425952,32
1572580800,430906,33
1575176400,435873,34
1577854800,440800,35
1580533200,445869,36
1583038800,450490,37
1585713600,456012,38
1588305600,461527,39
1590984000,467268,40
1593576000,472517,41
1596254400,477942,42
1598932800,483205,43
1601524800,488605,44
1604203200,494449,45
1606798800,501023,46
