1435723200,132919,
1438401600,134760,
1441080000,136749,
1443672000,138893,
1446350400,52683,
1448946000,55380,
1451624400,58209,0
1454302800,61076,0
1456808400,63997,0
1459483200,28178,0
1462075200,29474,0
1464753600,30620,0
1467345600,31677,0
1470024000,34840,0
1472702400,36020,1
1475294400,37097,2
1477972800,38280,3
1480568400,39453,4
1483246800,40652,5
1485925200,41800,6
1488344400,43119,7
1491019200,44631,8
1493611200,45960,9
1496289600,47301,10
1498881600,48791,11
1501560000,50226,12
1504238400,51676,13
1506830400,52956,14
1509508800,54489,15
1512104400,55902,16
1514782800,57391,17
1517461200,59039,18
1519880400,60537,19
1522555200,62228,20
1525147200,63879,21
1527825600,65548,22
1530417600,67123,23
1533096000,68721,24
1535774400,76899,0
1538366400,78670,0
1541044800,80495,0
1543640400,82533,0
1546318800,84226,0
1548997200,86060,1
1551416400,88009,2
1554091200,90211,3
1556683200,92182,4
1559361600,94385,5
1561953600,96162,6
1564632000,98126,7
1567310400,99977,8
1569902400,102005,9
1572580800,103900,10
1575176400,105856,11
1577854800,107898,12
1580533200,109838,13
1583038800,111656,14
1585713600,113723,15
1588305600,115781,16
1590984000,118085,17
1593576000,119915,18
1596254400,121911,19
1598932800,123892,20
1601524800,125835,21
1604203200,128543,22
1606798800,132002,23
