1556683200,788358,
1559361600,792227,
1561953600,796117,
1564632000,800248,
1567310400,804416,
1569902400,808771,
1572580800,813032,1
1575176400,817417,2
1577854800,821813,3
1580533200,826318,4
1583038800,830422,5
1585713600,835356,6
1588305600,840249,7
1590984000,845339,8
1593576000,850070,9
1596254400,854895,10
1598932800,859656,11
1601524800,864549,12
1604203200,869057,13
1606798800,873488,14
1609477200,878096,15
1612155600,883156,16
1614574800,887982,17
1617249600,895311,18
1619841600,901600,19
1622520000,907377,20
1625112000,918606,21
1627790400,923888,22
