1448946000,175769,
1451624400,177933,
1454302800,180180,
1456808400,182577,
1459483200,185652,
1462075200,188469,
1464753600,191270,1
1467345600,193782,2
1470024000,196649,3
1472702400,199566,4
1475294400,202473,5
1477972800,205564,6
1480568400,208396,7
1483246800,211414,8
1485925200,214299,9
1488344400,217622,10
1491019200,221243,11
1493611200,224774,12
1496289600,228405,13
1498881600,232435,14
1501560000,236410,15
1504238400,240217,16
1506830400,243704,17
1509508800,247906,18
1512104400,251906,19
1514782800,255952,20
1517461200,260651,21
1519880400,264647,22
1522555200,269222,23
1525147200,273621,24
1527825600,278121,25
1530417600,282808,26
1533096000,287783,27
1535774400,292451,28
1538366400,297087,29
1541044800,301642,30
1543640400,306810,31
1546318800,310910,32
1548997200,315843,33
1551416400,320760,34
1554091200,326400,35
1556683200,331611,36
1559361600,336905,37
1561953600,341805,38
1564632000,346994,39
1567310400,352013,40
1569902400,357129,41
1572580800,362117,42
1575176400,367116,43
1577854800,372085,44
1580533200,377192,45
1583038800,381842,46
1585713600,387396,47
1588305600,392948,48
1590984000,398724,49
1593576000,404016,50
1596254400,409478,51
1598932800,414778,52
1601524800,420210,53
1604203200,426069,54
1606798800,432667,55
