1470024000,80563,
1472702400,83804,
1475294400,87074,
1477972800,90400,
1480568400,93300,
1483246800,96410,
1485925200,99426,1
1488344400,102965,2
1491019200,106911,3
1493611200,110463,4
1496289600,114225,5
1498881600,118229,6
1501560000,122393,7
1504238400,126471,8
1506830400,129941,9
1509508800,134077,10
1512104400,138209,11
1514782800,142374,12
1517461200,146813,13
1519880400,150951,14
1522555200,155370,15
1525147200,159960,16
1527825600,164472,17
1530417600,169210,18
1533096000,106942,0
1535774400,114498,0
1538366400,117197,0
1541044800,119955,0
1543640400,123113,0
1546318800,66847,0
1548997200,68384,0
1551416400,69945,0
1554091200,76762,0
1556683200,79048,0
1559361600,80974,1
1561953600,82527,0
1564632000,84233,0
1567310400,86751,1
1569902400,59334,0
1572580800,60428,0
1575176400,61578,0
1577854800,62934,0
1580533200,63938,0
1583038800,65053,1
1585713600,66220,2
1588305600,67512,3
1590984000,68868,4
1593576000,69956,5
1596254400,71082,6
1598932800,72334,7
1601524800,73640,8
1604203200,75279,9
1606798800,77532,10
