1380600000,32458,
1383278400,33074,
1385874000,33840,
1388552400,34690,
1391230800,35693,
1393650000,36617,
1396324800,37799,1
1398916800,38953,2
1401595200,40278,3
1404187200,41614,4
1406865600,42913,5
1409544000,44488,6
1412136000,45996,7
1414814400,47592,8
1417410000,49187,9
1420088400,50674,10
1422766800,52479,11
1425186000,54186,12
1427860800,56012,13
1430452800,57841,14
1433131200,59972,15
1435723200,62000,16
1438401600,64469,17
1441080000,66974,18
1443672000,69621,19
1446350400,72236,20
1448946000,75016,21
1451624400,78055,22
1454302800,80994,23
1456808400,83964,24
1459483200,87511,25
1462075200,90781,26
1464753600,94029,27
1467345600,96891,28
1470024000,100099,29
1472702400,103426,30
1475294400,106653,31
1477972800,110029,32
1480568400,113119,33
1483246800,116361,34
1485925200,119449,35
1488344400,122989,36
1491019200,126848,37
1493611200,130572,38
1496289600,134381,39
1498881600,138590,40
1501560000,142730,41
1504238400,146716,42
1506830400,150330,43
1509508800,154771,44
1512104400,158899,45
1514782800,163073,46
1517461200,167902,47
1519880400,171995,48
1522555200,176645,49
1525147200,181136,50
1527825600,185726,51
1530417600,190513,52
1533096000,195580,53
1535774400,200343,54
1538366400,205045,55
1541044800,209683,56
1543640400,214919,57
1546318800,219078,58
1548997200,224060,59
1551416400,229019,60
1554091200,234724,61
1556683200,239973,62
1559361600,245305,63
1561953600,250236,64
1564632000,255468,65
1567310400,260544,66
1569902400,265696,67
1572580800,270720,68
1575176400,275761,69
1577854800,280769,70
1580533200,285914,71
1583038800,290580,72
1585713600,296151,73
1588305600,301732,74
1590984000,307532,75
1593576000,312847,76
1596254400,318336,77
1598932800,323669,78
1601524800,329135,79
1604203200,335028,80
1606798800,341652,81
