1446350400,31992,
1448946000,33386,
1451624400,34878,
1454302800,36290,
1456808400,35999,
1459483200,37617,
1462075200,39240,0
1464753600,40821,0
1467345600,42196,1
1470024000,43781,2
1472702400,23066,0
1475294400,23761,0
1477972800,24512,0
1480568400,25226,0
1483246800,25991,0
1485925200,26716,1
1488344400,27603,2
1491019200,30746,0
1493611200,31678,0
1496289600,32646,1
1498881600,33653,2
1501560000,34684,0
1504238400,22424,0
1506830400,22926,0
1509508800,25936,0
1512104400,26648,0
1514782800,27354,0
1517461200,28157,0
1519880400,28913,0
1522555200,29701,1
1525147200,30402,2
1527825600,31236,3
1530417600,32077,4
1533096000,32830,5
1535774400,29652,0
1538366400,30403,0
1541044800,31011,0
1543640400,31732,0
1546318800,32391,0
1548997200,33129,1
1551416400,33891,2
1554091200,34672,3
1556683200,43886,0
1559361600,44863,0
1561953600,45719,0
1564632000,46650,0
1567310400,47514,0
1569902400,48498,1
1572580800,49356,2
1575176400,50248,3
1577854800,51157,4
1580533200,52070,5
1583038800,52991,6
1585713600,54001,7
1588305600,55025,8
1590984000,56150,9
1593576000,56958,10
1596254400,57836,11
1598932800,58713,12
1601524800,59635,13
1604203200,61041,14
1606798800,62915,15
