1493611200,370761,
1496289600,373532,
1498881600,376838,
1501560000,380121,
1504238400,383423,
1506830400,386467,
1509508800,390145,1
1512104400,393738,2
1514782800,397371,3
1517461200,401611,4
1519880400,405334,5
1522555200,409610,6
1525147200,413685,7
1527825600,417906,8
1530417600,422363,9
1533096000,426974,10
1535774400,431372,11
1538366400,435829,12
1541044800,440163,13
1543640400,445084,14
1546318800,448979,15
1548997200,453761,16
1551416400,458485,17
1554091200,463986,18
1556683200,469074,19
1559361600,474229,20
1561953600,479050,21
1564632000,484126,22
1567310400,489022,23
1569902400,494044,24
1572580800,498940,25
1575176400,503852,26
1577854800,508740,27
1580533200,513758,28
1583038800,518343,29
1585713600,523818,30
1588305600,529285,31
1590984000,534978,32
1593576000,540185,33
1596254400,545570,34
1598932800,550797,35
1601524800,556154,36
1604203200,561959,37
1606798800,568495,38
