1554091200,763719,
1556683200,767487,
1559361600,771665,
1561953600,775711,
1564632000,779950,
1567310400,784234,
1569902400,788679,1
1572580800,793019,2
1575176400,797442,3
1577854800,801893,4
1580533200,806444,5
1583038800,810572,6
1585713600,815547,7
1588305600,820476,8
1590984000,825601,9
1593576000,830359,10
1596254400,835218,11
1598932800,839999,12
1601524800,844923,13
1604203200,849454,14
1606798800,853903,15
1609477200,858522,16
1612155600,863597,17
1614574800,868440,18
1617249600,875787,19
1619841600,882089,20
1622520000,887874,21
1625112000,899131,22
