1514782800,495157,
1517461200,498522,
1519880400,501770,
1522555200,505530,
1525147200,509210,
1527825600,513084,
1530417600,517230,1
1533096000,521539,2
1535774400,525686,3
1538366400,529897,4
1541044800,534020,5
1543640400,538744,6
1546318800,542449,7
1548997200,547026,8
1551416400,551575,9
1554091200,556931,10
1556683200,561864,11
1559361600,566845,12
1561953600,571568,13
1564632000,576495,14
1567310400,581279,15
1569902400,586191,16
1572580800,591015,17
1575176400,595845,18
1577854800,600643,19
1580533200,605590,20
1583038800,610102,21
1585713600,615498,22
1588305600,620895,23
1590984000,626530,24
1593576000,631651,25
1596254400,636954,26
1598932800,642129,27
1601524800,647425,28
1604203200,653175,29
1606798800,659661,30
