1554091200,767532,
1556683200,771198,
1559361600,775347,
1561953600,779367,
1564632000,783589,
1567310400,787850,
1569902400,792291,1
1572580800,796612,2
1575176400,801030,3
1577854800,805470,4
1580533200,810006,5
1583038800,814135,6
1585713600,819105,7
1588305600,824025,8
1590984000,829142,9
1593576000,833894,10
1596254400,838748,11
1598932800,843516,12
1601524800,848429,13
1604203200,852955,14
1606798800,857399,15
1609477200,862016,16
1612155600,867087,17
1614574800,871927,18
1617249600,879270,19
1619841600,885568,20
1622520000,891347,21
1625112000,902599,22
