1506830400,447522,
1509508800,450554,
1512104400,453725,
1514782800,457045,
1517461200,460933,
1519880400,464433,
1522555200,468427,1
1525147200,472292,2
1527825600,476327,3
1530417600,480616,4
1533096000,485056,5
1535774400,489302,6
1538366400,493643,7
1541044800,497853,8
1543640400,502624,9
1546318800,506411,10
1548997200,511066,11
1551416400,515690,12
1554091200,521107,13
1556683200,526102,14
1559361600,531162,15
1561953600,535934,16
1564632000,540949,17
1567310400,545780,18
1569902400,550731,19
1572580800,555592,20
1575176400,560447,21
1577854800,565278,22
1580533200,570249,23
1583038800,574796,24
1585713600,580218,25
1588305600,585649,26
1590984000,591310,27
1593576000,596465,28
1596254400,601804,29
1598932800,606999,30
1601524800,612324,31
1604203200,618088,32
1606798800,624601,33
