1404187200,16839,
1406865600,9962,
1409544000,8666,
1412136000,8656,
1414814400,9221,
1417410000,9554,
1420088400,8381,0
1422766800,6708,0
1425186000,6891,0
1427860800,6506,0
1430452800,6605,0
1433131200,6401,0
1435723200,6588,0
1438401600,6120,0
1441080000,6394,0
1443672000,6512,0
1446350400,6633,0
1448946000,6954,0
1451624400,6991,1
1454302800,6774,0
1456808400,7002,0
1459483200,6943,0
1462075200,7397,0
1464753600,7672,0
1467345600,7949,0
1470024000,8231,1
1472702400,8503,2
1475294400,8662,3
1477972800,8935,4
1480568400,9195,5
1483246800,7932,0
1485925200,8271,0
1488344400,8349,0
1491019200,8616,0
1493611200,8876,0
1496289600,9120,1
1498881600,9456,2
1501560000,9735,3
1504238400,9949,4
1506830400,10157,5
1509508800,10521,6
1512104400,10749,7
1514782800,11036,8
1517461200,11324,9
1519880400,11484,10
1522555200,11787,11
1525147200,12133,12
1527825600,11839,0
1530417600,12383,0
1533096000,12620,0
1535774400,13137,0
1538366400,13410,0
1541044800,13707,1
1543640400,14036,2
1546318800,14307,3
1548997200,14596,4
1551416400,14841,5
1554091200,15148,6
1556683200,15485,7
1559361600,15747,8
1561953600,16082,9
1564632000,16420,10
1567310400,16735,11
1569902400,17083,12
1572580800,17354,13
1575176400,17537,14
1577854800,17878,15
1580533200,18144,16
1583038800,18446,17
1585713600,18739,18
1588305600,19034,19
1590984000,19472,20
1593576000,19783,21
1596254400,20137,22
1598932800,20935,23
1601524800,21327,24
1604203200,21628,25
1606798800,21887,26
