1509508800,464296,
1512104400,86204,
1514782800,88365,
1517461200,91066,
1519880400,93327,
1522555200,95773,
1525147200,98369,1
1527825600,100849,2
1530417600,103492,3
1533096000,105953,4
1535774400,113442,0
1538366400,116065,1
1541044800,118734,2
1543640400,121790,3
1546318800,124182,4
1548997200,127033,5
1551416400,129789,6
1554091200,132987,7
1556683200,135985,8
1559361600,139113,9
1561953600,141890,10
1564632000,144779,11
1567310400,147626,12
1569902400,150699,13
1572580800,153512,14
1575176400,156243,15
1577854800,159096,16
1580533200,161997,17
1583038800,164599,18
1585713600,167666,19
1588305600,140891,0
1590984000,144930,0
1593576000,147338,0
1596254400,149869,0
1598932800,152319,0
1601524800,154806,1
1604203200,157932,2
1606798800,161815,3
