1561953600,821213,
1564632000,825081,
1567310400,829094,
1569902400,833339,
1572580800,837510,
1575176400,841823,
1577854800,846130,1
1580533200,850584,2
1583038800,854644,3
1585713600,859516,4
1588305600,864356,5
1590984000,869406,6
1593576000,874100,7
1596254400,878892,8
1598932800,883624,9
1601524800,888472,10
1604203200,892958,11
1606798800,897365,12
1609477200,901957,13
1612155600,906990,14
1614574800,911793,15
1617249600,919105,16
1619841600,925372,17
1622520000,931137,18
1625112000,942317,19
1627790400,947585,20
