1422766800,6805,
1425186000,6854,
1427860800,7353,
1430452800,5912,
1433131200,5957,
1435723200,5996,
1438401600,6301,0
1441080000,6578,0
1443672000,6837,0
1446350400,7177,1
1448946000,8342,0
1451624400,8770,0
1454302800,9130,1
1456808400,9479,2
1459483200,9673,0
1462075200,10425,1
1464753600,10780,2
1467345600,11184,3
1470024000,11524,4
1472702400,11965,5
1475294400,12323,6
1477972800,12740,7
1480568400,13116,8
1483246800,13495,9
1485925200,13832,10
1488344400,14267,11
1491019200,14775,12
1493611200,15231,13
1496289600,15637,14
1498881600,16106,15
1501560000,16582,16
1504238400,17042,17
1506830400,17436,18
1509508800,17997,19
1512104400,18461,20
1514782800,18985,21
1517461200,19529,22
1519880400,20060,23
1522555200,20569,24
1525147200,21048,25
1527825600,21569,26
1530417600,22106,27
1533096000,22600,28
1535774400,19837,0
1538366400,20310,0
1541044800,20785,0
1543640400,21236,0
1546318800,21681,0
1548997200,22161,1
1551416400,22683,2
1554091200,23284,3
1556683200,23840,4
1559361600,24347,5
1561953600,24837,6
1564632000,25305,7
1567310400,25793,8
1569902400,26292,9
1572580800,26731,10
1575176400,27221,11
1577854800,27752,12
1580533200,28231,13
1583038800,28691,14
1585713600,29178,15
1588305600,29719,16
1590984000,30250,17
1593576000,30723,18
1596254400,31251,19
1598932800,31693,20
1601524800,32169,21
1604203200,32606,22
1606798800,33050,23
