1509508800,458046,
1512104400,461118,
1514782800,464355,
1517461200,468166,
1519880400,471627,
1522555200,475589,
1525147200,479425,1
1527825600,483436,2
1530417600,487697,3
1533096000,492100,4
1535774400,496331,5
1538366400,500646,6
1541044800,504844,7
1543640400,509604,8
1546318800,513378,9
1548997200,518019,10
1551416400,522636,11
1554091200,528040,12
1556683200,533016,13
1559361600,538056,14
1561953600,542817,15
1564632000,547815,16
1567310400,552641,17
1569902400,557588,18
1572580800,562448,19
1575176400,567306,20
1577854800,572134,21
1580533200,577097,22
1583038800,581637,23
1585713600,587054,24
1588305600,592482,25
1590984000,598138,26
1593576000,603282,27
1596254400,608612,28
1598932800,613800,29
1601524800,619119,30
1604203200,624879,31
1606798800,631385,32
