1422766800,8565,
1425186000,8975,
1427860800,9392,
1430452800,9822,
1433131200,10250,
1435723200,10699,
1438401600,11224,1
1441080000,11725,2
1443672000,12234,3
1446350400,12776,4
1448946000,13340,5
1451624400,13955,6
1454302800,14580,7
1456808400,15121,8
1459483200,15763,9
1462075200,16783,10
1464753600,17448,11
1467345600,18059,12
1470024000,18653,13
1472702400,19326,14
1475294400,19923,15
1477972800,20573,16
1480568400,21188,17
1483246800,21821,18
1485925200,22459,19
1488344400,23252,20
1491019200,24031,21
1493611200,24743,22
1496289600,25456,23
1498881600,26320,24
1501560000,27134,25
1504238400,27882,26
1506830400,28569,27
1509508800,29427,28
1512104400,30206,29
1514782800,31048,30
1517461200,31959,31
1519880400,32842,32
1522555200,33736,33
1525147200,34674,34
1527825600,35546,35
1530417600,36465,36
1533096000,37301,37
1535774400,35130,0
1538366400,35950,0
1541044800,36715,0
1543640400,37583,0
1546318800,38407,0
1548997200,39314,1
1551416400,40179,2
1554091200,41137,3
1556683200,42107,4
1559361600,43074,5
1561953600,43921,6
1564632000,44837,7
1567310400,45657,8
1569902400,46590,9
1572580800,47437,10
1575176400,48336,11
1577854800,49209,12
1580533200,50020,13
1583038800,50867,14
1585713600,51817,15
1588305600,52745,16
1590984000,53855,17
1593576000,54675,18
1596254400,55556,19
1598932800,56427,20
1601524800,57303,21
1604203200,58702,22
1606798800,60545,23
