1556683200,783265,
1559361600,787243,
1561953600,791183,
1564632000,795356,
1567310400,799554,
1569902400,803947,
1572580800,808220,1
1575176400,812614,2
1577854800,817029,3
1580533200,821545,4
1583038800,825651,5
1585713600,830595,6
1588305600,835497,7
1590984000,840593,8
1593576000,845338,9
1596254400,850167,10
1598932800,854931,11
1601524800,859826,12
1604203200,864337,13
1606798800,868773,14
1609477200,873383,15
1612155600,878449,16
1614574800,883278,17
1617249600,890611,18
1619841600,896900,19
1622520000,902679,20
1625112000,913913,21
1627790400,919196,22
