1506830400,450446,
1509508800,453378,
1512104400,456509,
1514782800,459800,
1517461200,463668,
1519880400,467148,
1522555200,471132,1
1525147200,72159,0
1527825600,74029,0
1530417600,75883,0
1533096000,77755,0
1535774400,84029,0
1538366400,85971,0
1541044800,87925,1
1543640400,90185,2
1546318800,92029,0
1548997200,66649,0
1551416400,68143,0
1554091200,46497,0
1556683200,47564,0
1559361600,47616,0
1561953600,47896,0
1564632000,49066,0
1567310400,43619,0
1569902400,42055,0
1572580800,42778,0
1575176400,41480,0
1577854800,40971,0
1580533200,40892,0
1583038800,39736,0
1585713600,40090,0
1588305600,42155,0
1590984000,42959,0
1593576000,29426,0
1596254400,29121,0
1598932800,29600,0
1601524800,26337,0
1604203200,26724,0
1606798800,24149,0
