1527825600,583493,
1530417600,586962,
1533096000,590720,
1535774400,594471,
1538366400,598347,
1541044800,602291,
1543640400,606780,1
1546318800,610316,2
1548997200,614691,3
1551416400,619039,4
1554091200,624247,5
1556683200,629035,6
1559361600,633903,7
1561953600,638527,8
1564632000,643323,9
1567310400,647985,10
1569902400,652794,11
1572580800,657502,12
1575176400,662224,13
1577854800,666937,14
1580533200,671805,15
1583038800,676253,16
1585713600,681578,17
1588305600,686906,18
1590984000,692490,19
1593576000,697562,20
1596254400,702819,21
1598932800,707941,22
1601524800,713189,23
1604203200,718892,24
1606798800,725332,25
