1546318800,699968,
1548997200,703770,
1551416400,707580,
1554091200,712282,
1556683200,716550,
1559361600,721029,
1561953600,725317,1
1564632000,729785,2
1567310400,734227,3
1569902400,738787,4
1572580800,743255,5
1575176400,747803,6
1577854800,752375,7
1580533200,757008,8
1583038800,761205,9
1585713600,766291,10
1588305600,771317,11
1590984000,776515,12
1593576000,781336,13
1596254400,786268,14
1598932800,791078,15
1601524800,796067,16
1604203200,800668,17
1606798800,805174,18
1609477200,809821,19
1612155600,814927,20
1614574800,819796,21
1617249600,827168,22
1619841600,833492,23
1622520000,839307,24
1625112000,850637,25
1627790400,855964,26
