1467345600,252065,
1470024000,254369,
1472702400,256831,
1475294400,259337,
1477972800,262074,
1480568400,264579,
1483246800,267327,1
1485925200,270059,2
1488344400,273178,3
1491019200,276591,4
1493611200,279952,5
1496289600,283379,6
1498881600,287230,7
1501560000,291025,8
1504238400,294680,9
1506830400,298025,10
1509508800,302089,11
1512104400,305968,12
1514782800,309905,13
1517461200,314469,14
1519880400,318381,15
1522555200,322869,16
1525147200,327183,17
1527825600,331610,18
1530417600,336219,19
1533096000,341049,20
1535774400,345640,21
1538366400,350226,22
1541044800,354706,23
1543640400,359803,24
1546318800,363854,25
1548997200,368738,26
1551416400,373598,27
1554091200,379202,28
1556683200,384385,29
1559361600,389635,30
1561953600,394503,31
1564632000,399657,32
1567310400,404648,33
1569902400,409726,34
1572580800,414695,35
1575176400,419670,36
1577854800,424617,37
1580533200,429695,38
1583038800,434320,39
1585713600,439848,40
1588305600,445377,41
1590984000,451116,42
1593576000,456378,43
1596254400,461817,44
1598932800,467087,45
1601524800,472496,46
1604203200,478340,47
1606798800,484918,48
