1559361600,810450,
1561953600,814039,
1564632000,817994,
1567310400,822074,
1569902400,826362,
1572580800,830553,
1575176400,834883,1
1577854800,839224,2
1580533200,843687,3
1583038800,847755,4
1585713600,852642,5
1588305600,857499,6
1590984000,862564,7
1593576000,867263,8
1596254400,872069,9
1598932800,876812,10
1601524800,881677,11
1604203200,886165,12
1606798800,890576,13
1609477200,895175,14
1612155600,900221,15
1614574800,905026,16
1617249600,912342,17
1619841600,918613,18
1622520000,924381,19
1625112000,935578,20
1627790400,940851,21
