1533096000,608431,
1535774400,611982,
1538366400,615757,
1541044800,619609,
1543640400,624028,
1546318800,627514,
1548997200,631834,1
1551416400,636125,2
1554091200,641276,3
1556683200,646009,4
1559361600,650838,5
1561953600,655419,6
1564632000,660181,7
1567310400,664819,8
1569902400,669590,9
1572580800,674271,10
1575176400,678965,11
1577854800,683665,12
1580533200,688510,13
1583038800,692942,14
1585713600,698255,15
1588305600,703561,16
1590984000,709128,17
1593576000,714182,18
1596254400,719429,19
1598932800,724539,20
1601524800,729775,21
1604203200,735468,22
1606798800,741887,23
