1501560000,422049,
1504238400,424820,
1506830400,427552,
1509508800,430892,
1512104400,434269,
1514782800,437712,
1517461200,441731,1
1519880400,445305,2
1522555200,449416,3
1525147200,453356,4
1527825600,457459,5
1530417600,461806,6
1533096000,466311,7
1535774400,470605,8
1538366400,474992,9
1541044800,479262,10
1543640400,484089,11
1546318800,487924,12
1548997200,492629,13
1551416400,497274,14
1554091200,502723,15
1556683200,507752,16
1559361600,512845,17
1561953600,517631,18
1564632000,522665,19
1567310400,527520,20
1569902400,532499,21
1572580800,537355,22
1575176400,542228,23
1577854800,547073,24
1580533200,552062,25
1583038800,556620,26
1585713600,562066,27
1588305600,567500,28
1590984000,573175,29
1593576000,578346,30
1596254400,583702,31
1598932800,588907,32
1601524800,594250,33
1604203200,600031,34
1606798800,606551,35
