1391230800,44565,
1393650000,45342,
1396324800,46375,
1398916800,47433,
1401595200,48666,
1404187200,49937,
1406865600,51166,1
1409544000,52666,2
1412136000,54106,3
1414814400,55645,4
1417410000,57188,5
1420088400,58625,6
1422766800,60397,7
1425186000,62052,8
1427860800,63835,9
1430452800,65634,10
1433131200,67727,11
1435723200,69734,12
1438401600,72176,13
1441080000,74658,14
1443672000,77273,15
1446350400,79859,16
1448946000,82617,17
1451624400,85635,18
1454302800,88554,19
1456808400,91504,20
1459483200,95056,21
1462075200,98307,22
1464753600,101541,23
1467345600,104385,24
1470024000,107574,25
1472702400,110883,26
1475294400,114101,27
1477972800,117465,28
1480568400,120548,29
1483246800,123780,30
1485925200,126863,31
1488344400,130396,32
1491019200,134244,33
1493611200,137964,34
1496289600,141771,35
1498881600,145977,36
1501560000,150104,37
1504238400,154074,38
1506830400,157686,39
1509508800,162120,40
1512104400,166235,41
1514782800,170406,42
1517461200,175226,43
1519880400,179316,44
1522555200,183975,45
1525147200,188459,46
1527825600,193046,47
1530417600,197831,48
1533096000,202893,49
1535774400,207652,50
1538366400,212348,51
1541044800,216981,52
1543640400,222212,53
1546318800,226372,54
1548997200,231350,55
1551416400,236303,56
1554091200,242004,57
1556683200,247253,58
1559361600,252589,59
1561953600,257519,60
1564632000,262746,61
1567310400,267820,62
1569902400,272970,63
1572580800,277993,64
1575176400,283031,65
1577854800,288032,66
1580533200,293178,67
1583038800,297840,68
1585713600,303411,69
1588305600,308989,70
1590984000,314788,71
1593576000,320102,72
1596254400,325587,73
1598932800,330916,74
1601524800,336380,75
1604203200,342270,76
1606798800,348889,77
