1470024000,266065,
1472702400,268205,
1475294400,270577,
1477972800,273168,
1480568400,275596,
1483246800,278267,
1485925200,280940,1
1488344400,284016,2
1491019200,287379,3
1493611200,290691,4
1496289600,294069,5
1498881600,297892,6
1501560000,301648,7
1504238400,305273,8
1506830400,308602,9
1509508800,312625,10
1512104400,316483,11
1514782800,320388,12
1517461200,324928,13
1519880400,328826,14
1522555200,333298,15
1525147200,337583,16
1527825600,341984,17
1530417600,346571,18
1533096000,351393,19
1535774400,355958,20
1538366400,360533,21
1541044800,365000,22
1543640400,370083,23
1546318800,374122,24
1548997200,379000,25
1551416400,383821,26
1554091200,389417,27
1556683200,394584,28
1559361600,399827,29
1561953600,404686,30
1564632000,409834,31
1567310400,414812,32
1569902400,419884,33
1572580800,424844,34
1575176400,429815,35
1577854800,434755,36
1580533200,439825,37
1583038800,444445,38
1585713600,449969,39
1588305600,455488,40
1590984000,461225,41
1593576000,466478,42
1596254400,471909,43
1598932800,477176,44
1601524800,482582,45
1604203200,488426,46
1606798800,495001,47
