1559361600,796584,
1561953600,800430,
1564632000,804525,
1567310400,808675,
1569902400,813016,
1572580800,817265,
1575176400,821642,1
1577854800,826028,2
1580533200,830525,3
1583038800,834616,4
1585713600,839539,5
1588305600,844420,6
1590984000,849498,7
1593576000,854223,8
1596254400,859038,9
1598932800,863801,10
1601524800,868684,11
1604203200,873189,12
1606798800,877614,13
1609477200,882223,14
1612155600,887283,15
1614574800,892104,16
1617249600,899428,17
1619841600,905712,18
1622520000,911485,19
1625112000,922702,20
