1464753600,243336,
1467345600,245257,
1470024000,247734,
1472702400,250283,
1475294400,252839,
1477972800,255622,
1480568400,258171,1
1483246800,260958,2
1485925200,263714,3
1488344400,266854,4
1491019200,270298,5
1493611200,273675,6
1496289600,277116,7
1498881600,280989,8
1501560000,284804,9
1504238400,288479,10
1506830400,291846,11
1509508800,295922,12
1512104400,299810,13
1514782800,303759,14
1517461200,308334,15
1519880400,312257,16
1522555200,316749,17
1525147200,321078,18
1527825600,325519,19
1530417600,330135,20
1533096000,334976,21
1535774400,339575,22
1538366400,344169,23
1541044800,348658,24
1543640400,353764,25
1546318800,357826,26
1548997200,362716,27
1551416400,367588,28
1554091200,373196,29
1556683200,378381,30
1559361600,383634,31
1561953600,388505,32
1564632000,393665,33
1567310400,398654,34
1569902400,403734,35
1572580800,408703,36
1575176400,413688,37
1577854800,418635,38
1580533200,423716,39
1583038800,428344,40
1585713600,433873,41
1588305600,439408,42
1590984000,445147,43
1593576000,450412,44
1596254400,455846,45
1598932800,461120,46
1601524800,466532,47
1604203200,472378,48
1606798800,478959,49
