1556683200,786054,
1559361600,789988,
1561953600,793898,
1564632000,798049,
1567310400,802227,
1569902400,806592,
1572580800,810859,1
1575176400,815252,2
1577854800,819655,3
1580533200,824162,4
1583038800,828268,5
1585713600,833209,6
1588305600,838106,7
1590984000,843200,8
1593576000,847935,9
1596254400,852761,10
1598932800,857523,11
1601524800,862413,12
1604203200,866920,13
1606798800,871351,14
1609477200,875960,15
1612155600,881022,16
1614574800,885849,17
1617249600,893182,18
1619841600,899470,19
1622520000,905246,20
1625112000,916479,21
