1512104400,131576,
1514782800,135896,
1517461200,140268,
1519880400,144089,
1522555200,150274,
1525147200,154394,
1527825600,158582,1
1530417600,163107,2
1533096000,167490,3
1535774400,171326,4
1538366400,175460,5
1541044800,179871,6
1543640400,184534,7
1546318800,188435,8
1548997200,193012,9
1551416400,197536,10
1554091200,202783,11
1556683200,207678,12
1559361600,212702,13
1561953600,217181,14
1564632000,221974,15
1567310400,226797,16
1569902400,231655,17
1572580800,236204,18
1575176400,240756,19
1577854800,245340,20
1580533200,250787,21
1583038800,255164,22
1585713600,260200,23
1588305600,265362,24
1590984000,270725,25
1593576000,275447,26
1596254400,280414,27
1598932800,285150,28
1601524800,289848,29
1604203200,295207,30
1606798800,301433,31
