1459483200,218140,
1462075200,220413,
1464753600,222870,
1467345600,225113,
1470024000,227797,
1472702400,230539,
1475294400,233287,1
1477972800,236230,2
1480568400,238933,3
1483246800,241843,4
1485925200,244681,5
1488344400,247899,6
1491019200,251413,7
1493611200,254845,8
1496289600,258374,9
1498881600,262310,10
1501560000,266194,11
1504238400,269909,12
1506830400,273335,13
1509508800,277455,14
1512104400,281391,15
1514782800,285378,16
1517461200,289996,17
1519880400,293951,18
1522555200,298483,19
1525147200,302836,20
1527825600,307302,21
1530417600,311940,22
1533096000,316871,23
1535774400,321499,24
1538366400,326112,25
1541044800,330629,26
1543640400,335757,27
1546318800,339830,28
1548997200,344744,29
1551416400,349636,30
1554091200,355258,31
1556683200,360458,32
1559361600,365734,33
1561953600,370617,34
1564632000,375792,35
1567310400,380790,36
1569902400,385881,37
1572580800,390861,38
1575176400,395850,39
1577854800,400813,40
1580533200,405903,41
1583038800,410542,42
1585713600,416077,43
1588305600,421615,44
1590984000,427372,45
1593576000,432648,46
1596254400,438093,47
1598932800,443378,48
1601524800,448799,49
1604203200,454653,50
1606798800,461240,51
