1506830400,451339,
1509508800,454216,
1512104400,457335,
1514782800,460619,
1517461200,464476,
1519880400,467949,
1522555200,471928,1
1525147200,475785,2
1527825600,479796,3
1530417600,484070,4
1533096000,488487,5
1535774400,492725,6
1538366400,497053,7
1541044800,501259,8
1543640400,506018,9
1546318800,509801,10
1548997200,514449,11
1551416400,519071,12
1554091200,524480,13
1556683200,529463,14
1559361600,534514,15
1561953600,539278,16
1564632000,544289,17
1567310400,549118,18
1569902400,554070,19
1572580800,558932,20
1575176400,563783,21
1577854800,568611,22
1580533200,573576,23
1583038800,578119,24
1585713600,583538,25
1588305600,588966,26
1590984000,594622,27
1593576000,599774,28
1596254400,605108,29
1598932800,610302,30
1601524800,615623,31
1604203200,621384,32
1606798800,627894,33
