1406865600,71345,
1409544000,24445,
1412136000,25918,
1414814400,27497,
1417410000,29041,
1420088400,30536,
1422766800,29130,0
1425186000,24196,0
1427860800,25603,0
1430452800,26901,0
1433131200,26128,0
1435723200,27287,0
1438401600,28730,0
1441080000,30161,0
1443672000,28732,0
1446350400,30010,0
1448946000,28344,0
1451624400,28301,0
1454302800,28396,0
1456808400,29732,0
1459483200,30984,0
1462075200,32336,0
1464753600,33593,1
1467345600,34644,2
1470024000,35866,3
1472702400,37116,4
1475294400,33038,0
1477972800,34142,0
1480568400,33937,0
1483246800,27229,0
1485925200,27501,0
1488344400,28496,0
1491019200,25397,0
1493611200,19766,0
1496289600,29582,0
1498881600,30795,0
1501560000,31733,0
1504238400,32684,0
1506830400,33437,0
1509508800,34204,1
1512104400,34285,2
1514782800,35204,3
1517461200,36220,4
1519880400,36618,5
1522555200,36897,6
1525147200,35656,0
1527825600,35928,0
1530417600,36800,0
1533096000,37756,0
1535774400,39772,0
1538366400,41021,0
1541044800,40989,1
1543640400,42471,2
1546318800,43488,0
1548997200,44447,1
1551416400,44713,2
1554091200,45872,3
1556683200,46941,4
1559361600,47537,5
1561953600,48417,6
1564632000,49631,7
1567310400,50569,8
1569902400,51634,9
1572580800,49110,0
1575176400,50009,0
1577854800,51135,0
1580533200,51990,0
1583038800,52505,0
1585713600,48358,0
1588305600,51827,0
1590984000,48081,0
1593576000,48803,0
1596254400,49630,0
1598932800,49439,0
1601524800,49567,0
1604203200,50300,0
1606798800,49655,0
