1543640400,181775,
1546318800,185584,
1548997200,190778,
1551416400,195225,
1554091200,200353,
1556683200,206935,
1559361600,214111,1
1561953600,219547,2
1564632000,224343,3
1567310400,229571,4
1569902400,235803,5
1572580800,240488,6
1575176400,222700,
1577854800,226893,
1580533200,231190,
1583038800,235042,
1585713600,239503,
1588305600,244119,1
1590984000,248987,2
1593576000,253130,3
1596254400,257524,4
1598932800,261729,5
1601524800,265786,6
1604203200,269874,7
1606798800,273810,8
1609477200,278090,9
1612155600,282602,10
1614574800,286713,11
1617249600,293342,12
1619841600,299019,13
1622520000,304267,14
1625112000,313547,15
1627790400,318114,16
