1472702400,269393,
1475294400,271747,
1477972800,274326,
1480568400,276735,
1483246800,279392,
1485925200,282063,
1488344400,285137,1
1491019200,288494,2
1493611200,291803,3
1496289600,295172,4
1498881600,298987,5
1501560000,302739,6
1504238400,306361,7
1506830400,309689,8
1509508800,313712,9
1512104400,317569,10
1514782800,321471,11
1517461200,326006,12
1519880400,329903,13
1522555200,334372,14
1525147200,338650,15
1527825600,343051,16
1530417600,347637,17
1533096000,352457,18
1535774400,357021,19
1538366400,361592,20
1541044800,366055,21
1543640400,371133,22
1546318800,375171,23
1548997200,380049,24
1551416400,384867,25
1554091200,390460,26
1556683200,395627,27
1559361600,400869,28
1561953600,405728,29
1564632000,410875,30
1567310400,415849,31
1569902400,420923,32
1572580800,425880,33
1575176400,430849,34
1577854800,435780,35
1580533200,440849,36
1583038800,445469,37
1585713600,450991,38
1588305600,456509,39
1590984000,462247,40
1593576000,467499,41
1596254400,472928,42
1598932800,478195,43
1601524800,483601,44
1604203200,489445,45
1606798800,496019,46
