1517461200,509729,
1519880400,512840,
1522555200,516505,
1525147200,520115,
1527825600,523925,
1530417600,528042,
1533096000,532301,1
1535774400,536408,2
1538366400,540567,3
1541044800,544647,4
1543640400,549353,5
1546318800,553043,6
1548997200,557586,7
1551416400,562113,8
1554091200,567447,9
1556683200,572368,10
1559361600,577338,11
1561953600,582036,12
1564632000,586938,13
1567310400,591708,14
1569902400,596613,15
1572580800,601418,16
1575176400,606237,17
1577854800,611026,18
1580533200,615957,19
1583038800,620457,20
1585713600,625849,21
1588305600,631236,22
1590984000,636869,23
1593576000,641991,24
1596254400,647284,25
1598932800,652447,26
1601524800,657732,27
1604203200,663476,28
1606798800,669957,29
