1427860800,18121,
1430452800,18896,
1433131200,19751,
1435723200,20535,
1438401600,21587,
1441080000,22545,
1443672000,122095,0
1446350400,124448,0
1448946000,126955,0
1451624400,129771,0
1454302800,132496,0
1456808400,135257,1
1459483200,138669,2
1462075200,141753,3
1464753600,144840,4
1467345600,147576,5
1470024000,150636,6
1472702400,153787,7
1475294400,156883,8
1477972800,160146,9
1480568400,163112,10
1483246800,166257,11
1485925200,169255,12
1488344400,172701,13
1491019200,176468,14
1493611200,180120,15
1496289600,183853,16
1498881600,187975,17
1501560000,192034,18
1504238400,195930,19
1506830400,199490,20
1509508800,203822,21
1512104400,207893,22
1514782800,212024,23
1517461200,216797,24
1519880400,220849,25
1522555200,225476,26
1525147200,229911,27
1527825600,234463,28
1530417600,239200,29
1533096000,244231,30
1535774400,248951,31
1538366400,253625,32
1541044800,258231,33
1543640400,263444,34
1546318800,267578,35
1548997200,272536,36
1551416400,277478,37
1554091200,283161,38
1556683200,288401,39
1559361600,293719,40
1561953600,298621,41
1564632000,303835,42
1567310400,308884,43
1569902400,314015,44
1572580800,319018,45
1575176400,324034,46
1577854800,329020,47
1580533200,334146,48
1583038800,338804,49
1585713600,344377,50
1588305600,349939,51
1590984000,355732,52
1593576000,361037,53
1596254400,366512,54
1598932800,371832,55
1601524800,377282,56
1604203200,383158,57
1606798800,389770,58
