1543640400,683725,
1546318800,687038,
1548997200,691047,
1551416400,695060,
1554091200,699886,
1556683200,704439,
1559361600,709076,1
1561953600,713479,2
1564632000,718059,3
1567310400,722551,4
1569902400,727228,5
1572580800,731788,6
1575176400,736421,7
1577854800,741034,8
1580533200,745790,9
1583038800,750136,10
1585713600,755376,11
1588305600,760598,12
1590984000,766069,13
1593576000,771046,14
1596254400,776231,15
1598932800,781287,16
1601524800,786477,17
1604203200,792131,18
1606798800,798508,19
