1541044800,87942,
1543640400,90218,
1546318800,92057,
1548997200,94279,
1551416400,96368,
1554091200,98708,
1556683200,100851,1
1559361600,103245,2
1561953600,105283,3
1564632000,107407,4
1567310400,109562,5
1569902400,111900,6
1572580800,114990,7
1575176400,117096,8
1577854800,119350,9
1580533200,121507,10
1583038800,123489,11
1585713600,125793,12
1588305600,128101,13
1590984000,130614,14
1593576000,133802,15
1596254400,136090,16
1598932800,138332,17
1601524800,140526,18
1604203200,143448,19
1606798800,147154,20
