1559361600,802962,
1561953600,806703,
1564632000,810750,
1567310400,814867,
1569902400,819184,
1572580800,823409,
1575176400,827781,1
1577854800,832153,2
1580533200,836637,3
1583038800,840723,4
1585713600,845625,5
1588305600,850490,6
1590984000,855559,7
1593576000,860271,8
1596254400,865079,9
1598932800,869829,10
1601524800,874703,11
1604203200,879200,12
1606798800,883621,13
1609477200,888228,14
1612155600,893279,15
1614574800,898092,16
1617249600,905411,17
1619841600,911693,18
1622520000,917466,19
1625112000,928675,20
1627790400,933951,21
