1543640400,691790,
1546318800,694934,
1548997200,698871,
1551416400,702808,
1554091200,707602,
1556683200,712115,
1559361600,716706,1
1561953600,721075,2
1564632000,725632,3
1567310400,730102,4
1569902400,734753,5
1572580800,739292,6
1575176400,743916,7
1577854800,748520,8
1580533200,753262,9
1583038800,757591,10
1585713600,762819,11
1588305600,768030,12
1590984000,773489,13
1593576000,778458,14
1596254400,783638,15
1598932800,788692,16
1601524800,793872,17
1604203200,799513,18
1606798800,805882,19
