1475294400,282583,
1477972800,284983,
1480568400,287305,
1483246800,289876,
1485925200,292489,
1488344400,295516,
1491019200,298837,1
1493611200,302103,2
1496289600,305422,3
1498881600,309207,4
1501560000,312912,5
1504238400,316516,6
1506830400,319808,7
1509508800,323806,8
1512104400,327644,9
1514782800,331521,10
1517461200,336025,11
1519880400,339918,12
1522555200,344370,13
1525147200,348629,14
1527825600,353002,15
1530417600,357572,16
1533096000,362373,17
1535774400,366924,18
1538366400,371484,19
1541044800,375934,20
1543640400,380989,21
1546318800,385021,22
1548997200,389885,23
1551416400,394695,24
1554091200,400278,25
1556683200,405446,26
1559361600,410683,27
1561953600,415536,28
1564632000,420676,29
1567310400,425643,30
1569902400,430715,31
1572580800,435661,32
1575176400,440624,33
1577854800,445551,34
1580533200,450618,35
1583038800,455238,36
1585713600,460761,37
1588305600,466274,38
1590984000,472010,39
1593576000,477258,40
1596254400,482678,41
1598932800,487939,42
1601524800,493339,43
1604203200,499182,44
1606798800,505752,45
