1367380800,22041,
1370059200,22494,
1372651200,23117,
1375329600,23769,
1378008000,24360,
1380600000,25175,
1383278400,1723,0
1385874000,2003,0
1388552400,2146,0
1391230800,2334,0
1393650000,2518,0
1396324800,2704,1
1398916800,2884,2
1401595200,3104,3
1404187200,3302,4
1406865600,3518,5
1409544000,3737,6
1412136000,3926,7
1414814400,4160,8
1417410000,4382,9
1420088400,4617,10
1422766800,4871,11
1425186000,5108,12
1427860800,5371,13
1430452800,5615,14
1433131200,5836,15
1435723200,6109,16
1438401600,6426,17
1441080000,6710,18
1443672000,6974,19
1446350400,7332,20
1448946000,7716,21
1451624400,8072,22
1454302800,8415,23
1456808400,8738,24
1459483200,9096,25
1462075200,9678,26
1464753600,9988,27
1467345600,10345,28
1470024000,10665,29
1472702400,11053,30
1475294400,11399,31
1477972800,11760,32
1480568400,12144,33
1483246800,12494,34
1485925200,12836,35
1488344400,13247,36
1491019200,13675,37
1493611200,14072,38
1496289600,14466,39
1498881600,14925,40
1501560000,15336,41
1504238400,15773,42
1506830400,16144,43
1509508800,16675,44
1512104400,17126,45
1514782800,17563,46
1517461200,18046,47
1519880400,18553,48
1522555200,19031,49
1525147200,19525,50
1527825600,19960,51
1530417600,20452,52
1533096000,20911,53
1535774400,26477,0
1538366400,27094,0
1541044800,27687,0
1543640400,28363,0
1546318800,28957,0
1548997200,29592,1
1551416400,30319,2
1554091200,31091,3
1556683200,31786,4
1559361600,32507,5
1561953600,33147,6
1564632000,33845,7
1567310400,34486,8
1569902400,35163,9
1572580800,35792,10
1575176400,36463,11
1577854800,37144,12
1580533200,37794,13
1583038800,38400,14
1585713600,39060,15
1588305600,39772,16
1590984000,40547,17
1593576000,41190,18
1596254400,41863,19
1598932800,42492,20
1601524800,43123,21
1604203200,43739,22
1606798800,44350,23
