1417410000,92251,
1420088400,29920,
1422766800,31647,
1425186000,33249,
1427860800,34943,
1430452800,36714,
1433131200,38606,1
1435723200,40470,2
1438401600,42775,3
1441080000,45053,4
1443672000,47501,5
1446350400,49894,6
1448946000,52364,7
1451624400,55026,8
1454302800,57658,9
1456808400,60256,10
1459483200,63210,11
1462075200,65940,12
1464753600,68699,13
1467345600,71279,14
1470024000,74061,15
1472702400,76897,16
1475294400,79566,17
1477972800,82382,18
1480568400,84967,19
1483246800,87609,20
1485925200,90317,21
1488344400,93348,22
1491019200,96598,23
1493611200,99634,24
1496289600,102922,25
1498881600,106279,26
1501560000,109661,27
1504238400,112910,28
1506830400,115884,29
1509508800,119411,30
1512104400,122852,31
1514782800,126289,32
1517461200,130235,33
1519880400,133626,34
1522555200,137353,35
1525147200,141063,36
1527825600,144768,37
1530417600,148772,38
1533096000,152654,39
1535774400,158157,40
1538366400,161891,41
1541044800,165790,42
1543640400,170129,43
1546318800,173656,44
1548997200,177841,45
1551416400,181991,46
1554091200,186618,47
1556683200,191120,48
1559361600,195707,49
1561953600,199820,50
1564632000,204140,51
1567310400,208345,52
1569902400,212704,53
1572580800,216821,54
1575176400,220908,55
1577854800,225021,56
1580533200,229306,57
1583038800,233193,58
1585713600,237746,59
1588305600,242503,60
1590984000,247369,61
1593576000,251557,62
1596254400,255978,63
1598932800,260308,64
1601524800,264461,65
1604203200,269529,66
1606798800,275185,67
