1454302800,193205,
1456808400,195317,
1459483200,198214,
1462075200,200905,
1464753600,203605,
1467345600,206006,
1470024000,208801,1
1472702400,211670,2
1475294400,214523,3
1477972800,217554,4
1480568400,220335,5
1483246800,223311,6
1485925200,226148,7
1488344400,229425,8
1491019200,233006,9
1493611200,236493,10
1496289600,240085,11
1498881600,244088,12
1501560000,248027,13
1504238400,251804,14
1506830400,255274,15
1509508800,259437,16
1512104400,263418,17
1514782800,267442,18
1517461200,272126,19
1519880400,276104,20
1522555200,280661,21
1525147200,285042,22
1527825600,289531,23
1530417600,294198,24
1533096000,299161,25
1535774400,303814,26
1538366400,308449,27
1541044800,312988,28
1543640400,318146,29
1546318800,322225,30
1548997200,327146,31
1551416400,332055,32
1554091200,337692,33
1556683200,342897,34
1559361600,348192,35
1561953600,353089,36
1564632000,358274,37
1567310400,363285,38
1569902400,368391,39
1572580800,373373,40
1575176400,378364,41
1577854800,383329,42
1580533200,388426,43
1583038800,393075,44
1585713600,398626,45
1588305600,404172,46
1590984000,409943,47
1593576000,415229,48
1596254400,420683,49
1598932800,425977,50
1601524800,431405,51
1604203200,437261,52
1606798800,443856,53
