1385874000,38857,
1388552400,39582,
1391230800,40492,
1393650000,41363,
1396324800,42480,
1398916800,43577,
1401595200,44866,1
1404187200,46178,2
1406865600,47434,3
1409544000,48972,4
1412136000,50447,5
1414814400,52018,6
1417410000,53591,7
1420088400,55054,8
1422766800,56856,9
1425186000,58535,10
1427860800,60343,11
1430452800,62155,12
1433131200,64270,13
1435723200,66286,14
1438401600,68734,15
1441080000,71226,16
1443672000,73855,17
1446350400,76459,18
1448946000,79231,19
1451624400,82263,20
1454302800,85195,21
1456808400,88153,22
1459483200,91708,23
1462075200,94966,24
1464753600,98207,25
1467345600,101060,26
1470024000,104259,27
1472702400,107580,28
1475294400,110803,29
1477972800,114170,30
1480568400,117257,31
1483246800,120489,32
1485925200,123576,33
1488344400,127110,34
1491019200,130963,35
1493611200,134685,36
1496289600,138491,37
1498881600,142700,38
1501560000,146833,39
1504238400,150812,40
1506830400,154424,41
1509508800,158860,42
1512104400,162980,43
1514782800,167153,44
1517461200,171978,45
1519880400,176069,46
1522555200,180716,47
1525147200,185202,48
1527825600,189793,49
1530417600,194577,50
1533096000,199640,51
1535774400,204403,52
1538366400,209101,53
1541044800,213736,54
1543640400,218969,55
1546318800,223131,56
1548997200,228113,57
1551416400,233070,58
1554091200,238772,59
1556683200,244020,60
1559361600,249355,61
1561953600,254285,62
1564632000,259513,63
1567310400,264588,64
1569902400,269739,65
1572580800,274761,66
1575176400,279801,67
1577854800,284805,68
1580533200,289951,69
1583038800,294616,70
1585713600,300187,71
1588305600,305767,72
1590984000,311567,73
1593576000,316881,74
1596254400,322368,75
1598932800,327699,76
1601524800,333163,77
1604203200,339055,78
1606798800,345675,79
