1530417600,598349,
1533096000,601899,
1535774400,605516,
1538366400,609328,
1541044800,613232,
1543640400,617678,
1546318800,621181,1
1548997200,625520,2
1551416400,629832,3
1554091200,635002,4
1556683200,639754,5
1559361600,644603,6
1561953600,649202,7
1564632000,653973,8
1567310400,658624,9
1569902400,663411,10
1572580800,668103,11
1575176400,672808,12
1577854800,677515,13
1580533200,682362,14
1583038800,686801,15
1585713600,692116,16
1588305600,697431,17
1590984000,703003,18
1593576000,708065,19
1596254400,713319,20
1598932800,718431,21
1601524800,723670,22
1604203200,729365,23
1606798800,735788,24
