1443672000,47329,
1446350400,49691,
1448946000,52137,
1451624400,54763,
1454302800,57307,
1456808400,59923,
1459483200,62841,1
1462075200,176211,0
1464753600,179097,0
1467345600,181673,0
1470024000,184576,0
1472702400,187558,0
1475294400,190524,1
1477972800,193662,2
1480568400,196541,3
1483246800,199596,4
1485925200,202507,5
1488344400,205860,6
1491019200,209520,7
1493611200,213084,8
1496289600,216742,9
1498881600,220796,10
1501560000,224798,11
1504238400,228623,12
1506830400,232126,13
1509508800,236358,14
1512104400,240377,15
1514782800,244446,16
1517461200,249161,17
1519880400,253176,18
1522555200,257759,19
1525147200,262170,20
1527825600,266689,21
1530417600,271384,22
1533096000,276369,23
1535774400,281051,24
1538366400,285694,25
1541044800,290265,26
1543640400,295444,27
1546318800,299555,28
1548997200,304494,29
1551416400,309416,30
1554091200,315068,31
1556683200,320288,32
1559361600,325589,33
1561953600,330488,34
1564632000,335689,35
1567310400,340716,36
1569902400,345839,37
1572580800,350829,38
1575176400,355831,39
1577854800,360807,40
1580533200,365918,41
1583038800,370571,42
1585713600,376135,43
1588305600,381689,44
1590984000,387474,45
1593576000,392772,46
1596254400,398236,47
1598932800,403542,48
1601524800,408980,49
1604203200,414842,50
1606798800,421444,51
