1498881600,405019,
1501560000,407888,
1504238400,410945,
1506830400,413805,
1509508800,417269,
1512104400,420735,
1514782800,424266,1
1517461200,428359,2
1519880400,431994,3
1522555200,436149,4
1525147200,440147,5
1527825600,444295,6
1530417600,448668,7
1533096000,453221,8
1535774400,457553,9
1538366400,461981,10
1541044800,466275,11
1543640400,471140,12
1546318800,474993,13
1548997200,479722,14
1551416400,484397,15
1554091200,489866,16
1556683200,494911,17
1559361600,500030,18
1561953600,504818,19
1564632000,509877,20
1567310400,514746,21
1569902400,519743,22
1572580800,524616,23
1575176400,529503,24
1577854800,534363,25
1580533200,539360,26
1583038800,543923,27
1585713600,549377,28
1588305600,554825,29
1590984000,560510,30
1593576000,565691,31
1596254400,571053,32
1598932800,576261,33
1601524800,581613,34
1604203200,587399,35
1606798800,593925,36
