1554091200,761865,
1556683200,765678,
1559361600,769870,
1561953600,773930,
1564632000,778173,
1567310400,782460,
1569902400,786908,1
1572580800,791257,2
1575176400,795682,3
1577854800,800138,4
1580533200,804692,5
1583038800,808830,6
1585713600,813803,7
1588305600,818736,8
1590984000,823862,9
1593576000,828622,10
1596254400,833486,11
1598932800,838268,12
1601524800,843195,13
1604203200,847727,14
1606798800,852176,15
1609477200,856795,16
1612155600,861869,17
1614574800,866716,18
1617249600,874064,19
1619841600,880366,20
1622520000,886152,21
1625112000,897412,22
1627790400,902708,23
