1506830400,45640,
1509508800,56229,
1512104400,52144,
1514782800,53558,
1517461200,55172,
1519880400,56573,
1522555200,69800,0
1525147200,58889,0
1527825600,60532,0
1530417600,62038,0
1533096000,63495,0
1535774400,65359,0
1538366400,66858,1
1541044800,69127,2
1543640400,23434,0
1546318800,23931,0
1548997200,22509,0
1551416400,23018,0
1554091200,23651,0
1556683200,24176,0
1559361600,24897,0
1561953600,25761,1
1564632000,20220,0
1567310400,20088,0
1569902400,20492,0
1572580800,20832,0
1575176400,21218,0
1577854800,21688,0
1580533200,22000,1
1583038800,22165,2
1585713600,27980,0
1588305600,26098,0
1590984000,26594,0
1593576000,27053,0
1596254400,27454,0
1598932800,27855,0
1601524800,28280,1
1604203200,28165,0
1606798800,28494,0
