1454302800,195750,
1456808400,197769,
1459483200,200599,
1462075200,203219,
1464753600,205887,
1467345600,208279,
1470024000,211056,1
1472702400,213915,2
1475294400,216753,3
1477972800,219788,4
1480568400,222569,5
1483246800,225539,6
1485925200,228362,7
1488344400,231631,8
1491019200,235201,9
1493611200,238682,10
1496289600,242264,11
1498881600,246257,12
1501560000,250198,13
1504238400,253973,14
1506830400,257431,15
1509508800,261591,16
1512104400,265566,17
1514782800,269582,18
1517461200,274263,19
1519880400,278238,20
1522555200,282796,21
1525147200,287173,22
1527825600,291662,23
1530417600,296325,24
1533096000,301281,25
1535774400,305931,26
1538366400,310566,27
1541044800,315100,28
1543640400,320251,29
1546318800,324326,30
1548997200,329245,31
1551416400,334152,32
1554091200,339787,33
1556683200,344991,34
1559361600,350282,35
1561953600,355174,36
1564632000,360357,37
1567310400,365366,38
1569902400,370471,39
1572580800,375453,40
1575176400,380442,41
1577854800,385407,42
1580533200,390503,43
1583038800,395151,44
1585713600,400699,45
1588305600,406244,46
1590984000,412012,47
1593576000,417298,48
1596254400,422751,49
1598932800,428043,50
1601524800,433470,51
1604203200,439326,52
1606798800,445919,53
