1443672000,50685,
1446350400,160283,
1448946000,162362,
1451624400,164837,
1454302800,167270,
1456808400,169815,
1459483200,172998,1
1462075200,175904,2
1464753600,178792,3
1467345600,181370,4
1470024000,184275,5
1472702400,187258,6
1475294400,190224,7
1477972800,193365,8
1480568400,196246,9
1483246800,199301,10
1485925200,202213,11
1488344400,205567,12
1491019200,209228,13
1493611200,212792,14
1496289600,216450,15
1498881600,220505,16
1501560000,224508,17
1504238400,228333,18
1506830400,231838,19
1509508800,236071,20
1512104400,240090,21
1514782800,244159,22
1517461200,248874,23
1519880400,252890,24
1522555200,257473,25
1525147200,261884,26
1527825600,266404,27
1530417600,271100,28
1533096000,276085,29
1535774400,280767,30
1538366400,285410,31
1541044800,289981,32
1543640400,295160,33
1546318800,299271,34
1548997200,304210,35
1551416400,309132,36
1554091200,314784,37
1556683200,320004,38
1559361600,325305,39
1561953600,330204,40
1564632000,335405,41
1567310400,340432,42
1569902400,345555,43
1572580800,350546,44
1575176400,355548,45
1577854800,360524,46
1580533200,365635,47
1583038800,370288,48
1585713600,375852,49
1588305600,381406,50
1590984000,387190,51
1593576000,392489,52
1596254400,397953,53
1598932800,403259,54
1601524800,408697,55
1604203200,414559,56
1606798800,421162,57
