1535774400,631896,
1538366400,635432,
1541044800,639138,
1543640400,643448,
1546318800,646853,
1548997200,651107,
1551416400,655325,1
1554091200,660369,2
1556683200,665052,3
1559361600,669841,4
1561953600,674362,5
1564632000,679073,6
1567310400,683686,7
1569902400,688433,8
1572580800,693067,9
1575176400,697746,10
1577854800,702420,11
1580533200,707235,12
1583038800,711633,13
1585713600,716921,14
1588305600,722207,15
1590984000,727758,16
1593576000,732786,17
1596254400,738010,18
1598932800,743106,19
1601524800,748338,20
1604203200,754020,21
1606798800,760415,22
