1446350400,9361,
1448946000,9792,
1451624400,10244,
1454302800,10669,
1456808400,11052,
1459483200,11470,
1462075200,12202,1
1464753600,13215,2
1467345600,13688,3
1470024000,14136,4
1472702400,11861,0
1475294400,12239,0
1477972800,12650,0
1480568400,13029,0
1483246800,13408,0
1485925200,13758,1
1488344400,14186,2
1491019200,14696,3
1493611200,15152,4
1496289600,15547,5
1498881600,16032,6
1501560000,16509,7
1504238400,16970,8
1506830400,17369,9
1509508800,17925,10
1512104400,18388,11
1514782800,18905,12
1517461200,19448,13
1519880400,19977,14
1522555200,20458,15
1525147200,20987,16
1527825600,21480,17
1530417600,22000,18
1533096000,22491,19
1535774400,28250,0
1538366400,28894,0
1541044800,29551,0
1543640400,30248,0
1546318800,30894,0
1548997200,31578,1
1551416400,32360,2
1554091200,33118,3
1556683200,33895,4
1559361600,34680,5
1561953600,35311,6
1564632000,36058,7
1567310400,36752,8
1569902400,37465,9
1572580800,38160,10
1575176400,38880,11
1577854800,39623,12
1580533200,40311,13
1583038800,40980,14
1585713600,41692,15
1588305600,42458,16
1590984000,43278,17
1593576000,43954,18
1596254400,44690,19
1598932800,45341,20
1601524800,46031,21
1604203200,46706,22
1606798800,47318,23
