1556683200,782742,
1559361600,786723,
1561953600,790663,
1564632000,794836,
1567310400,799036,
1569902400,803431,
1572580800,807708,1
1575176400,812104,2
1577854800,816519,3
1580533200,821036,4
1583038800,825143,5
1585713600,830090,6
1588305600,834994,7
1590984000,840092,8
1593576000,844839,9
1596254400,849669,10
1598932800,854433,11
1601524800,859332,12
1604203200,863843,13
1606798800,868279,14
1609477200,872890,15
1612155600,877956,16
1614574800,882785,17
1617249600,890118,18
1619841600,896406,19
1622520000,902187,20
1625112000,913423,21
