1519880400,528228,
1522555200,531603,
1525147200,535103,
1527825600,538808,
1530417600,542842,
1533096000,547012,
1535774400,551059,1
1538366400,555144,2
1541044800,559176,3
1543640400,563846,4
1546318800,567499,5
1548997200,572012,6
1551416400,576513,7
1554091200,581812,8
1556683200,586705,9
1559361600,591654,10
1561953600,596327,11
1564632000,601203,12
1567310400,605954,13
1569902400,610836,14
1572580800,615627,15
1575176400,620445,16
1577854800,625216,17
1580533200,630138,18
1583038800,634619,19
1585713600,640003,20
1588305600,645385,21
1590984000,651000,22
1593576000,656106,23
1596254400,661391,24
1598932800,666545,25
1601524800,671823,26
1604203200,677559,27
1606798800,684033,28
