1512104400,57608,
1514782800,59112,
1517461200,60761,
1519880400,62255,
1522555200,63927,
1525147200,65581,
1527825600,67260,1
1530417600,68835,2
1533096000,70424,3
1535774400,78592,0
1538366400,80360,0
1541044800,82196,0
1543640400,84225,0
1546318800,85912,0
1548997200,87745,1
1551416400,89687,2
1554091200,91889,3
1556683200,93853,4
1559361600,96061,5
1561953600,97837,6
1564632000,99794,7
1567310400,101657,8
1569902400,103683,9
1572580800,105575,10
1575176400,107518,11
1577854800,109559,12
1580533200,111499,13
1583038800,113307,14
1585713600,115377,15
1588305600,117430,16
1590984000,119738,17
1593576000,121571,18
1596254400,123572,19
1598932800,125556,20
1601524800,127498,21
1604203200,130199,22
1606798800,133653,23
