1485925200,331965,
1488344400,334556,
1491019200,337546,
1493611200,340537,
1496289600,343639,
1498881600,347213,
1501560000,350728,1
1504238400,354191,2
1506830400,357352,3
1509508800,361186,4
1512104400,364908,5
1514782800,368661,6
1517461200,373022,7
1519880400,376821,8
1522555200,381186,9
1525147200,385345,10
1527825600,389641,11
1530417600,394170,12
1533096000,398852,13
1535774400,403327,14
1538366400,407824,15
1541044800,412224,16
1543640400,417210,17
1546318800,421189,18
1548997200,426000,19
1551416400,430763,20
1554091200,436297,21
1556683200,441429,22
1559361600,446603,23
1561953600,451450,24
1564632000,456558,25
1567310400,461481,26
1569902400,466526,27
1572580800,471452,28
1575176400,476387,29
1577854800,481295,30
1580533200,486332,31
1583038800,490934,32
1585713600,496434,33
1588305600,501923,34
1590984000,507633,35
1593576000,512864,36
1596254400,518272,37
1598932800,523505,38
1601524800,528883,39
1604203200,534705,40
1606798800,541252,41
