1451624400,188396,
1454302800,190376,
1456808400,192575,
1459483200,195531,
1462075200,198249,
1464753600,200977,
1467345600,203398,1
1470024000,206209,2
1472702400,209093,3
1475294400,211951,4
1477972800,215000,5
1480568400,217796,6
1483246800,220785,7
1485925200,223631,8
1488344400,226916,9
1491019200,230504,10
1493611200,233997,11
1496289600,237607,12
1498881600,241614,13
1501560000,245567,14
1504238400,249351,15
1506830400,252821,16
1509508800,256998,17
1512104400,260981,18
1514782800,265007,19
1517461200,269697,20
1519880400,273681,21
1522555200,278241,22
1525147200,282629,23
1527825600,287119,24
1530417600,291784,25
1533096000,296751,26
1535774400,301404,27
1538366400,306040,28
1541044800,310582,29
1543640400,315739,30
1546318800,319823,31
1548997200,324746,32
1551416400,329655,33
1554091200,335298,34
1556683200,340505,35
1559361600,345798,36
1561953600,350694,37
1564632000,355880,38
1567310400,360894,39
1569902400,366002,40
1572580800,370984,41
1575176400,375976,42
1577854800,380944,43
1580533200,386044,44
1583038800,390694,45
1585713600,396245,46
1588305600,401793,47
1590984000,407566,48
1593576000,412853,49
1596254400,418307,50
1598932800,423602,51
1601524800,429032,52
1604203200,434888,53
1606798800,441484,54
