1396324800,51093,
1398916800,52057,
1401595200,53185,
1404187200,54405,
1406865600,55583,
1409544000,57040,
1412136000,58428,1
1414814400,59938,2
1417410000,61451,3
1420088400,62865,4
1422766800,64602,5
1425186000,66233,6
1427860800,67994,7
1430452800,69771,8
1433131200,71834,9
1435723200,73820,10
1438401600,76228,11
1441080000,78697,12
1443672000,81291,13
1446350400,83862,14
1448946000,86606,15
1451624400,89611,16
1454302800,92517,17
1456808400,95453,18
1459483200,98996,19
1462075200,102242,20
1464753600,105465,21
1467345600,108306,22
1470024000,111491,23
1472702400,114786,24
1475294400,117993,25
1477972800,121356,26
1480568400,124431,27
1483246800,127658,28
1485925200,130737,29
1488344400,134263,30
1491019200,138108,31
1493611200,141826,32
1496289600,145630,33
1498881600,149829,34
1501560000,153949,35
1504238400,157913,36
1506830400,161527,37
1509508800,165937,38
1512104400,170050,39
1514782800,174216,40
1517461200,179030,41
1519880400,183117,42
1522555200,187779,43
1525147200,192257,44
1527825600,196841,45
1530417600,201624,46
1533096000,206682,47
1535774400,211434,48
1538366400,216129,49
1541044800,220759,50
1543640400,225990,51
1546318800,230150,52
1548997200,235125,53
1551416400,240078,54
1554091200,245780,55
1556683200,251029,56
1559361600,256362,57
1561953600,261291,58
1564632000,266520,59
1567310400,271594,60
1569902400,276742,61
1572580800,281763,62
1575176400,286802,63
1577854800,291802,64
1580533200,296947,65
1583038800,301609,66
1585713600,307179,67
1588305600,312756,68
1590984000,318554,69
1593576000,323867,70
1596254400,329352,71
1598932800,334680,72
1601524800,340143,73
1604203200,346032,74
1606798800,352651,75
