1427860800,114658,
1430452800,115936,
1433131200,117521,
1435723200,119159,
1438401600,121250,
1441080000,123411,
1443672000,125683,1
1446350400,128011,2
1448946000,130490,3
1451624400,133289,4
1454302800,135988,5
1456808400,138749,6
1459483200,142138,7
1462075200,145198,8
1464753600,148264,9
1467345600,150996,10
1470024000,154041,11
1472702400,157170,12
1475294400,160251,13
1477972800,163514,14
1480568400,166473,15
1483246800,169616,16
1485925200,172604,17
1488344400,176041,18
1491019200,179801,19
1493611200,183444,20
1496289600,187168,21
1498881600,191288,22
1501560000,195341,23
1504238400,199236,24
1506830400,202792,25
1509508800,207114,26
1512104400,211179,27
1514782800,215309,28
1517461200,220080,29
1519880400,224130,30
1522555200,228751,31
1525147200,233184,32
1527825600,237734,33
1530417600,242466,34
1533096000,247493,35
1535774400,252207,36
1538366400,256879,37
1541044800,261484,38
1543640400,266698,39
1546318800,270829,40
1548997200,275783,41
1551416400,280720,42
1554091200,286402,43
1556683200,291639,44
1559361600,296954,45
1561953600,301856,46
1564632000,307065,47
1567310400,312112,48
1569902400,317242,49
1572580800,322245,50
1575176400,327256,51
1577854800,332241,52
1580533200,337366,53
1583038800,342023,54
1585713600,347595,55
1588305600,353155,56
1590984000,358945,57
1593576000,364249,58
1596254400,369722,59
1598932800,375042,60
1601524800,380492,61
1604203200,386367,62
1606798800,392979,63
