1441080000,151437,
1443672000,153289,
1446350400,155303,
1448946000,157453,
1451624400,159990,
1454302800,162471,
1456808400,165054,1
1459483200,168279,2
1462075200,171213,3
1464753600,174124,4
1467345600,176729,5
1470024000,179662,6
1472702400,182675,7
1475294400,185656,8
1477972800,188819,9
1480568400,191710,10
1483246800,194772,11
1485925200,197692,12
1488344400,201064,13
1491019200,204732,14
1493611200,208317,15
1496289600,211984,16
1498881600,216051,17
1501560000,220065,18
1504238400,223902,19
1506830400,227411,20
1509508800,231658,21
1512104400,235683,22
1514782800,239763,23
1517461200,244487,24
1519880400,248509,25
1522555200,253096,26
1525147200,257514,27
1527825600,262037,28
1530417600,266741,29
1533096000,271736,30
1535774400,276423,31
1538366400,281072,32
1541044800,285649,33
1543640400,290834,34
1546318800,294946,35
1548997200,299892,36
1551416400,304813,37
1554091200,310470,38
1556683200,315695,39
1559361600,320998,40
1561953600,325899,41
1564632000,331103,42
1567310400,336132,43
1569902400,341258,44
1572580800,346249,45
1575176400,351254,46
1577854800,356231,47
1580533200,361341,48
1583038800,365993,49
1585713600,371561,50
1588305600,377115,51
1590984000,382901,52
1593576000,388199,53
1596254400,393664,54
1598932800,398971,55
1601524800,404409,56
1604203200,410271,57
1606798800,416875,58
