1448946000,20572,
1451624400,21470,
1454302800,22301,
1456808400,23121,
1459483200,24052,
1462075200,25190,
1464753600,26126,1
1467345600,26905,2
1470024000,27780,3
1472702400,28754,4
1475294400,29562,5
1477972800,30520,6
1480568400,31381,7
1483246800,32284,8
1485925200,33191,9
1488344400,34286,10
1491019200,35418,11
1493611200,36450,12
1496289600,37502,13
1498881600,38719,14
1501560000,39862,15
1504238400,40961,16
1506830400,41971,17
1509508800,43162,18
1512104400,44300,19
1514782800,45488,20
1517461200,46859,21
1519880400,48012,22
1522555200,49271,23
1525147200,50602,24
1527825600,51848,25
1530417600,53062,26
1533096000,54300,27
1535774400,62328,0
1538366400,63734,0
1541044800,65142,0
1543640400,66832,0
1546318800,68222,0
1548997200,69754,1
1551416400,71337,2
1554091200,73056,3
1556683200,74731,4
1559361600,76473,5
1561953600,77928,6
1564632000,79513,7
1567310400,80971,8
1569902400,82558,9
1572580800,84056,10
1575176400,85643,11
1577854800,87317,12
1580533200,88816,13
1583038800,90320,14
1585713600,91960,15
1588305600,93620,16
1590984000,95513,17
1593576000,97034,18
1596254400,98576,19
1598932800,100175,20
1601524800,101748,21
1604203200,103760,22
1606798800,106185,23
