1380600000,32935,
1383278400,33540,
1385874000,34292,
1388552400,35137,
1391230800,36132,
1393650000,37054,
1396324800,38234,1
1398916800,39383,2
1401595200,40702,3
1404187200,42038,4
1406865600,43329,5
1409544000,44898,6
1412136000,46403,7
1414814400,47997,8
1417410000,49592,9
1420088400,51079,10
1422766800,52882,11
1425186000,54589,12
1427860800,56415,13
1430452800,58241,14
1433131200,60371,15
1435723200,62399,16
1438401600,64867,17
1441080000,67371,18
1443672000,70018,19
1446350400,72632,20
1448946000,75412,21
1451624400,78451,22
1454302800,81387,23
1456808400,84357,24
1459483200,87904,25
1462075200,91173,26
1464753600,94420,27
1467345600,97280,28
1470024000,100486,29
1472702400,103812,30
1475294400,107039,31
1477972800,110415,32
1480568400,113505,33
1483246800,116747,34
1485925200,119834,35
1488344400,123372,36
1491019200,127229,37
1493611200,130953,38
1496289600,134760,39
1498881600,138969,40
1501560000,49556,0
1504238400,51017,0
1506830400,52296,0
1509508800,53837,0
1512104400,55248,0
1514782800,56738,1
1517461200,58387,2
1519880400,59886,3
1522555200,57831,0
1525147200,59450,0
1527825600,58640,0
1530417600,59351,0
1533096000,60867,0
1535774400,55396,0
1538366400,56660,0
1541044800,60387,0
1543640400,30879,0
1546318800,38788,0
1548997200,35456,0
1551416400,36543,0
1554091200,37429,0
1556683200,29599,0
1559361600,30269,0
1561953600,30884,0
1564632000,31523,0
1567310400,31859,0
1569902400,32514,1
1572580800,33072,2
1575176400,33731,3
1577854800,34336,4
1580533200,30197,0
1583038800,30654,0
1585713600,28992,0
1588305600,29535,0
1590984000,30066,0
1593576000,32611,0
1596254400,30885,0
1598932800,31366,0
1601524800,31857,0
1604203200,32294,0
1606798800,32746,0
