1541044800,668127,
1543640400,672100,
1546318800,675528,
1548997200,679639,
1551416400,683724,
1554091200,688633,
1556683200,693229,1
1559361600,697920,2
1561953600,702353,3
1564632000,706977,4
1567310400,711521,5
1569902400,716199,6
1572580800,720786,7
1575176400,725445,8
1577854800,730074,9
1580533200,734841,10
1583038800,739199,11
1585713600,744446,12
1588305600,749685,13
1590984000,755175,14
1593576000,760174,15
1596254400,765364,16
1598932800,770436,17
1601524800,775639,18
1604203200,781296,19
1606798800,787673,20
