1454302800,36401,
1456808400,37777,
1459483200,39378,
1462075200,40973,
1464753600,42562,
1467345600,43982,
1470024000,45496,1
1472702400,47046,2
1475294400,48484,3
1477972800,50172,4
1480568400,51670,5
1483246800,53179,6
1485925200,54722,7
1488344400,56394,8
1491019200,58272,9
1493611200,60088,10
1496289600,61855,11
1498881600,63663,12
1501560000,65551,13
1504238400,67416,14
1506830400,69146,15
1509508800,71166,16
1512104400,73049,17
1514782800,74910,18
1517461200,77128,19
1519880400,79118,20
1522555200,81273,21
1525147200,83454,22
1527825600,85642,23
1530417600,87833,24
1533096000,89926,25
1535774400,97855,0
1538366400,100135,0
1541044800,102370,1
1543640400,105036,2
1546318800,107207,0
1548997200,109700,1
1551416400,112050,2
1554091200,114818,3
1556683200,117356,4
1559361600,120142,5
1561953600,122462,6
1564632000,124925,7
1567310400,127407,8
1569902400,129995,9
1572580800,132500,10
1575176400,134956,11
1577854800,137459,12
1580533200,139967,13
1583038800,142225,14
1585713600,144812,15
1588305600,147561,16
1590984000,150308,17
1593576000,152767,18
1596254400,155326,19
1598932800,157892,20
1601524800,160426,21
1604203200,163686,22
1606798800,167647,23
