1509508800,456853,
1512104400,459940,
1514782800,463192,
1517461200,467019,
1519880400,470473,
1522555200,474441,
1525147200,478283,1
1527825600,482296,2
1530417600,486558,3
1533096000,490964,4
1535774400,495197,5
1538366400,499516,6
1541044800,503715,7
1543640400,508472,8
1546318800,512246,9
1548997200,516889,10
1551416400,521505,11
1554091200,526911,12
1556683200,531892,13
1559361600,536935,14
1561953600,541697,15
1564632000,546702,16
1567310400,551532,17
1569902400,556480,18
1572580800,561341,19
1575176400,566191,20
1577854800,571020,21
1580533200,575986,22
1583038800,580525,23
1585713600,585942,24
1588305600,591371,25
1590984000,597027,26
1593576000,602170,27
1596254400,607501,28
1598932800,612692,29
1601524800,618011,30
1604203200,623771,31
1606798800,630278,32
