1535774400,637788,
1538366400,641148,
1541044800,644809,
1543640400,649063,
1546318800,652445,
1548997200,656679,
1551416400,660870,1
1554091200,665890,2
1556683200,670554,3
1559361600,675326,4
1561953600,679829,5
1564632000,684528,6
1567310400,689132,7
1569902400,693865,8
1572580800,698494,9
1575176400,703170,10
1577854800,707830,11
1580533200,712630,12
1583038800,717019,13
1585713600,722304,14
1588305600,727574,15
1590984000,733111,16
1593576000,738138,17
1596254400,743348,18
1598932800,748442,19
1601524800,753668,20
1604203200,759345,21
1606798800,765736,22
