1425186000,106217,
1427860800,107497,
1430452800,21808,
1433131200,22786,
1435723200,23747,
1438401600,24983,
1441080000,20462,0
1443672000,19523,0
1446350400,20423,0
1448946000,21308,0
1451624400,17819,0
1454302800,18561,0
1456808400,19290,0
1459483200,20149,0
1462075200,21158,0
1464753600,21990,1
1467345600,22771,2
1470024000,23511,3
1472702400,24369,4
1475294400,25101,5
1477972800,25940,6
1480568400,26694,7
1483246800,27492,8
1485925200,28362,9
1488344400,29312,10
1491019200,30317,11
1493611200,31234,12
1496289600,32138,13
1498881600,33265,14
1501560000,34287,15
1504238400,35262,16
1506830400,36097,17
1509508800,37218,18
1512104400,38209,19
1514782800,39301,20
1517461200,40453,21
1519880400,41557,22
1522555200,42701,23
1525147200,43881,24
1527825600,44985,25
1530417600,46097,26
1533096000,47102,27
1535774400,54846,0
1538366400,56090,0
1541044800,57336,0
1543640400,58766,0
1546318800,60084,0
1548997200,61526,1
1551416400,62901,2
1554091200,64464,3
1556683200,65960,4
1559361600,67527,5
1561953600,68846,6
1564632000,70250,7
1567310400,71545,8
1569902400,72974,9
1572580800,74337,10
1575176400,75739,11
1577854800,77251,12
1580533200,78582,13
1583038800,79923,14
1585713600,81371,15
1588305600,82992,16
1590984000,84671,17
1593576000,86124,18
1596254400,87479,19
1598932800,88890,20
1601524800,90373,21
1604203200,92175,22
1606798800,94498,23
