1509508800,463048,
1512104400,466007,
1514782800,469195,
1517461200,472977,
1519880400,476381,
1522555200,480314,
1525147200,484147,1
1527825600,488140,2
1530417600,492388,3
1533096000,496793,4
1535774400,501009,5
1538366400,505312,6
1541044800,509506,7
1543640400,514261,8
1546318800,518023,9
1548997200,522659,10
1551416400,527263,11
1554091200,532661,12
1556683200,537628,13
1559361600,542657,14
1561953600,547414,15
1564632000,552393,16
1567310400,557211,17
1569902400,562151,18
1572580800,567010,19
1575176400,571864,20
1577854800,576686,21
1580533200,581643,22
1583038800,586177,23
1585713600,591592,24
1588305600,597012,25
1590984000,602664,26
1593576000,607806,27
1596254400,613131,28
1598932800,618318,29
1601524800,623630,30
1604203200,629390,31
1606798800,635893,32
