1380600000,32366,
1383278400,32986,
1385874000,33752,
1388552400,34603,
1391230800,35609,
1393650000,36534,
1396324800,37717,1
1398916800,38871,2
1401595200,40198,3
1404187200,41534,4
1406865600,42835,5
1409544000,44410,6
1412136000,45918,7
1414814400,47514,8
1417410000,49111,9
1420088400,50599,10
1422766800,52404,11
1425186000,54111,12
1427860800,55938,13
1430452800,57767,14
1433131200,59898,15
1435723200,61926,16
1438401600,64395,17
1441080000,66900,18
1443672000,69547,19
1446350400,72162,20
1448946000,74942,21
1451624400,77981,22
1454302800,80921,23
1456808400,83892,24
1459483200,87439,25
1462075200,90709,26
1464753600,93957,27
1467345600,96819,28
1470024000,100028,29
1472702400,103355,30
1475294400,106582,31
1477972800,109958,32
1480568400,113048,33
1483246800,116290,34
1485925200,119378,35
1488344400,122918,36
1491019200,126777,37
1493611200,130501,38
1496289600,134310,39
1498881600,138519,40
1501560000,142659,41
1504238400,146645,42
1506830400,150259,43
1509508800,154700,44
1512104400,158828,45
1514782800,163002,46
1517461200,167831,47
1519880400,171924,48
1522555200,176574,49
1525147200,181065,50
1527825600,185655,51
1530417600,190442,52
1533096000,195509,53
1535774400,200272,54
1538366400,204974,55
1541044800,209612,56
1543640400,214848,57
1546318800,219007,58
1548997200,223989,59
1551416400,228948,60
1554091200,234653,61
1556683200,239902,62
1559361600,245234,63
1561953600,250165,64
1564632000,255397,65
1567310400,260473,66
1569902400,265625,67
1572580800,270649,68
1575176400,275690,69
1577854800,280698,70
1580533200,285843,71
1583038800,290509,72
1585713600,296080,73
1588305600,301661,74
1590984000,307461,75
1593576000,312776,76
1596254400,318265,77
1598932800,323598,78
1601524800,329064,79
1604203200,334957,80
1606798800,341581,81
