1541044800,671774,
1543640400,675672,
1546318800,679070,
1548997200,683145,
1551416400,687212,
1554091200,692090,
1556683200,696672,1
1559361600,701351,2
1561953600,705778,3
1564632000,710385,4
1567310400,714918,5
1569902400,719601,6
1572580800,724180,7
1575176400,728831,8
1577854800,733454,9
1580533200,738217,10
1583038800,742571,11
1585713600,747814,12
1588305600,753053,13
1590984000,758537,14
1593576000,763527,15
1596254400,768714,16
1598932800,773779,17
1601524800,778976,18
1604203200,784633,19
1606798800,791010,20
