1493611200,369021,
1496289600,371833,
1498881600,375161,
1501560000,378452,
1504238400,381763,
1506830400,384821,
1509508800,388508,1
1512104400,392103,2
1514782800,395741,3
1517461200,399994,4
1519880400,403718,5
1522555200,408001,6
1525147200,412074,7
1527825600,416294,8
1530417600,420754,9
1533096000,425373,10
1535774400,429781,11
1538366400,434242,12
1541044800,438579,13
1543640400,443501,14
1546318800,447399,15
1548997200,452182,16
1551416400,456909,17
1554091200,462412,18
1556683200,467501,19
1559361600,472659,20
1561953600,477481,21
1564632000,482560,22
1567310400,487457,23
1569902400,492480,24
1572580800,497377,25
1575176400,502291,26
1577854800,507180,27
1580533200,512198,28
1583038800,516784,29
1585713600,522261,30
1588305600,527729,31
1590984000,533421,32
1593576000,538628,33
1596254400,544014,34
1598932800,549241,35
1601524800,554599,36
1604203200,560405,37
1606798800,566940,38
