1509508800,455883,
1512104400,458983,
1514782800,462239,
1517461200,466074,
1519880400,469537,
1522555200,473517,
1525147200,477364,1
1527825600,481378,2
1530417600,485647,3
1533096000,490058,4
1535774400,494292,5
1538366400,498611,6
1541044800,502812,7
1543640400,507570,8
1546318800,511346,9
1548997200,515991,10
1551416400,520611,11
1554091200,526017,12
1556683200,530998,13
1559361600,536043,14
1561953600,540806,15
1564632000,545812,16
1567310400,550642,17
1569902400,555593,18
1572580800,560456,19
1575176400,565306,20
1577854800,570134,21
1580533200,575100,22
1583038800,579639,23
1585713600,585056,24
1588305600,590485,25
1590984000,596141,26
1593576000,601286,27
1596254400,606618,28
1598932800,611811,29
1601524800,617131,30
1604203200,622891,31
1606798800,629398,32
