1535774400,639215,
1538366400,642520,
1541044800,646160,
1543640400,650404,
1546318800,653780,
1548997200,658005,
1551416400,662193,1
1554091200,667207,2
1556683200,671861,3
1559361600,676627,4
1561953600,681129,5
1564632000,685823,6
1567310400,690424,7
1569902400,695156,8
1572580800,699783,9
1575176400,704460,10
1577854800,709120,11
1580533200,713918,12
1583038800,718305,13
1585713600,723585,14
1588305600,728852,15
1590984000,734385,16
1593576000,739410,17
1596254400,744619,18
1598932800,749714,19
1601524800,754939,20
1604203200,760615,21
1606798800,767004,22
