1559361600,810082,
1561953600,813693,
1564632000,817655,
1567310400,821736,
1569902400,826023,
1572580800,830215,
1575176400,834544,1
1577854800,838885,2
1580533200,843348,3
1583038800,847417,4
1585713600,852304,5
1588305600,857162,6
1590984000,862227,7
1593576000,866927,8
1596254400,871732,9
1598932800,876475,10
1601524800,881340,11
1604203200,885828,12
1606798800,890239,13
1609477200,894838,14
1612155600,899884,15
1614574800,904690,16
1617249600,912007,17
1619841600,918279,18
1622520000,924047,19
1625112000,935245,20
1627790400,940518,21
