1385874000,37560,
1388552400,38340,
1391230800,39271,
1393650000,40152,
1396324800,41290,
1398916800,42408,
1401595200,43699,1
1404187200,45020,2
1406865600,46283,3
1409544000,47827,4
1412136000,49316,5
1414814400,50896,6
1417410000,52477,7
1420088400,53945,8
1422766800,55749,9
1425186000,57435,10
1427860800,59248,11
1430452800,21252,0
1433131200,22227,0
1435723200,23199,0
1438401600,24447,0
1441080000,30946,0
1443672000,32310,0
1446350400,33727,0
1448946000,35275,0
1451624400,36916,0
1454302800,38439,1
1456808400,39951,2
1459483200,41718,3
1462075200,43486,4
1464753600,45238,5
1467345600,46832,6
1470024000,48479,7
1472702400,50194,8
1475294400,51761,9
1477972800,53556,10
1480568400,55210,11
1483246800,56820,12
1485925200,58515,13
1488344400,79386,0
1491019200,82143,0
1493611200,84712,0
1496289600,87356,0
1498881600,90107,0
1501560000,92915,1
1504238400,95547,2
1506830400,97977,3
1509508800,100817,4
1512104400,103570,5
1514782800,106328,6
1517461200,109563,7
1519880400,112361,8
1522555200,115413,9
1525147200,118444,10
1527825600,121491,11
1530417600,124672,12
1533096000,127816,13
1535774400,134633,14
1538366400,137828,15
1541044800,141075,16
1543640400,144658,17
1546318800,147585,18
1548997200,151095,19
1551416400,154474,20
1554091200,158314,21
1556683200,161957,22
1559361600,165716,23
1561953600,169253,24
1564632000,172700,25
1567310400,176201,26
1569902400,179904,27
1572580800,183365,28
1575176400,186623,29
1577854800,190073,30
1580533200,193569,31
1583038800,196765,32
1585713600,200559,33
1588305600,204517,34
1590984000,208449,35
1593576000,211918,36
1596254400,215603,37
1598932800,219253,38
1601524800,222686,39
1604203200,226896,40
1606798800,231928,41
