1559361600,45636,
1561953600,46500,
1564632000,47442,
1567310400,48328,
1569902400,49308,
1572580800,50176,
1575176400,51057,1
1577854800,51967,2
1580533200,52828,3
1583038800,53694,4
1585713600,54673,5
1588305600,55677,6
1590984000,56793,7
1593576000,57597,8
1596254400,58531,9
1598932800,59408,10
1601524800,60335,11
1604203200,61205,12
1606798800,62009,13
1609477200,62862,14
1612155600,63859,15
1614574800,64745,16
1617249600,67390,
1619841600,69079,1
1622520000,70275,2
1625112000,72677,3
1627790400,73810,4
