1546318800,705844,
1548997200,709545,
1551416400,713297,
1554091200,717955,
1556683200,722185,
1559361600,726629,
1561953600,730897,1
1564632000,735358,2
1567310400,739796,3
1569902400,744343,4
1572580800,748800,5
1575176400,753336,6
1577854800,757893,7
1580533200,762514,8
1583038800,766712,9
1585713600,771781,10
1588305600,776806,11
1590984000,781998,12
1593576000,786813,13
1596254400,791740,14
1598932800,796550,15
1601524800,801533,16
1604203200,806127,17
1606798800,810628,18
1609477200,815274,19
1612155600,820375,20
1614574800,825240,21
1617249600,832604,22
1619841600,838928,23
1622520000,844738,24
1625112000,856057,25
