1354338000,13633,
1357016400,13916,
1359694800,14365,
1362114000,14791,
1364788800,15461,
1367380800,16087,
1370059200,16681,1
1372651200,17413,2
1375329600,18145,3
1378008000,18808,4
1380600000,19681,5
1383278400,20458,6
1385874000,21384,7
1388552400,22380,8
1391230800,23522,9
1393650000,24553,10
1396324800,25884,11
1398916800,27126,12
1401595200,28542,13
1404187200,29948,14
1406865600,31317,15
1409544000,32979,16
1412136000,34531,17
1414814400,36179,18
1417410000,37832,19
1420088400,39364,20
1422766800,41225,21
1425186000,42981,22
1427860800,44846,23
1430452800,46696,24
1433131200,48858,25
1435723200,50928,26
1438401600,53440,27
1441080000,55975,28
1443672000,58654,29
1446350400,61310,30
1448946000,64125,31
1451624400,67191,32
1454302800,70161,33
1456808400,73160,34
1459483200,76704,35
1462075200,80000,36
1464753600,83272,37
1467345600,86150,38
1470024000,89377,39
1472702400,92716,40
1475294400,95956,41
1477972800,99343,42
1480568400,102445,43
1483246800,105704,44
1485925200,108800,45
1488344400,112359,46
1491019200,116228,47
1493611200,119968,48
1496289600,123792,49
1498881600,128010,50
1501560000,132167,51
1504238400,136169,52
1506830400,139792,53
1509508800,144263,54
1512104400,148404,55
1514782800,152594,56
1517461200,157420,57
1519880400,161526,58
1522555200,166182,59
1525147200,170686,60
1527825600,175285,61
1530417600,180077,62
1533096000,185153,63
1535774400,189926,64
1538366400,194631,65
1541044800,199273,66
1543640400,195265,0
1546318800,199341,0
1548997200,204284,0
1551416400,209118,0
1554091200,214725,0
1556683200,219991,1
1559361600,225222,2
1561953600,239866,3
1564632000,245107,4
1567310400,250186,5
1569902400,255332,6
1572580800,260360,0
1575176400,265405,1
1577854800,270416,2
1580533200,275566,3
1583038800,280235,4
1585713600,285812,5
1588305600,291397,6
1590984000,297200,7
1593576000,302518,8
1596254400,308009,9
1598932800,313342,10
1601524800,318809,11
1604203200,324706,12
1606798800,331333,13
