1391230800,46060,
1393650000,46765,
1396324800,47763,
1398916800,48793,
1401595200,49997,
1404187200,51248,
1406865600,52462,1
1409544000,53953,2
1412136000,55374,3
1414814400,56907,4
1417410000,58443,5
1420088400,59869,6
1422766800,61631,7
1425186000,63283,8
1427860800,65058,9
1430452800,66853,10
1433131200,68935,11
1435723200,70934,12
1438401600,73366,13
1441080000,75846,14
1443672000,78460,15
1446350400,81042,16
1448946000,83795,17
1451624400,86806,18
1454302800,89722,19
1456808400,92671,20
1459483200,96217,21
1462075200,99466,22
1464753600,102696,23
1467345600,105540,24
1470024000,108730,25
1472702400,112032,26
1475294400,115249,27
1477972800,118613,28
1480568400,121691,29
1483246800,124923,30
1485925200,128005,31
1488344400,131537,32
1491019200,135384,33
1493611200,139102,34
1496289600,142909,35
1498881600,147110,36
1501560000,151233,37
1504238400,155201,38
1506830400,158814,39
1509508800,163242,40
1512104400,167356,41
1514782800,171525,42
1517461200,176342,43
1519880400,180432,44
1522555200,185091,45
1525147200,189571,46
1527825600,194159,47
1530417600,198944,48
1533096000,204005,49
1535774400,208762,50
1538366400,213456,51
1541044800,218089,52
1543640400,223318,53
1546318800,227478,54
1548997200,232455,55
1551416400,237408,56
1554091200,243109,57
1556683200,248358,58
1559361600,253694,59
1561953600,258623,60
1564632000,263852,61
1567310400,268926,62
1569902400,274076,63
1572580800,279098,64
1575176400,284136,65
1577854800,289137,66
1580533200,294282,67
1583038800,298944,68
1585713600,304515,69
1588305600,310093,70
1590984000,315891,71
1593576000,321205,72
1596254400,326690,73
1598932800,332019,74
1601524800,337483,75
1604203200,343371,76
1606798800,349989,77
