1467345600,253900,
1470024000,78562,
1472702400,81958,
1475294400,85125,
1477972800,88180,
1480568400,91034,
1483246800,94038,1
1485925200,96842,2
1488344400,100178,3
1491019200,103161,4
1493611200,106529,5
1496289600,110193,6
1498881600,114168,7
1501560000,109433,0
1504238400,112527,0
1506830400,115524,0
1509508800,118151,0
1512104400,121570,0
1514782800,124927,1
1517461200,128793,2
1519880400,130611,3
1522555200,134257,4
1525147200,137761,5
1527825600,141444,6
1530417600,139473,0
1533096000,140843,0
1535774400,90596,0
1538366400,92706,0
1541044800,94755,0
1543640400,107281,0
1546318800,104703,0
1548997200,107478,0
1551416400,109800,0
1554091200,112499,0
1556683200,114988,0
1559361600,117707,1
1561953600,119198,2
1564632000,121571,3
1567310400,124013,4
1569902400,125755,5
1572580800,127429,6
1575176400,129202,7
1577854800,130692,8
1580533200,133085,9
1583038800,134977,10
1585713600,137420,11
1588305600,138423,12
1590984000,134048,0
1593576000,136252,0
1596254400,135186,0
1598932800,137413,0
1601524800,137161,0
1604203200,140470,0
1606798800,144105,0
