1480568400,82294,
1483246800,84807,
1485925200,87388,
1488344400,90268,
1491019200,93420,
1493611200,96388,
1496289600,99453,1
1498881600,102567,2
1501560000,105827,3
1504238400,108892,4
1506830400,111744,5
1509508800,115047,6
1512104400,118283,7
1514782800,121520,8
1517461200,125222,9
1519880400,128470,10
1522555200,131996,11
1525147200,135504,12
1527825600,138995,13
1530417600,142799,14
1533096000,146512,15
1535774400,152415,16
1538366400,155996,17
1541044800,159687,18
1543640400,163836,19
1546318800,167223,20
1548997200,171204,21
1551416400,175086,22
1554091200,179624,23
1556683200,183907,24
1559361600,188236,25
1561953600,192240,26
1564632000,196280,27
1567310400,200347,28
1569902400,204455,29
1572580800,208384,30
1575176400,212254,31
1577854800,216239,32
1580533200,220325,33
1583038800,224084,34
1585713600,228343,35
1588305600,232967,36
1590984000,237579,37
1593576000,241471,38
1596254400,245692,39
1598932800,249832,40
1601524800,253752,41
1604203200,258588,42
1606798800,264080,43
