1383278400,35008,
1385874000,35715,
1388552400,36527,
1391230800,37486,
1393650000,38384,
1396324800,39544,
1398916800,40681,1
1401595200,41982,2
1404187200,43312,3
1406865600,44592,4
1409544000,46146,5
1412136000,47642,6
1414814400,49230,7
1417410000,50820,8
1420088400,52296,9
1422766800,54109,10
1425186000,55810,11
1427860800,57626,12
1430452800,59443,13
1433131200,61565,14
1435723200,63590,15
1438401600,66047,16
1441080000,68552,17
1443672000,71187,18
1446350400,73801,19
1448946000,76579,20
1451624400,79616,21
1454302800,82550,22
1456808400,85516,23
1459483200,89073,24
1462075200,92338,25
1464753600,95584,26
1467345600,98442,27
1470024000,101646,28
1472702400,104969,29
1475294400,108194,30
1477972800,111567,31
1480568400,114655,32
1483246800,117893,33
1485925200,120982,34
1488344400,124521,35
1491019200,128377,36
1493611200,132100,37
1496289600,135907,38
1498881600,140117,39
1501560000,144253,40
1504238400,148235,41
1506830400,151850,42
1509508800,156289,43
1512104400,160413,44
1514782800,164587,45
1517461200,169415,46
1519880400,173507,47
1522555200,178156,48
1525147200,182647,49
1527825600,187238,50
1530417600,192023,51
1533096000,197087,52
1535774400,201850,53
1538366400,206550,54
1541044800,211188,55
1543640400,216424,56
1546318800,220585,57
1548997200,225567,58
1551416400,230524,59
1554091200,236229,60
1556683200,241476,61
1559361600,246811,62
1561953600,251742,63
1564632000,256974,64
1567310400,262050,65
1569902400,267201,66
1572580800,272225,67
1575176400,277266,68
1577854800,282271,69
1580533200,287415,70
1583038800,292081,71
1585713600,297652,72
1588305600,303233,73
1590984000,309033,74
1593576000,314347,75
1596254400,319836,76
1598932800,325169,77
1601524800,330635,78
1604203200,336527,79
1606798800,343150,80
