1506830400,445606,
1509508800,448691,
1512104400,451883,
1514782800,455214,
1517461200,459126,
1519880400,462635,
1522555200,466640,1
1525147200,470506,2
1527825600,474547,3
1530417600,478838,4
1533096000,483282,5
1535774400,487537,6
1538366400,491882,7
1541044800,496099,8
1543640400,500876,9
1546318800,504674,10
1548997200,509329,11
1551416400,513956,12
1554091200,519376,13
1556683200,524376,14
1559361600,529437,15
1561953600,534211,16
1564632000,539226,17
1567310400,544061,18
1569902400,549015,19
1572580800,553879,20
1575176400,558737,21
1577854800,563568,22
1580533200,568540,23
1583038800,573087,24
1585713600,578512,25
1588305600,583945,26
1590984000,589611,27
1593576000,594768,28
1596254400,600110,29
1598932800,605306,30
1601524800,610630,31
1604203200,616396,32
1606798800,622909,33
