1517461200,508861,
1519880400,511987,
1522555200,515659,
1525147200,519278,
1527825600,523095,
1530417600,527214,
1533096000,531471,1
1535774400,535583,2
1538366400,539757,3
1541044800,543841,4
1543640400,548553,5
1546318800,552247,6
1548997200,556794,7
1551416400,561323,8
1554091200,566658,9
1556683200,571580,10
1559361600,576551,11
1561953600,581252,12
1564632000,586156,13
1567310400,590927,14
1569902400,595832,15
1572580800,600636,16
1575176400,605455,17
1577854800,610244,18
1580533200,615176,19
1583038800,619676,20
1585713600,625068,21
1588305600,630457,22
1590984000,636089,23
1593576000,641209,24
1596254400,646503,25
1598932800,651666,26
1601524800,656951,27
1604203200,662695,28
1606798800,669176,29
