1375329600,29186,
1378008000,29664,
1380600000,30372,
1383278400,31022,
1385874000,31828,
1388552400,32712,
1391230800,33754,1
1393650000,34693,2
1396324800,35897,3
1398916800,37065,4
1401595200,38409,5
1404187200,39758,6
1406865600,41068,7
1409544000,42659,8
1412136000,44173,9
1414814400,45781,10
1417410000,47390,11
1420088400,48884,12
1422766800,50701,13
1425186000,52413,14
1427860800,54246,15
1430452800,56080,16
1433131200,58217,17
1435723200,60252,18
1438401600,62730,19
1441080000,65241,20
1443672000,67893,21
1446350400,70514,22
1448946000,73305,23
1451624400,76351,24
1454302800,79295,25
1456808400,82270,26
1459483200,85818,27
1462075200,89097,28
1464753600,92351,29
1467345600,95215,30
1470024000,98427,31
1472702400,101755,32
1475294400,104985,33
1477972800,108363,34
1480568400,111460,35
1483246800,114704,36
1485925200,117795,37
1488344400,121336,38
1491019200,125199,39
1493611200,128925,40
1496289600,132738,41
1498881600,136948,42
1501560000,141094,43
1504238400,145084,44
1506830400,148697,45
1509508800,153141,46
1512104400,157269,47
1514782800,161444,48
1517461200,166274,49
1519880400,170368,50
1522555200,175019,51
1525147200,179511,52
1527825600,184103,53
1530417600,188891,54
1533096000,193960,55
1535774400,198724,56
1538366400,203425,57
1541044800,208065,58
1543640400,213303,59
1546318800,217464,60
1548997200,222446,61
1551416400,227407,62
1554091200,233113,63
1556683200,238363,64
1559361600,243696,65
1561953600,248628,66
1564632000,253862,67
1567310400,258941,68
1569902400,264090,69
1572580800,269117,70
1575176400,274158,71
1577854800,279167,72
1580533200,284313,73
1583038800,288979,74
1585713600,294550,75
1588305600,300131,76
1590984000,305930,77
1593576000,311246,78
1596254400,316735,79
1598932800,322068,80
1601524800,327533,81
1604203200,333427,82
1606798800,340051,83
