1359694800,16013,
1362114000,16395,
1364788800,17021,
1367380800,17626,
1370059200,18194,
1372651200,18911,
1375329600,19634,1
1378008000,20279,2
1380600000,21134,3
1383278400,21902,4
1385874000,22820,5
1388552400,23803,6
1391230800,24938,7
1393650000,25962,8
1396324800,27282,9
1398916800,28519,10
1401595200,29929,11
1404187200,31326,12
1406865600,32683,13
1409544000,34339,14
1412136000,35880,15
1414814400,37524,16
1417410000,39175,17
1420088400,40702,18
1422766800,42559,19
1425186000,44311,20
1427860800,46173,21
1430452800,48018,22
1433131200,50175,23
1435723200,52241,24
1438401600,54750,25
1441080000,57283,26
1443672000,59958,27
1446350400,62611,28
1448946000,65419,29
1451624400,68482,30
1454302800,71451,31
1456808400,74445,32
1459483200,77989,33
1462075200,81280,34
1464753600,84550,35
1467345600,87429,36
1470024000,90654,37
1472702400,93989,38
1475294400,97229,39
1477972800,100616,40
1480568400,103715,41
1483246800,106973,42
1485925200,110070,43
1488344400,113625,44
1491019200,117493,45
1493611200,121232,46
1496289600,125053,47
1498881600,129270,48
1501560000,133427,49
1504238400,137427,50
1506830400,141048,51
1509508800,145513,52
1512104400,149652,53
1514782800,153840,54
1517461200,158668,55
1519880400,162774,56
1522555200,167428,57
1525147200,171928,58
1527825600,176526,59
1530417600,181318,60
1533096000,186394,61
1535774400,191163,62
1538366400,195869,63
1541044800,200511,64
1543640400,205747,65
1546318800,209908,66
1548997200,214894,67
1551416400,219857,68
1554091200,225571,69
1556683200,230823,70
1559361600,236159,71
1561953600,241094,72
1564632000,246333,73
1567310400,251411,74
1569902400,256556,75
1572580800,261584,76
1575176400,266628,77
1577854800,271638,78
1580533200,276787,79
1583038800,281455,80
1585713600,287031,81
1588305600,292616,82
1590984000,298417,83
1593576000,303734,84
1596254400,309225,85
1598932800,314556,86
1601524800,320023,87
1604203200,325920,88
1606798800,332544,89
