1533096000,607887,
1535774400,611447,
1538366400,615225,
1541044800,619081,
1543640400,623503,
1546318800,626991,
1548997200,631313,1
1551416400,635608,2
1554091200,640760,3
1556683200,645496,4
1559361600,650326,5
1561953600,654908,6
1564632000,659672,7
1567310400,664309,8
1569902400,669080,9
1572580800,673763,10
1575176400,678457,11
1577854800,683156,12
1580533200,688001,13
1583038800,692433,14
1585713600,697746,15
1588305600,703054,16
1590984000,708622,17
1593576000,713679,18
1596254400,718926,19
1598932800,724036,20
1601524800,729272,21
1604203200,734965,22
1606798800,741384,23
