1454302800,195597,
1456808400,197629,
1459483200,200464,
1462075200,203086,
1464753600,205755,
1467345600,208147,
1470024000,210925,1
1472702400,213785,2
1475294400,216625,3
1477972800,219660,4
1480568400,222441,5
1483246800,225410,6
1485925200,228235,7
1488344400,231504,8
1491019200,235076,9
1493611200,238558,10
1496289600,242140,11
1498881600,246133,12
1501560000,250074,13
1504238400,253847,14
1506830400,257305,15
1509508800,261465,16
1512104400,265441,17
1514782800,269457,18
1517461200,274138,19
1519880400,278113,20
1522555200,282671,21
1525147200,287048,22
1527825600,291537,23
1530417600,296200,24
1533096000,301156,25
1535774400,305806,26
1538366400,310441,27
1541044800,314975,28
1543640400,320126,29
1546318800,324201,30
1548997200,329120,31
1551416400,334027,32
1554091200,339662,33
1556683200,344866,34
1559361600,350158,35
1561953600,355051,36
1564632000,360234,37
1567310400,365243,38
1569902400,370348,39
1572580800,375330,40
1575176400,380319,41
1577854800,385283,42
1580533200,390379,43
1583038800,395027,44
1585713600,400576,45
1588305600,406122,46
1590984000,411890,47
1593576000,417176,48
1596254400,422629,49
1598932800,427921,50
1601524800,433348,51
1604203200,439204,52
1606798800,445797,53
