1383278400,35012,
1385874000,35719,
1388552400,36531,
1391230800,37490,
1393650000,38388,
1396324800,39548,
1398916800,40685,1
1401595200,41986,2
1404187200,43316,3
1406865600,44596,4
1409544000,46150,5
1412136000,47646,6
1414814400,49234,7
1417410000,50824,8
1420088400,52300,9
1422766800,54113,10
1425186000,55814,11
1427860800,57630,12
1430452800,59447,13
1433131200,61569,14
1435723200,63594,15
1438401600,66051,16
1441080000,68556,17
1443672000,71191,18
1446350400,73805,19
1448946000,76583,20
1451624400,79620,21
1454302800,82554,22
1456808400,85520,23
1459483200,89077,24
1462075200,92342,25
1464753600,95587,26
1467345600,98446,27
1470024000,101650,28
1472702400,104973,29
1475294400,108198,30
1477972800,111571,31
1480568400,114659,32
1483246800,117897,33
1485925200,120986,34
1488344400,124525,35
1491019200,128381,36
1493611200,132104,37
1496289600,135911,38
1498881600,140121,39
1501560000,144257,40
1504238400,148239,41
1506830400,151854,42
1509508800,156293,43
1512104400,160417,44
1514782800,164591,45
1517461200,169418,46
1519880400,173510,47
1522555200,178159,48
1525147200,182650,49
1527825600,187241,50
1530417600,192026,51
1533096000,197090,52
1535774400,201853,53
1538366400,206553,54
1541044800,211191,55
1543640400,216427,56
1546318800,220588,57
1548997200,225570,58
1551416400,230527,59
1554091200,236232,60
1556683200,241479,61
1559361600,246814,62
1561953600,251745,63
1564632000,256977,64
1567310400,262053,65
1569902400,267204,66
1572580800,272228,67
1575176400,277269,68
1577854800,282274,69
1580533200,287418,70
1583038800,292084,71
1585713600,297655,72
1588305600,303236,73
1590984000,309036,74
1593576000,314350,75
1596254400,319839,76
1598932800,325172,77
1601524800,330638,78
1604203200,336530,79
1606798800,343153,80
