1430452800,37066,
1433131200,39592,
1435723200,38569,
1438401600,41414,
1441080000,41144,
1443672000,43222,
1446350400,46014,0
1448946000,48752,0
1451624400,50495,0
1454302800,52767,1
1456808400,55056,2
1459483200,57614,3
1462075200,61189,4
1464753600,63657,5
1467345600,65973,6
1470024000,68453,7
1472702400,70999,8
1475294400,73425,9
1477972800,75968,10
1480568400,78337,11
1483246800,80745,12
1485925200,83101,13
1488344400,85861,14
1491019200,88886,15
1493611200,91713,16
1496289600,94685,17
1498881600,97635,18
1501560000,100665,19
1504238400,103568,20
1506830400,106218,21
1509508800,109358,22
1512104400,112440,23
1514782800,115484,24
1517461200,119019,25
1519880400,122054,26
1522555200,125406,27
1525147200,128567,28
1527825600,131934,29
1530417600,135602,30
1533096000,139100,31
1535774400,94442,0
1538366400,96657,0
1541044800,98761,0
1543640400,101392,0
1546318800,103457,0
1548997200,105881,1
1551416400,108161,2
1554091200,110841,3
1556683200,113263,4
1559361600,116857,5
1561953600,119153,6
1564632000,121532,7
1567310400,123982,8
1569902400,126525,9
1572580800,128997,10
1575176400,131424,11
1577854800,133870,12
1580533200,136283,13
1583038800,138556,14
1585713600,138728,15
1588305600,141387,16
1590984000,144026,17
1593576000,146342,18
1596254400,147341,19
1598932800,149721,20
1601524800,152131,21
1604203200,155131,22
1606798800,158997,23
