1438401600,144539,
1441080000,146170,
1443672000,148204,
1446350400,150308,
1448946000,152517,
1451624400,155115,
1454302800,157647,1
1456808400,160278,2
1459483200,163533,3
1462075200,166484,4
1464753600,169417,5
1467345600,172048,6
1470024000,175003,7
1472702400,178046,8
1475294400,181042,9
1477972800,184225,10
1480568400,187128,11
1483246800,190207,12
1485925200,193147,13
1488344400,196521,14
1491019200,200211,15
1493611200,203814,16
1496289600,207493,17
1498881600,211567,18
1501560000,215591,19
1504238400,219439,20
1506830400,222961,21
1509508800,227221,22
1512104400,231249,23
1514782800,235335,24
1517461200,240062,25
1519880400,244088,26
1522555200,248683,27
1525147200,253101,28
1527825600,257628,29
1530417600,262337,30
1533096000,267338,31
1535774400,272030,32
1538366400,276680,33
1541044800,281262,34
1543640400,286451,35
1546318800,290566,36
1548997200,295513,37
1551416400,300435,38
1554091200,306097,39
1556683200,311322,40
1559361600,316626,41
1561953600,321526,42
1564632000,326730,43
1567310400,331764,44
1569902400,336887,45
1572580800,341881,46
1575176400,346886,47
1577854800,351865,48
1580533200,356977,49
1583038800,361630,50
1585713600,367199,51
1588305600,372752,52
1590984000,378538,53
1593576000,383839,54
1596254400,389306,55
1598932800,394616,56
1601524800,400057,57
1604203200,405920,58
1606798800,412525,59
