1564632000,848633,
1567310400,852319,
1569902400,856422,
1572580800,860470,
1575176400,864700,
1577854800,868905,
1580533200,873288,1
1583038800,877291,2
1585713600,882089,3
1588305600,886864,4
1590984000,891858,5
1593576000,896506,6
1596254400,901265,7
1598932800,905962,8
1601524800,910785,9
1604203200,915241,10
1606798800,919617,11
1609477200,924189,12
1612155600,929194,13
1614574800,933974,14
1617249600,941263,15
1619841600,947515,16
1622520000,953259,17
1625112000,964386,18
1627790400,969641,19
