1538366400,655304,
1541044800,658666,
1543640400,662767,
1546318800,666266,
1548997200,670431,
1551416400,674559,
1554091200,679505,1
1556683200,684132,2
1559361600,688863,3
1561953600,693319,4
1564632000,697963,5
1567310400,702532,6
1569902400,707229,7
1572580800,711828,8
1575176400,716503,9
1577854800,721148,10
1580533200,725925,11
1583038800,730299,12
1585713600,735557,13
1588305600,740804,14
1590984000,746304,15
1593576000,751322,16
1596254400,756517,17
1598932800,761596,18
1601524800,766808,19
1604203200,772477,20
1606798800,778863,21
