1533096000,610677,
1535774400,614200,
1538366400,617950,
1541044800,621786,
1543640400,626205,
1546318800,629687,
1548997200,634004,1
1551416400,638283,2
1554091200,643429,3
1556683200,648155,4
1559361600,652978,5
1561953600,657556,6
1564632000,662310,7
1567310400,666944,8
1569902400,671710,9
1572580800,676388,10
1575176400,681078,11
1577854800,685776,12
1580533200,690618,13
1583038800,695046,14
1585713600,700358,15
1588305600,705666,16
1590984000,711229,17
1593576000,716281,18
1596254400,721524,19
1598932800,726632,20
1601524800,731869,21
1604203200,737561,22
1606798800,743979,23
