1501560000,421715,
1504238400,424498,
1506830400,427234,
1509508800,430581,
1512104400,433960,
1514782800,437404,
1517461200,441424,1
1519880400,444997,2
1522555200,449112,3
1525147200,453054,4
1527825600,457158,5
1530417600,461506,6
1533096000,466012,7
1535774400,470308,8
1538366400,474696,9
1541044800,478967,10
1543640400,483794,11
1546318800,487630,12
1548997200,492334,13
1551416400,496979,14
1554091200,502427,15
1556683200,507456,16
1559361600,512549,17
1561953600,517337,18
1564632000,522372,19
1567310400,527228,20
1569902400,532207,21
1572580800,537066,22
1575176400,541939,23
1577854800,546785,24
1580533200,551774,25
1583038800,556331,26
1585713600,561777,27
1588305600,567212,28
1590984000,572887,29
1593576000,578058,30
1596254400,583415,31
1598932800,588620,32
1601524800,593963,33
1604203200,599744,34
1606798800,606264,35
