1462075200,230308,
1464753600,232631,
1467345600,234776,
1470024000,237415,
1472702400,240083,
1475294400,242776,
1477972800,245672,1
1480568400,248334,2
1483246800,251202,3
1485925200,254014,4
1488344400,257195,5
1491019200,260691,6
1493611200,264109,7
1496289600,267602,8
1498881600,271506,9
1501560000,275371,10
1504238400,279073,11
1506830400,282480,12
1509508800,286588,13
1512104400,290506,14
1514782800,294479,15
1517461200,299084,16
1519880400,303030,17
1522555200,307550,18
1525147200,311899,19
1527825600,316354,20
1530417600,320983,21
1533096000,325902,22
1535774400,330521,23
1538366400,335129,24
1541044800,339636,25
1543640400,344755,26
1546318800,348826,27
1548997200,353730,28
1551416400,358616,29
1554091200,364230,30
1556683200,369420,31
1559361600,374687,32
1561953600,379566,33
1564632000,384736,34
1567310400,389732,35
1569902400,394820,36
1572580800,399799,37
1575176400,404783,38
1577854800,409741,39
1580533200,414830,40
1583038800,419466,41
1585713600,424997,42
1588305600,430529,43
1590984000,436278,44
1593576000,441549,45
1596254400,446989,46
1598932800,452268,47
1601524800,457682,48
1604203200,463536,49
1606798800,470121,50
