1488344400,342770,
1491019200,345606,
1493611200,348510,
1496289600,351564,
1498881600,355060,
1501560000,358521,
1504238400,361941,1
1506830400,365074,2
1509508800,368874,3
1512104400,372558,4
1514782800,376281,5
1517461200,380617,6
1519880400,384386,7
1522555200,388733,8
1525147200,392859,9
1527825600,397136,10
1530417600,401649,11
1533096000,406299,12
1535774400,410748,13
1538366400,415235,14
1541044800,419607,15
1543640400,424571,16
1546318800,428513,17
1548997200,433317,18
1551416400,438073,19
1554091200,443600,20
1556683200,448714,21
1559361600,453884,22
1561953600,458724,23
1564632000,463825,24
1567310400,468742,25
1569902400,473780,26
1572580800,478698,27
1575176400,483627,28
1577854800,488536,29
1580533200,493569,30
1583038800,498163,31
1585713600,503659,32
1588305600,509142,33
1590984000,514856,34
1593576000,520082,35
1596254400,525484,36
1598932800,530716,37
1601524800,536087,38
1604203200,541905,39
1606798800,548446,40
