1412136000,79467,
1414814400,80683,
1417410000,81982,
1420088400,83247,
1422766800,84781,
1425186000,86282,
1427860800,87882,1
1430452800,89548,2
1433131200,91448,3
1435723200,93335,4
1438401600,95646,5
1441080000,98014,6
1443672000,100508,7
1446350400,102989,8
1448946000,105642,9
1451624400,108581,10
1454302800,111419,11
1456808400,114295,12
1459483200,117780,13
1462075200,120962,14
1464753600,124134,15
1467345600,126937,16
1470024000,130062,17
1472702400,133299,18
1475294400,136445,19
1477972800,139753,20
1480568400,142778,21
1483246800,145974,22
1485925200,149025,23
1488344400,152523,24
1491019200,156325,25
1493611200,160018,26
1496289600,163793,27
1498881600,167963,28
1501560000,172066,29
1504238400,176010,30
1506830400,179603,31
1509508800,183970,32
1512104400,188071,33
1514782800,192218,34
1517461200,197013,35
1519880400,201089,36
1522555200,205730,37
1525147200,210186,38
1527825600,214759,39
1530417600,219527,40
1533096000,224574,41
1535774400,229315,42
1538366400,234004,43
1541044800,238626,44
1543640400,243860,45
1546318800,248011,46
1548997200,252981,47
1551416400,257930,48
1554091200,263625,49
1556683200,268866,50
1559361600,274191,51
1561953600,279112,52
1564632000,284334,53
1567310400,289400,54
1569902400,294544,55
1572580800,299557,56
1575176400,304585,57
1577854800,309577,58
1580533200,314713,59
1583038800,319374,60
1585713600,324951,61
1588305600,330520,62
1590984000,336314,63
1593576000,341620,64
1596254400,347100,65
1598932800,352430,66
1601524800,357888,67
1604203200,363771,68
1606798800,370388,69
