1488344400,348119,
1491019200,350801,
1493611200,353641,
1496289600,356655,
1498881600,360119,
1501560000,363539,
1504238400,366944,1
1506830400,370058,2
1509508800,373841,3
1512104400,377511,4
1514782800,381209,5
1517461200,385533,6
1519880400,389289,7
1522555200,393621,8
1525147200,397745,9
1527825600,402008,10
1530417600,406503,11
1533096000,411143,12
1535774400,415579,13
1538366400,420060,14
1541044800,424421,15
1543640400,429375,16
1546318800,433311,17
1548997200,438114,18
1551416400,442861,19
1554091200,448384,20
1556683200,453491,21
1559361600,458656,22
1561953600,463490,23
1564632000,468586,24
1567310400,473497,25
1569902400,478533,26
1572580800,483443,27
1575176400,488364,28
1577854800,493268,29
1580533200,498298,30
1583038800,502890,31
1585713600,508381,32
1588305600,513859,33
1590984000,519566,34
1593576000,524790,35
1596254400,530190,36
1598932800,535420,37
1601524800,540789,38
1604203200,546606,39
1606798800,553146,40
