1548997200,731647,
1551416400,735010,
1554091200,739479,
1556683200,743571,
1559361600,747933,
1561953600,752108,
1564632000,756485,1
1567310400,760852,2
1569902400,765346,3
1572580800,769743,4
1575176400,774221,5
1577854800,778735,6
1580533200,783313,7
1583038800,787493,8
1585713600,792517,9
1588305600,797504,10
1590984000,802661,11
1593576000,807454,12
1596254400,812350,13
1598932800,817147,14
1601524800,822115,15
1604203200,826681,16
1606798800,831156,17
1609477200,835793,18
1612155600,840878,19
1614574800,845738,20
1617249600,853102,21
1619841600,859412,22
1622520000,865216,23
1625112000,876506,24
1627790400,881812,25
