1543640400,690252,
1546318800,693441,
1548997200,697397,
1551416400,701359,
1554091200,706147,
1556683200,710668,
1559361600,715273,1
1561953600,719647,2
1564632000,724207,3
1567310400,728679,4
1569902400,733331,5
1572580800,737876,6
1575176400,742500,7
1577854800,747107,8
1580533200,751855,9
1583038800,756189,10
1585713600,761419,11
1588305600,766634,12
1590984000,772098,13
1593576000,777067,14
1596254400,782248,15
1598932800,787301,16
1601524800,792482,17
1604203200,798123,18
1606798800,804497,19
