1501560000,422856,
1504238400,425569,
1506830400,428295,
1509508800,431633,
1512104400,435001,
1514782800,438445,
1517461200,442461,1
1519880400,446035,2
1522555200,450143,3
1525147200,454076,4
1527825600,458175,5
1530417600,462518,6
1533096000,467022,7
1535774400,471315,8
1538366400,475699,9
1541044800,479967,10
1543640400,484792,11
1546318800,488624,12
1548997200,493329,13
1551416400,497973,14
1554091200,503422,15
1556683200,508449,16
1559361600,513543,17
1561953600,518328,18
1564632000,523361,19
1567310400,528217,20
1569902400,533196,21
1572580800,538052,22
1575176400,542924,23
1577854800,547767,24
1580533200,552756,25
1583038800,557313,26
1585713600,562757,27
1588305600,568189,28
1590984000,573864,29
1593576000,579034,30
1596254400,584390,31
1598932800,589594,32
1601524800,594935,33
1604203200,600716,34
1606798800,607236,35
