1548997200,722092,
1551416400,725734,
1554091200,730309,
1556683200,734465,
1559361600,738865,
1561953600,743074,
1564632000,747489,1
1567310400,751897,2
1569902400,756423,3
1572580800,760850,4
1575176400,765366,5
1577854800,769894,6
1580533200,774487,7
1583038800,778676,8
1585713600,783725,9
1588305600,788730,10
1590984000,793900,11
1593576000,798700,12
1596254400,803611,13
1598932800,808409,14
1601524800,813386,15
1604203200,817964,16
1606798800,822453,17
1609477200,827097,18
1612155600,832189,19
1614574800,837051,20
1617249600,844423,21
1619841600,850737,22
1622520000,856544,23
1625112000,867846,24
