1538366400,651725,
1541044800,655182,
1543640400,659335,
1546318800,662665,
1548997200,666849,
1551416400,670998,
1554091200,675968,1
1556683200,680591,2
1559361600,685331,3
1561953600,689792,4
1564632000,694449,5
1567310400,699028,6
1569902400,703732,7
1572580800,708340,8
1575176400,713017,9
1577854800,717667,10
1580533200,722457,11
1583038800,726837,12
1585713600,732105,13
1588305600,737359,14
1590984000,742872,15
1593576000,747879,16
1596254400,753077,17
1598932800,758158,18
1601524800,763373,19
1604203200,769046,20
1606798800,775433,21
