1541044800,672297,
1543640400,676175,
1546318800,679568,
1548997200,683639,
1551416400,687702,
1554091200,692580,
1556683200,697162,1
1559361600,701839,2
1561953600,706264,3
1564632000,710871,4
1567310400,715401,5
1569902400,720086,6
1572580800,724662,7
1575176400,729312,8
1577854800,733934,9
1580533200,738698,10
1583038800,743052,11
1585713600,748299,12
1588305600,753538,13
1590984000,759021,14
1593576000,764009,15
1596254400,769196,16
1598932800,774260,17
1601524800,779457,18
1604203200,785115,19
1606798800,791490,20
