1412136000,78292,
1414814400,79538,
1417410000,80862,
1420088400,82140,
1422766800,83684,
1425186000,85197,
1427860800,86816,1
1430452800,88486,2
1433131200,90399,3
1435723200,92292,4
1438401600,94612,5
1441080000,96991,6
1443672000,99495,7
1446350400,101979,8
1448946000,104640,9
1451624400,107584,10
1454302800,110431,11
1456808400,113311,12
1459483200,116801,13
1462075200,119990,14
1464753600,123164,15
1467345600,125971,16
1470024000,129103,17
1472702400,132341,18
1475294400,135490,19
1477972800,138799,20
1480568400,141829,21
1483246800,145030,22
1485925200,148082,23
1488344400,151582,24
1491019200,155386,25
1493611200,159082,26
1496289600,162858,27
1498881600,167033,28
1501560000,171131,29
1504238400,175074,30
1506830400,178666,31
1509508800,183034,32
1512104400,187133,33
1514782800,191282,34
1517461200,196080,35
1519880400,200157,36
1522555200,204800,37
1525147200,209259,38
1527825600,213833,39
1530417600,218602,40
1533096000,223650,41
1535774400,228392,42
1538366400,233081,43
1541044800,237702,44
1543640400,242936,45
1546318800,247086,46
1548997200,252055,47
1551416400,257004,48
1554091200,262700,49
1556683200,267943,50
1559361600,273268,51
1561953600,278189,52
1564632000,283411,53
1567310400,288477,54
1569902400,293621,55
1572580800,298634,56
1575176400,303663,57
1577854800,308655,58
1580533200,313791,59
1583038800,318453,60
1585713600,324028,61
1588305600,329597,62
1590984000,335395,63
1593576000,340703,64
1596254400,346183,65
1598932800,351513,66
1601524800,356972,67
1604203200,362856,68
1606798800,369473,69
