1443672000,155744,
1446350400,157702,
1448946000,159815,
1451624400,162327,
1454302800,164778,
1456808400,167343,
1459483200,170546,1
1462075200,173467,2
1464753600,176364,3
1467345600,178955,4
1470024000,181872,5
1472702400,184868,6
1475294400,187842,7
1477972800,190998,8
1480568400,193882,9
1483246800,196941,10
1485925200,199858,11
1488344400,203217,12
1491019200,206878,13
1493611200,210452,14
1496289600,214114,15
1498881600,218175,16
1501560000,222185,17
1504238400,226016,18
1506830400,229524,19
1509508800,233767,20
1512104400,237789,21
1514782800,241863,22
1517461200,246582,23
1519880400,250603,24
1522555200,255187,25
1525147200,259602,26
1527825600,264123,27
1530417600,268824,28
1533096000,273814,29
1535774400,278497,30
1538366400,283142,31
1541044800,287715,32
1543640400,292895,33
1546318800,297006,34
1548997200,301950,35
1551416400,306872,36
1554091200,312525,37
1556683200,317747,38
1559361600,323049,39
1561953600,327948,40
1564632000,333150,41
1567310400,338177,42
1569902400,343301,43
1572580800,348291,44
1575176400,353294,45
1577854800,358271,46
1580533200,363382,47
1583038800,368035,48
1585713600,373602,49
1588305600,379156,50
1590984000,384941,51
1593576000,390240,52
1596254400,395704,53
1598932800,401012,54
1601524800,406449,55
1604203200,412312,56
1606798800,418916,57
