1441080000,152674,
1443672000,154459,
1446350400,156445,
1448946000,158581,
1451624400,161102,
1454302800,163570,
1456808400,166143,1
1459483200,169353,2
1462075200,172281,3
1464753600,175186,4
1467345600,177785,5
1470024000,180708,6
1472702400,183715,7
1475294400,186693,8
1477972800,189852,9
1480568400,192738,10
1483246800,195800,11
1485925200,198717,12
1488344400,202082,13
1491019200,205748,14
1493611200,209326,15
1496289600,212992,16
1498881600,217055,17
1501560000,221067,18
1504238400,224899,19
1506830400,228409,20
1509508800,232653,21
1512104400,236676,22
1514782800,240752,23
1517461200,245475,24
1519880400,249497,25
1522555200,254080,26
1525147200,258498,27
1527825600,263019,28
1530417600,267722,29
1533096000,272715,30
1535774400,277402,31
1538366400,282048,32
1541044800,286623,33
1543640400,291806,34
1546318800,295918,35
1548997200,300863,36
1551416400,305784,37
1554091200,311440,38
1556683200,316661,39
1559361600,321963,40
1561953600,326861,41
1564632000,332065,42
1567310400,337094,43
1569902400,342219,44
1572580800,347209,45
1575176400,352214,46
1577854800,357192,47
1580533200,362302,48
1583038800,366955,49
1585713600,372522,50
1588305600,378076,51
1590984000,383861,52
1593576000,389160,53
1596254400,394624,54
1598932800,399932,55
1601524800,405370,56
1604203200,411233,57
1606798800,417837,58
