1554091200,764606,
1556683200,768345,
1559361600,772518,
1561953600,776560,
1564632000,780792,
1567310400,785072,
1569902400,789517,1
1572580800,793851,2
1575176400,798275,3
1577854800,802723,4
1580533200,807274,5
1583038800,811403,6
1585713600,816377,7
1588305600,821306,8
1590984000,826430,9
1593576000,831185,10
1596254400,836044,11
1598932800,840822,12
1601524800,845744,13
1604203200,850273,14
1606798800,854721,15
1609477200,859339,16
1612155600,864412,17
1614574800,869253,18
1617249600,876599,19
1619841600,882900,20
1622520000,888683,21
1625112000,899939,22
