1541044800,673967,
1543640400,677788,
1546318800,681166,
1548997200,685214,
1551416400,689266,
1554091200,694138,
1556683200,698707,1
1559361600,703378,2
1561953600,707804,3
1564632000,712402,4
1567310400,716919,5
1569902400,721602,6
1572580800,726174,7
1575176400,730821,8
1577854800,735441,9
1580533200,740200,10
1583038800,744552,11
1585713600,749797,12
1588305600,755035,13
1590984000,760516,14
1593576000,765502,15
1596254400,770689,16
1598932800,775752,17
1601524800,780947,18
1604203200,786605,19
1606798800,792979,20
