1459483200,215806,
1462075200,218163,
1464753600,220671,
1467345600,222932,
1470024000,225635,
1472702400,228400,
1475294400,231161,1
1477972800,234113,2
1480568400,236821,3
1483246800,239740,4
1485925200,242588,5
1488344400,245814,6
1491019200,249344,7
1493611200,252783,8
1496289600,256318,9
1498881600,260264,10
1501560000,264154,11
1504238400,267868,12
1506830400,271299,13
1509508800,275423,14
1512104400,279367,15
1514782800,283361,16
1517461200,287981,17
1519880400,291934,18
1522555200,296469,19
1525147200,300825,20
1527825600,305296,21
1530417600,309936,22
1533096000,314871,23
1535774400,319500,24
1538366400,324116,25
1541044800,328634,26
1543640400,333764,27
1546318800,337836,28
1548997200,342748,29
1551416400,347643,30
1554091200,353265,31
1556683200,358466,32
1559361600,363742,33
1561953600,368625,34
1564632000,373800,35
1567310400,378803,36
1569902400,383896,37
1572580800,388877,38
1575176400,393867,39
1577854800,398831,40
1580533200,403921,41
1583038800,408561,42
1585713600,414097,43
1588305600,419637,44
1590984000,425397,45
1593576000,430674,46
1596254400,436121,47
1598932800,441409,48
1601524800,446831,49
1604203200,452685,50
1606798800,459272,51
