1443672000,155631,
1446350400,157590,
1448946000,159707,
1451624400,162219,
1454302800,164670,
1456808400,167236,
1459483200,170440,1
1462075200,173360,2
1464753600,176257,3
1467345600,178849,4
1470024000,181766,5
1472702400,184763,6
1475294400,187737,7
1477972800,190893,8
1480568400,193777,9
1483246800,196836,10
1485925200,199752,11
1488344400,203111,12
1491019200,206772,13
1493611200,210347,14
1496289600,214009,15
1498881600,218071,16
1501560000,222081,17
1504238400,225912,18
1506830400,229420,19
1509508800,233663,20
1512104400,237685,21
1514782800,241759,22
1517461200,246479,23
1519880400,250501,24
1522555200,255085,25
1525147200,259500,26
1527825600,264021,27
1530417600,268722,28
1533096000,273712,29
1535774400,278395,30
1538366400,283040,31
1541044800,287613,32
1543640400,292793,33
1546318800,296904,34
1548997200,301849,35
1551416400,306771,36
1554091200,312424,37
1556683200,317646,38
1559361600,322948,39
1561953600,327847,40
1564632000,333049,41
1567310400,338077,42
1569902400,343201,43
1572580800,348191,44
1575176400,353194,45
1577854800,358171,46
1580533200,363282,47
1583038800,367935,48
1585713600,373502,49
1588305600,379056,50
1590984000,384841,51
1593576000,390140,52
1596254400,395604,53
1598932800,400912,54
1601524800,406349,55
1604203200,412212,56
1606798800,418816,57
