1530417600,601255,
1533096000,604734,
1535774400,608328,
1538366400,612124,
1541044800,616000,
1543640400,620431,
1546318800,623931,1
1548997200,628261,2
1551416400,632569,3
1554091200,637735,4
1556683200,642480,5
1559361600,647318,6
1561953600,651908,7
1564632000,656677,8
1567310400,661317,9
1569902400,666092,10
1572580800,670778,11
1575176400,675478,12
1577854800,680180,13
1580533200,685027,14
1583038800,689465,15
1585713600,694779,16
1588305600,700084,17
1590984000,705653,18
1593576000,710714,19
1596254400,715967,20
1598932800,721077,21
1601524800,726316,22
1604203200,732008,23
1606798800,738430,24
