1433131200,128760,
1435723200,130127,
1438401600,132050,
1441080000,134075,
1443672000,136249,
1446350400,138487,
1448946000,140834,1
1451624400,143544,2
1454302800,146167,3
1456808400,148877,4
1459483200,152216,5
1462075200,155210,6
1464753600,158227,7
1467345600,160905,8
1470024000,163913,9
1472702400,167009,10
1475294400,170053,11
1477972800,173271,12
1480568400,176197,13
1483246800,179309,14
1485925200,182269,15
1488344400,185671,16
1491019200,189407,17
1493611200,193028,18
1496289600,196730,19
1498881600,200834,20
1501560000,204875,21
1504238400,208751,22
1506830400,212297,23
1509508800,216589,24
1512104400,220640,25
1514782800,224753,26
1517461200,229512,27
1519880400,233549,28
1522555200,238156,29
1525147200,242581,30
1527825600,247121,31
1530417600,251846,32
1533096000,256858,33
1535774400,261558,34
1538366400,266224,35
1541044800,270818,36
1543640400,276026,37
1546318800,280145,38
1548997200,285097,39
1551416400,290030,40
1554091200,295701,41
1556683200,300928,42
1559361600,306236,43
1561953600,311141,44
1564632000,316348,45
1567310400,321389,46
1569902400,326517,47
1572580800,331513,48
1575176400,336522,49
1577854800,341504,50
1580533200,346622,51
1583038800,351279,52
1585713600,356848,53
1588305600,362403,54
1590984000,368193,55
1593576000,373495,56
1596254400,378966,57
1598932800,384281,58
1601524800,389730,59
1604203200,395598,60
1606798800,402208,61
