1446350400,167538,
1448946000,169438,
1451624400,171801,
1454302800,174134,
1456808400,176611,
1459483200,179738,
1462075200,182598,1
1464753600,185446,2
1467345600,187979,3
1470024000,190864,4
1472702400,193816,5
1475294400,196745,6
1477972800,199858,7
1480568400,202717,8
1483246800,205748,9
1485925200,208651,10
1488344400,211988,11
1491019200,215626,12
1493611200,219183,13
1496289600,222825,14
1498881600,226868,15
1501560000,230859,16
1504238400,234671,17
1506830400,238173,18
1509508800,242384,19
1512104400,246395,20
1514782800,250451,21
1517461200,255151,22
1519880400,259153,23
1522555200,263728,24
1525147200,268136,25
1527825600,272647,26
1530417600,277333,27
1533096000,282313,28
1535774400,286987,29
1538366400,291630,30
1541044800,296194,31
1543640400,301367,32
1546318800,305473,33
1548997200,310406,34
1551416400,315330,35
1554091200,320976,36
1556683200,326193,37
1559361600,331491,38
1561953600,336386,39
1564632000,341581,40
1567310400,346603,41
1569902400,351720,42
1572580800,356709,43
1575176400,361708,44
1577854800,366681,45
1580533200,371791,46
1583038800,376443,47
1585713600,382005,48
1588305600,387558,49
1590984000,393338,50
1593576000,398632,51
1596254400,404093,52
1598932800,409397,53
1601524800,414829,54
1604203200,420689,55
1606798800,427287,56
