1443672000,161046,
1446350400,162831,
1448946000,164870,
1451624400,167310,
1454302800,169719,
1456808400,172245,
1459483200,175408,1
1462075200,178313,2
1464753600,181191,3
1467345600,183760,4
1470024000,186656,5
1472702400,189625,6
1475294400,192580,7
1477972800,195706,8
1480568400,198580,9
1483246800,201623,10
1485925200,204534,11
1488344400,207882,12
1491019200,211531,13
1493611200,215094,14
1496289600,218744,15
1498881600,222797,16
1501560000,226799,17
1504238400,230619,18
1506830400,234122,19
1509508800,238345,20
1512104400,242362,21
1514782800,246426,22
1517461200,251134,23
1519880400,255142,24
1522555200,259723,25
1525147200,264134,26
1527825600,268652,27
1530417600,273343,28
1533096000,278322,29
1535774400,283003,30
1538366400,287647,31
1541044800,292217,32
1543640400,297396,33
1546318800,301505,34
1548997200,306446,35
1551416400,311367,36
1554091200,317018,37
1556683200,322236,38
1559361600,327536,39
1561953600,332433,40
1564632000,337634,41
1567310400,342659,42
1569902400,347778,43
1572580800,352767,44
1575176400,357768,45
1577854800,362743,46
1580533200,367854,47
1583038800,372506,48
1585713600,378070,49
1588305600,383624,50
1590984000,389406,51
1593576000,394704,52
1596254400,400168,53
1598932800,405474,54
1601524800,410911,55
1604203200,416772,56
1606798800,423371,57
