1538366400,653505,
1541044800,656921,
1543640400,661054,
1546318800,664370,
1548997200,668546,
1551416400,672689,
1554091200,677645,1
1556683200,682265,2
1559361600,687002,3
1561953600,691461,4
1564632000,696109,5
1567310400,700686,6
1569902400,705385,7
1572580800,709991,8
1575176400,714668,9
1577854800,719315,10
1580533200,724097,11
1583038800,728474,12
1585713600,733736,13
1588305600,738986,14
1590984000,744494,15
1593576000,749500,16
1596254400,754697,17
1598932800,759778,18
1601524800,764990,19
1604203200,770661,20
1606798800,777047,21
