1554091200,769125,
1556683200,772762,
1559361600,776899,
1561953600,780903,
1564632000,785122,
1567310400,789379,
1569902400,793815,1
1572580800,798128,2
1575176400,802539,3
1577854800,806976,4
1580533200,811510,5
1583038800,815638,6
1585713600,820604,7
1588305600,825519,8
1590984000,830635,9
1593576000,835389,10
1596254400,840235,11
1598932800,845002,12
1601524800,849912,13
1604203200,854434,14
1606798800,858877,15
1609477200,863494,16
1612155600,868565,17
1614574800,873403,18
1617249600,880744,19
1619841600,887041,20
1622520000,892821,21
1625112000,904070,22
1627790400,909365,23
