1454302800,198603,
1456808400,200458,
1459483200,203239,
1462075200,205829,
1464753600,208484,
1467345600,210856,
1470024000,213618,1
1472702400,48138,0
1475294400,49644,0
1477972800,51187,0
1480568400,53581,0
1483246800,51111,0
1485925200,52690,0
1488344400,54453,0
1491019200,56327,0
1493611200,58136,0
1496289600,59876,1
1498881600,61657,2
1501560000,57232,0
1504238400,57907,0
1506830400,59366,0
1509508800,57432,0
1512104400,58972,0
1514782800,59337,0
1517461200,53616,0
1519880400,50653,0
1522555200,46744,0
1525147200,48073,0
1527825600,49275,0
1530417600,50537,0
1533096000,51672,0
1535774400,47998,0
1538366400,45876,0
1541044800,46839,0
1543640400,48072,0
1546318800,40848,0
1548997200,40438,0
1551416400,40882,0
1554091200,41093,0
1556683200,41729,0
1559361600,32260,0
1561953600,30002,0
1564632000,30260,0
1567310400,28502,0
1569902400,27489,0
1572580800,27590,0
1575176400,26765,0
1577854800,26929,0
1580533200,27357,0
1583038800,27210,0
1585713600,27608,0
1588305600,27779,0
1590984000,27508,0
1593576000,26515,0
1596254400,26712,0
1598932800,26468,0
1601524800,26868,0
1604203200,26392,0
1606798800,25039,0
