1443672000,160245,
1446350400,162061,
1448946000,164111,
1451624400,166578,
1454302800,168993,
1456808400,171526,
1459483200,174691,1
1462075200,177602,2
1464753600,180483,3
1467345600,183056,4
1470024000,185952,5
1472702400,188927,6
1475294400,191880,7
1477972800,195013,8
1480568400,197888,9
1483246800,200933,10
1485925200,203845,11
1488344400,207196,12
1491019200,210848,13
1493611200,214412,14
1496289600,218063,15
1498881600,222118,16
1501560000,226122,17
1504238400,229943,18
1506830400,233446,19
1509508800,237672,20
1512104400,241690,21
1514782800,245756,22
1517461200,250467,23
1519880400,254478,24
1522555200,259059,25
1525147200,263468,26
1527825600,267986,27
1530417600,272677,28
1533096000,277657,29
1535774400,282339,30
1538366400,286983,31
1541044800,291553,32
1543640400,296732,33
1546318800,300841,34
1548997200,305778,35
1551416400,310699,36
1554091200,316351,37
1556683200,321568,38
1559361600,326869,39
1561953600,331767,40
1564632000,336968,41
1567310400,341993,42
1569902400,347113,43
1572580800,352103,44
1575176400,357104,45
1577854800,362080,46
1580533200,367191,47
1583038800,371843,48
1585713600,377408,49
1588305600,382962,50
1590984000,388745,51
1593576000,394043,52
1596254400,399507,53
1598932800,404813,54
1601524800,410250,55
1604203200,416111,56
1606798800,422713,57
