1472702400,274660,
1475294400,276910,
1477972800,279395,
1480568400,281775,
1483246800,284399,
1485925200,287034,
1488344400,290084,1
1491019200,293418,2
1493611200,296704,3
1496289600,300047,4
1498881600,303839,5
1501560000,307567,6
1504238400,311183,7
1506830400,314493,8
1509508800,318503,9
1512104400,322354,10
1514782800,326241,11
1517461200,330765,12
1519880400,334662,13
1522555200,339122,14
1525147200,343392,15
1527825600,347779,16
1530417600,352361,17
1533096000,357173,18
1535774400,361732,19
1538366400,366299,20
1541044800,370759,21
1543640400,375823,22
1546318800,379860,23
1548997200,384732,24
1551416400,389547,25
1554091200,395134,26
1556683200,400301,27
1559361600,405541,28
1561953600,410392,29
1564632000,415537,30
1567310400,420507,31
1569902400,425579,32
1572580800,430535,33
1575176400,435502,34
1577854800,440430,35
1580533200,445499,36
1583038800,450120,37
1585713600,455642,38
1588305600,461158,39
1590984000,466899,40
1593576000,472148,41
1596254400,477573,42
1598932800,482836,43
1601524800,488237,44
1604203200,494081,45
1606798800,500655,46
