1546318800,709967,
1548997200,713584,
1551416400,717307,
1554091200,721935,
1556683200,726149,
1559361600,730580,
1561953600,734835,1
1564632000,739279,2
1567310400,743705,3
1569902400,748249,4
1572580800,752700,5
1575176400,757231,6
1577854800,761775,7
1580533200,766392,8
1583038800,770587,9
1585713600,775651,10
1588305600,780669,11
1590984000,785858,12
1593576000,790667,13
1596254400,145109,
1598932800,149580,
1601524800,149122,
1604203200,143242,
1606798800,135884,
1609477200,139241,
1612155600,117741,
1614574800,145341,
1617249600,156100,
1619841600,152675,
1622520000,159243,
1625112000,146265,
1627790400,148552,
