1459483200,219263,
1462075200,221481,
1464753600,223925,
1467345600,72186,
1470024000,67040,
1472702400,61324,
1475294400,63153,0
1477972800,77223,0
1480568400,80310,0
1483246800,68807,0
1485925200,78099,0
1488344400,48752,0
1491019200,73753,0
1493611200,76033,0
1496289600,95784,0
1498881600,98828,0
1501560000,101895,0
1504238400,104820,0
1506830400,107560,0
1509508800,110735,1
1512104400,112600,2
1514782800,120350,3
1517461200,124060,4
1519880400,127284,5
1522555200,130747,6
1525147200,134214,7
1527825600,137702,8
1530417600,141488,9
1533096000,145145,10
1535774400,149711,11
1538366400,146429,0
1541044800,152063,0
1543640400,147779,0
1546318800,159305,0
1548997200,156874,0
1551416400,160433,0
1554091200,22687,0
1556683200,21268,0
1559361600,46828,0
1561953600,42110,0
1564632000,28823,0
1567310400,29371,0
1569902400,28259,0
1572580800,27203,0
1575176400,27691,0
1577854800,26879,0
1580533200,27356,0
1583038800,26609,0
1585713600,25856,0
1588305600,26329,0
1590984000,26882,0
1593576000,26227,0
1596254400,26664,0
1598932800,27102,0
1601524800,27522,0
1604203200,26888,0
1606798800,27204,0
