1501560000,413195,
1504238400,416181,
1506830400,418998,
1509508800,422427,
1512104400,425855,
1514782800,429356,
1517461200,433422,1
1519880400,437035,2
1522555200,441179,3
1525147200,445162,4
1527825600,449293,5
1530417600,453652,6
1533096000,458193,7
1535774400,462509,8
1538366400,466925,9
1541044800,471205,10
1543640400,476055,11
1546318800,479897,12
1548997200,484618,13
1551416400,489288,14
1554091200,494748,15
1556683200,499785,16
1559361600,504893,17
1561953600,509681,18
1564632000,514736,19
1567310400,519601,20
1569902400,524580,21
1572580800,529447,22
1575176400,534328,23
1577854800,539183,24
1580533200,544187,25
1583038800,548746,26
1585713600,554196,27
1588305600,559640,28
1590984000,565321,29
1593576000,570499,30
1596254400,575856,31
1598932800,581065,32
1601524800,586414,33
1604203200,592197,34
1606798800,598720,35
