1475294400,283290,
1477972800,285672,
1480568400,287981,
1483246800,290543,
1485925200,293147,
1488344400,296171,
1491019200,299485,1
1493611200,302750,2
1496289600,306071,3
1498881600,309855,4
1501560000,313556,5
1504238400,317155,6
1506830400,320441,7
1509508800,324439,8
1512104400,328275,9
1514782800,332149,10
1517461200,336654,11
1519880400,340546,12
1522555200,344997,13
1525147200,349255,14
1527825600,353626,15
1530417600,358195,16
1533096000,362996,17
1535774400,367547,18
1538366400,372106,19
1541044800,376555,20
1543640400,381611,21
1546318800,385642,22
1548997200,390506,23
1551416400,395317,24
1554091200,400899,25
1556683200,406067,26
1559361600,411304,27
1561953600,416156,28
1564632000,421295,29
1567310400,426261,30
1569902400,431333,31
1572580800,436278,32
1575176400,441241,33
1577854800,446168,34
1580533200,451235,35
1583038800,455854,36
1585713600,461377,37
1588305600,466889,38
1590984000,472623,39
1593576000,477871,40
1596254400,483291,41
1598932800,488552,42
1601524800,493952,43
1604203200,499793,44
1606798800,506364,45
