1543640400,683824,
1546318800,687136,
1548997200,691143,
1551416400,695155,
1554091200,699981,
1556683200,704534,
1559361600,709171,1
1561953600,713574,2
1564632000,718154,3
1567310400,722646,4
1569902400,727323,5
1572580800,731883,6
1575176400,736516,7
1577854800,741129,8
1580533200,745884,9
1583038800,750230,10
1585713600,755470,11
1588305600,760692,12
1590984000,766162,13
1593576000,771139,14
1596254400,776324,15
1598932800,781380,16
1601524800,786569,17
1604203200,792223,18
1606798800,798600,19
