1546318800,707253,
1548997200,710923,
1551416400,714663,
1554091200,719311,
1556683200,723537,
1559361600,727978,
1561953600,732243,1
1564632000,736698,2
1567310400,741131,3
1569902400,745677,4
1572580800,750131,5
1575176400,754666,6
1577854800,759217,7
1580533200,763834,8
1583038800,768030,9
1585713600,773099,10
1588305600,778122,11
1590984000,783313,12
1593576000,788128,13
1596254400,793053,14
1598932800,797860,15
1601524800,802842,16
1604203200,807434,17
1606798800,811933,18
1609477200,816580,19
1612155600,821679,20
1614574800,826544,21
1617249600,833907,22
1619841600,840228,23
1622520000,846038,24
1625112000,857358,25
1627790400,862677,26
