1548997200,725139,
1551416400,728703,
1554091200,733250,
1556683200,737390,
1559361600,741781,
1561953600,745985,
1564632000,750386,1
1567310400,754782,2
1569902400,759299,3
1572580800,763718,4
1575176400,768223,5
1577854800,772743,6
1580533200,777336,7
1583038800,781523,8
1585713600,786563,9
1588305600,791561,10
1590984000,796722,11
1593576000,801523,12
1596254400,806428,13
1598932800,811227,14
1601524800,816200,15
1604203200,820774,16
1606798800,825259,17
1609477200,829901,18
1612155600,834990,19
1614574800,839852,20
1617249600,847220,21
1619841600,853533,22
1622520000,859341,23
1625112000,870639,24
