1427860800,29111,
1430452800,32895,
1433131200,35192,
1435723200,36811,
1438401600,37540,
1441080000,35713,
1443672000,28663,0
1446350400,26139,0
1448946000,30981,0
1451624400,32431,0
1454302800,33786,0
1456808400,35157,0
1459483200,36684,0
1462075200,38372,1
1464753600,39889,2
1467345600,41240,3
1470024000,42714,4
1472702400,44230,5
1475294400,45577,6
1477972800,47195,7
1480568400,48656,8
1483246800,50133,9
1485925200,51632,10
1488344400,53253,11
1491019200,48764,0
1493611200,50331,0
1496289600,51876,0
1498881600,53469,0
1501560000,55094,0
1504238400,56657,1
1506830400,58066,2
1509508800,59762,3
1512104400,61390,4
1514782800,62792,5
1517461200,64624,6
1519880400,66221,7
1522555200,68212,8
1525147200,70063,9
1527825600,71922,10
1530417600,73740,11
1533096000,78891,12
1535774400,83070,0
1538366400,85005,1
1541044800,86907,2
1543640400,59783,0
1546318800,61543,0
1548997200,62985,0
1551416400,64357,0
1554091200,62222,0
1556683200,64589,0
1559361600,64555,0
1561953600,65859,0
1564632000,67298,0
1567310400,65153,0
1569902400,66297,0
1572580800,67874,0
1575176400,69192,0
1577854800,70517,0
1580533200,70586,1
1583038800,71749,2
1585713600,72581,3
1588305600,77497,0
1590984000,78903,0
1593576000,80228,0
1596254400,81532,0
1598932800,82863,0
1601524800,83526,1
1604203200,85253,2
1606798800,88033,3
