1530417600,590275,
1533096000,593962,
1535774400,597671,
1538366400,601526,
1541044800,605456,
1543640400,609931,
1546318800,613460,1
1548997200,617819,2
1551416400,622151,3
1554091200,627348,4
1556683200,632126,5
1559361600,636989,6
1561953600,641606,7
1564632000,646398,8
1567310400,651057,9
1569902400,655864,10
1572580800,660571,11
1575176400,665284,12
1577854800,669993,13
1580533200,674849,14
1583038800,679296,15
1585713600,684618,16
1588305600,689943,17
1590984000,695521,18
1593576000,700592,19
1596254400,705850,20
1598932800,710970,21
1601524800,716216,22
1604203200,721921,23
1606798800,728358,24
