1514782800,487828,
1517461200,491370,
1519880400,494668,
1522555200,498478,
1525147200,502206,
1527825600,506118,
1530417600,510297,1
1533096000,514636,2
1535774400,518807,3
1538366400,523038,4
1541044800,527185,5
1543640400,531899,6
1546318800,535628,7
1548997200,540230,8
1551416400,544788,9
1554091200,550170,10
1556683200,555113,11
1559361600,560112,12
1561953600,564840,13
1564632000,569779,14
1567310400,574574,15
1569902400,579494,16
1572580800,584330,17
1575176400,589167,18
1577854800,593970,19
1580533200,598921,20
1583038800,603442,21
1585713600,608843,22
1588305600,614241,23
1590984000,619879,24
1593576000,625005,25
1596254400,630314,26
1598932800,635494,27
1601524800,640802,28
1604203200,646554,29
1606798800,653042,30
