1512104400,478467,
1514782800,481442,
1517461200,485078,
1519880400,488404,
1522555200,492234,
1525147200,496007,
1527825600,499962,1
1530417600,504165,2
1533096000,508526,3
1535774400,512718,4
1538366400,516973,5
1541044800,521145,6
1543640400,525875,7
1546318800,529619,8
1548997200,534232,9
1551416400,538810,10
1554091200,544199,11
1556683200,549151,12
1559361600,554160,13
1561953600,558890,14
1564632000,563847,15
1567310400,568650,16
1569902400,573572,17
1572580800,578415,18
1575176400,583260,19
1577854800,588069,20
1580533200,593023,21
1583038800,597548,22
1585713600,602956,23
1588305600,608359,24
1590984000,614003,25
1593576000,619133,26
1596254400,624449,27
1598932800,629632,28
1601524800,634940,29
1604203200,640696,30
1606798800,647193,31
