1522555200,541362,
1525147200,544736,
1527825600,548336,
1530417600,552308,
1533096000,556415,
1535774400,560424,
1538366400,564458,1
1541044800,568454,2
1543640400,573086,3
1546318800,576713,4
1548997200,581196,5
1551416400,585660,6
1554091200,590940,7
1556683200,595814,8
1559361600,600746,9
1561953600,605403,10
1564632000,610262,11
1567310400,614993,12
1569902400,619863,13
1572580800,624638,14
1575176400,629436,15
1577854800,634197,16
1580533200,639108,17
1583038800,643579,18
1585713600,648951,19
1588305600,654327,20
1590984000,659950,21
1593576000,665042,22
1596254400,670322,23
1598932800,675464,24
1601524800,680734,25
1604203200,686466,26
1606798800,692933,27
