1525147200,562057,
1527825600,565402,
1530417600,569239,
1533096000,573204,
1535774400,577110,
1538366400,581070,
1541044800,585016,1
1543640400,589598,2
1546318800,593174,3
1548997200,597608,4
1551416400,602050,5
1554091200,607283,6
1556683200,612123,7
1559361600,617030,8
1561953600,621677,9
1564632000,626499,10
1567310400,631206,11
1569902400,636045,12
1572580800,640787,13
1575176400,645550,14
1577854800,650304,15
1580533200,655195,16
1583038800,659655,17
1585713600,665005,18
1588305600,670356,19
1590984000,675961,20
1593576000,681041,21
1596254400,686307,22
1598932800,691433,23
1601524800,696693,24
1604203200,702412,25
1606798800,708869,26
