1475294400,286898,
1477972800,289154,
1480568400,291398,
1483246800,293930,
1485925200,296508,
1488344400,299507,
1491019200,302800,1
1493611200,306045,2
1496289600,309344,3
1498881600,313109,4
1501560000,316797,5
1504238400,320390,6
1506830400,323661,7
1509508800,327644,8
1512104400,331465,9
1514782800,335334,10
1517461200,339828,11
1519880400,343709,12
1522555200,348154,13
1525147200,352401,14
1527825600,356766,15
1530417600,361337,16
1533096000,366123,17
1535774400,370666,18
1538366400,375220,19
1541044800,379663,20
1543640400,384715,21
1546318800,388744,22
1548997200,393604,23
1551416400,398411,24
1554091200,403990,25
1556683200,409152,26
1559361600,414386,27
1561953600,419238,28
1564632000,424379,29
1567310400,429340,30
1569902400,434409,31
1572580800,439353,32
1575176400,444314,33
1577854800,449238,34
1580533200,454304,35
1583038800,458922,36
1585713600,464443,37
1588305600,469954,38
1590984000,475684,39
1593576000,480926,40
1596254400,486344,41
1598932800,491601,42
1601524800,496998,43
1604203200,502837,44
1606798800,509406,45
