1501560000,420251,
1504238400,423080,
1506830400,425834,
1509508800,429195,
1512104400,432579,
1514782800,436041,
1517461200,440066,1
1519880400,443649,2
1522555200,447766,3
1525147200,451722,4
1527825600,455826,5
1530417600,460174,6
1533096000,464690,7
1535774400,468987,8
1538366400,473396,9
1541044800,477668,10
1543640400,482496,11
1546318800,486329,12
1548997200,491038,13
1551416400,495691,14
1554091200,501140,15
1556683200,506172,16
1559361600,511269,17
1561953600,516055,18
1564632000,521097,19
1567310400,525954,20
1569902400,530932,21
1572580800,535791,22
1575176400,540664,23
1577854800,545511,24
1580533200,550501,25
1583038800,555059,26
1585713600,560505,27
1588305600,565941,28
1590984000,571616,29
1593576000,576787,30
1596254400,582143,31
1598932800,587348,32
1601524800,592691,33
1604203200,598472,34
1606798800,604991,35
