1501560000,417970,
1504238400,420858,
1506830400,423624,
1509508800,427014,
1512104400,430413,
1514782800,433888,
1517461200,437926,1
1519880400,441509,2
1522555200,445641,3
1525147200,449603,4
1527825600,453716,5
1530417600,458066,6
1533096000,462587,7
1535774400,466893,8
1538366400,471301,9
1541044800,475577,10
1543640400,480413,11
1546318800,484247,12
1548997200,488958,13
1551416400,493618,14
1554091200,499071,15
1556683200,504104,16
1559361600,509206,17
1561953600,513995,18
1564632000,519039,19
1567310400,523899,20
1569902400,528876,21
1572580800,533739,22
1575176400,538612,23
1577854800,543463,24
1580533200,548458,25
1583038800,553017,26
1585713600,558464,27
1588305600,563902,28
1590984000,569579,29
1593576000,574752,30
1596254400,580108,31
1598932800,585314,32
1601524800,590659,33
1604203200,596441,34
1606798800,602961,35
