1498881600,400215,
1501560000,403146,
1504238400,406232,
1506830400,409106,
1509508800,412548,
1512104400,415990,
1514782800,419477,1
1517461200,423550,2
1519880400,427160,3
1522555200,431309,4
1525147200,435301,5
1527825600,439420,6
1530417600,443762,7
1533096000,448276,8
1535774400,452574,9
1538366400,456972,10
1541044800,461196,11
1543640400,466025,12
1546318800,469872,13
1548997200,474575,14
1551416400,479196,15
1554091200,484628,16
1556683200,489463,17
1559361600,494516,18
1561953600,499232,19
1564632000,504224,20
1567310400,509088,21
1569902400,514006,22
1572580800,518844,23
1575176400,523669,24
1577854800,528503,25
1580533200,533411,26
1583038800,537852,27
1585713600,543169,28
1588305600,548434,29
1590984000,553867,30
1593576000,558906,31
1596254400,564031,32
1598932800,568996,33
1601524800,574149,34
1604203200,578902,35
1606798800,583580,36
1609477200,588408,37
1612155600,593641,38
1614574800,598624,39
1617249600,606136,40
1619841600,612575,41
1622520000,618508,42
1625112000,630096,43
1627790400,635529,44
