1459483200,212331,
1462075200,214756,
1464753600,217314,
1467345600,219608,
1470024000,222322,
1472702400,82941,
1475294400,86062,0
1477972800,89251,0
1480568400,92209,0
1483246800,95184,0
1485925200,98141,1
1488344400,101590,2
1491019200,105314,3
1493611200,108745,4
1496289600,112476,5
1498881600,116297,6
1501560000,120155,7
1504238400,123924,8
1506830400,127358,9
1509508800,121132,0
1512104400,125371,0
1514782800,118904,0
1517461200,122527,0
1519880400,125687,0
1522555200,117931,0
1525147200,114782,0
1527825600,117729,0
1530417600,116000,0
1533096000,118176,0
1535774400,103214,0
1538366400,45390,0
1541044800,34838,0
1543640400,35440,0
1546318800,90161,0
1548997200,83465,0
1551416400,85464,0
1554091200,93392,0
1556683200,87883,0
1559361600,98287,0
1561953600,99725,0
1564632000,96335,0
1567310400,98236,0
1569902400,98471,0
1572580800,98156,0
1575176400,100023,0
1577854800,100715,0
1580533200,103841,0
1583038800,106569,0
1585713600,108506,1
1588305600,110532,2
1590984000,112708,3
1593576000,114473,4
1596254400,114392,5
1598932800,114319,0
1601524800,116192,0
1604203200,112166,0
1606798800,122515,0
