1430452800,121522,
1433131200,122964,
1435723200,124519,
1438401600,126536,
1441080000,128636,
1443672000,130864,
1446350400,133150,1
1448946000,135574,2
1451624400,138333,3
1454302800,140995,4
1456808400,143723,5
1459483200,147088,6
1462075200,150121,7
1464753600,153169,8
1467345600,155872,9
1470024000,158902,10
1472702400,162021,11
1475294400,165084,12
1477972800,168325,13
1480568400,171272,14
1483246800,174398,15
1485925200,177377,16
1488344400,180792,17
1491019200,184542,18
1493611200,188172,19
1496289600,191881,20
1498881600,195993,21
1501560000,200039,22
1504238400,203926,23
1506830400,207483,24
1509508800,211796,25
1512104400,215854,26
1514782800,219971,27
1517461200,224736,28
1519880400,228778,29
1522555200,233394,30
1525147200,237827,31
1527825600,242372,32
1530417600,247099,33
1533096000,252117,34
1535774400,256829,35
1538366400,261495,36
1541044800,266094,37
1543640400,271307,38
1546318800,275431,39
1548997200,280384,40
1551416400,285319,41
1554091200,290994,42
1556683200,296223,43
1559361600,301536,44
1561953600,306438,45
1564632000,311647,46
1567310400,316690,47
1569902400,321820,48
1572580800,326820,49
1575176400,331829,50
1577854800,336812,51
1580533200,341934,52
1583038800,346590,53
1585713600,352161,54
1588305600,357718,55
1590984000,363507,56
1593576000,368807,57
1596254400,374282,58
1598932800,379597,59
1601524800,385045,60
1604203200,390915,61
1606798800,397525,62
