1509508800,466384,
1512104400,469209,
1514782800,472362,
1517461200,476113,
1519880400,479489,
1522555200,483406,
1525147200,487221,1
1527825600,491212,2
1530417600,495442,3
1533096000,176665,0
1535774400,181549,0
1538366400,186241,0
1541044800,190829,0
1543640400,195965,0
1546318800,195461,1
1548997200,200287,2
1551416400,205064,3
1554091200,210488,0
1556683200,215678,0
1559361600,220885,1
1561953600,225728,2
1564632000,230707,3
1567310400,235628,4
1569902400,240620,5
1572580800,245393,6
1575176400,250265,7
1577854800,255156,8
1580533200,260139,9
1583038800,264628,10
1585713600,269935,11
1588305600,275379,12
1590984000,269122,0
1593576000,273835,0
1596254400,278764,0
1598932800,283499,0
1601524800,288107,0
1604203200,294237,1
1606798800,300406,2
