1459483200,219020,
1462075200,221257,
1464753600,223704,
1467345600,225932,
1470024000,228615,
1472702400,231351,
1475294400,234096,1
1477972800,237038,2
1480568400,239733,3
1483246800,242638,4
1485925200,245470,5
1488344400,248682,6
1491019200,252192,7
1493611200,255620,8
1496289600,259143,9
1498881600,263076,10
1501560000,266960,11
1504238400,270676,12
1506830400,274100,13
1509508800,278219,14
1512104400,282153,15
1514782800,286137,16
1517461200,290755,17
1519880400,294709,18
1522555200,299239,19
1525147200,303592,20
1527825600,308055,21
1530417600,312689,22
1533096000,317618,23
1535774400,322244,24
1538366400,326857,25
1541044800,331370,26
1543640400,336496,27
1546318800,340569,28
1548997200,183173,0
1551416400,187530,0
1554091200,192348,0
1556683200,197017,0
1559361600,201716,0
1561953600,205871,1
1564632000,210381,2
1567310400,214888,3
1569902400,219351,4
1572580800,223619,5
1575176400,396581,0
1577854800,401544,0
1580533200,406634,0
1583038800,411273,0
1585713600,416808,0
1588305600,422346,1
1590984000,428102,2
1593576000,433378,3
1596254400,438823,4
1598932800,444106,5
1601524800,449526,6
1604203200,455380,7
1606798800,461967,8
