1517461200,509763,
1519880400,512874,
1522555200,516540,
1525147200,520150,
1527825600,523958,
1530417600,528075,
1533096000,532334,1
1535774400,536441,2
1538366400,540600,3
1541044800,544680,4
1543640400,549386,5
1546318800,553076,6
1548997200,557619,7
1551416400,562146,8
1554091200,567479,9
1556683200,572400,10
1559361600,577370,11
1561953600,582069,12
1564632000,586971,13
1567310400,591741,14
1569902400,596646,15
1572580800,601450,16
1575176400,606269,17
1577854800,611057,18
1580533200,615988,19
1583038800,620489,20
1585713600,625881,21
1588305600,631268,22
1590984000,636901,23
1593576000,642023,24
1596254400,647316,25
1598932800,652477,26
1601524800,657762,27
1604203200,663506,28
1606798800,669987,29
