1477972800,294570,
1480568400,296717,
1483246800,299190,
1485925200,301736,
1488344400,304697,
1491019200,307955,
1493611200,311176,1
1496289600,314448,2
1498881600,318194,3
1501560000,321846,4
1504238400,325437,5
1506830400,328692,6
1509508800,332663,7
1512104400,336479,8
1514782800,340331,9
1517461200,344813,10
1519880400,348684,11
1522555200,353115,12
1525147200,357354,13
1527825600,361704,14
1530417600,366268,15
1533096000,371041,16
1535774400,375575,17
1538366400,380120,18
1541044800,384555,19
1543640400,389595,20
1546318800,393624,21
1548997200,398475,22
1551416400,403276,23
1554091200,408852,24
1556683200,414012,25
1559361600,419244,26
1561953600,424089,27
1564632000,429229,28
1567310400,434182,29
1569902400,439250,30
1572580800,444189,31
1575176400,449147,32
1577854800,454072,33
1580533200,459136,34
1583038800,463752,35
1585713600,469267,36
1588305600,474773,37
1590984000,480500,38
1593576000,485738,39
1596254400,491154,40
1598932800,496405,41
1601524800,501802,42
1604203200,507640,43
1606798800,514205,44
