1525147200,566180,
1527825600,569399,
1530417600,573186,
1533096000,577124,
1535774400,581010,
1538366400,584943,
1541044800,588945,1
1543640400,593503,2
1546318800,597067,3
1548997200,601494,4
1551416400,605922,5
1554091200,611154,6
1556683200,615977,7
1559361600,620869,8
1561953600,625509,9
1564632000,630326,10
1567310400,635021,11
1569902400,639849,12
1572580800,644584,13
1575176400,649336,14
1577854800,654081,15
1580533200,658963,16
1583038800,663421,17
1585713600,668763,18
1588305600,674110,19
1590984000,679714,20
1593576000,684790,21
1596254400,690055,22
1598932800,695183,23
1601524800,700441,24
1604203200,706158,25
1606798800,712609,26
