1548997200,720972,
1551416400,724636,
1554091200,729220,
1556683200,733381,
1559361600,737785,
1561953600,741997,
1564632000,746417,1
1567310400,750827,2
1569902400,755352,3
1572580800,759780,4
1575176400,764298,5
1577854800,768827,6
1580533200,773424,7
1583038800,777614,8
1585713600,782666,9
1588305600,787671,10
1590984000,792845,11
1593576000,797647,12
1596254400,802558,13
1598932800,807355,14
1601524800,812332,15
1604203200,816911,16
1606798800,821402,17
1609477200,826045,18
1612155600,831137,19
1614574800,835999,20
1617249600,843372,21
1619841600,849689,22
1622520000,855496,23
1625112000,866799,24
1627790400,872115,25
