1543640400,688003,
1546318800,691249,
1548997200,695228,
1551416400,699200,
1554091200,704005,
1556683200,708538,
1559361600,713150,1
1561953600,717534,2
1564632000,722107,3
1567310400,726588,4
1569902400,731254,5
1572580800,735805,6
1575176400,740434,7
1577854800,745043,8
1580533200,749792,9
1583038800,754128,10
1585713600,759362,11
1588305600,764581,12
1590984000,770047,13
1593576000,775017,14
1596254400,780203,15
1598932800,785254,16
1601524800,790434,17
1604203200,796082,18
1606798800,802457,19
