1551416400,745055,
1554091200,749310,
1556683200,753303,
1559361600,757596,
1561953600,761715,
1564632000,766044,
1567310400,84407,
1569902400,86049,
1572580800,87640,
1575176400,81984,
1577854800,74513,
1580533200,73791,
1583038800,80748,
1585713600,80159,
1588305600,81688,
1590984000,82551,
1593576000,83903,
1596254400,82636,
1598932800,75133,
1601524800,75074,
1604203200,75759,
1606798800,73452,
1609477200,74410,
1612155600,75437,
1614574800,69952,
1617249600,70336,
1619841600,72459,
1622520000,73737,
1625112000,76269,
1627790400,75528,
