1451624400,7975,
1454302800,4414,
1456808400,3549,
1459483200,3210,
1462075200,2881,
1464753600,2848,
1467345600,2742,0
1470024000,2217,0
1472702400,2151,0
1475294400,2132,0
1477972800,2252,0
1480568400,2577,0
1483246800,2635,0
1485925200,2991,0
1488344400,3736,0
1491019200,3801,0
1493611200,3939,0
1496289600,4034,0
1498881600,4644,0
1501560000,6839,0
1504238400,6949,0
1506830400,6949,0
1509508800,7079,0
1512104400,7564,0
1514782800,7677,0
1517461200,7823,0
1519880400,7600,0
1522555200,7595,0
1525147200,8620,0
1527825600,8891,0
1530417600,4400,0
1533096000,4512,0
1535774400,4874,0
1538366400,4940,0
1541044800,4959,0
1543640400,5094,0
1546318800,9564,0
1548997200,320,0
1551416400,367,0
1554091200,373,0
1556683200,382,0
1559361600,379,0
1561953600,383,0
1564632000,397,0
1567310400,401,0
1569902400,406,0
1572580800,426,0
1575176400,434,1
1577854800,434,0
1580533200,443,0
1583038800,445,0
1585713600,452,1
1588305600,461,0
1590984000,479,0
1593576000,486,0
1596254400,576,0
1598932800,613,0
1601524800,619,0
1604203200,643,0
1606798800,648,0
