1530417600,70178,
1533096000,50336,
1535774400,44986,
1538366400,46025,
1541044800,41764,
1543640400,49157,
1546318800,50256,0
1548997200,51752,0
1551416400,52916,0
1554091200,36721,0
1556683200,37608,0
1559361600,38471,0
1561953600,39192,0
1564632000,40038,0
1567310400,40785,1
1569902400,41594,2
1572580800,42331,3
1575176400,43175,4
1577854800,43978,5
1580533200,44741,6
1583038800,45497,7
1585713600,46371,8
1588305600,47249,9
1590984000,48199,10
1593576000,48917,11
1596254400,49729,12
1598932800,50480,13
1601524800,51210,14
1604203200,52536,15
1606798800,54293,16
