1393650000,50016,
1396324800,50863,
1398916800,51827,
1401595200,52960,
1404187200,54181,
1406865600,55363,
1409544000,56823,1
1412136000,58215,2
1414814400,59728,3
1417410000,61243,4
1420088400,62657,5
1422766800,64395,6
1425186000,66033,7
1427860800,67795,8
1430452800,69573,9
1433131200,71637,10
1435723200,73623,11
1438401600,76033,12
1441080000,78502,13
1443672000,81097,14
1446350400,83668,15
1448946000,86414,16
1451624400,89418,17
1454302800,92326,18
1456808400,95265,19
1459483200,98807,20
1462075200,102052,21
1464753600,105275,22
1467345600,108116,23
1470024000,111302,24
1472702400,114598,25
1475294400,117805,26
1477972800,121168,27
1480568400,124243,28
1483246800,127470,29
1485925200,130549,30
1488344400,134075,31
1491019200,137920,32
1493611200,141638,33
1496289600,145442,34
1498881600,149641,35
1501560000,153761,36
1504238400,157725,37
1506830400,161339,38
1509508800,165750,39
1512104400,169863,40
1514782800,174029,41
1517461200,178843,42
1519880400,182931,43
1522555200,187593,44
1525147200,192071,45
1527825600,196655,46
1530417600,201438,47
1533096000,206496,48
1535774400,211248,49
1538366400,215943,50
1541044800,220573,51
1543640400,225804,52
1546318800,229964,53
1548997200,234939,54
1551416400,239892,55
1554091200,245593,56
1556683200,250842,57
1559361600,256176,58
1561953600,261105,59
1564632000,266334,60
1567310400,271408,61
1569902400,276556,62
1572580800,281577,63
1575176400,286615,64
1577854800,291615,65
1580533200,296760,66
1583038800,301422,67
1585713600,306992,68
1588305600,312569,69
1590984000,318367,70
1593576000,323680,71
1596254400,329165,72
1598932800,334493,73
1601524800,339956,74
1604203200,345845,75
1606798800,352464,76
