1546318800,708059,
1548997200,711714,
1551416400,715446,
1554091200,720088,
1556683200,724313,
1559361600,728750,
1561953600,733009,1
1564632000,737462,2
1567310400,741892,3
1569902400,746436,4
1572580800,750889,5
1575176400,755424,6
1577854800,759970,7
1580533200,764587,8
1583038800,768783,9
1585713600,773849,10
1588305600,778871,11
1590984000,784062,12
1593576000,788876,13
1596254400,793801,14
1598932800,798606,15
1601524800,803587,16
1604203200,808178,17
1606798800,812677,18
1609477200,817325,19
1612155600,822423,20
1614574800,827288,21
1617249600,834651,22
1619841600,840972,23
1622520000,846782,24
1625112000,858101,25
1627790400,863419,26
