1527825600,571403,
1530417600,575144,
1533096000,579066,
1535774400,582938,
1538366400,586862,
1541044800,590856,
1543640400,595404,1
1546318800,598965,2
1548997200,603387,3
1551416400,607804,4
1554091200,613027,5
1556683200,617849,6
1559361600,622739,7
1561953600,627374,8
1564632000,632188,9
1567310400,636877,10
1569902400,641702,11
1572580800,646430,12
1575176400,651181,13
1577854800,655921,14
1580533200,660800,15
1583038800,665254,16
1585713600,670589,17
1588305600,675932,18
1590984000,681534,19
1593576000,686613,20
1596254400,691881,21
1598932800,697007,22
1601524800,702264,23
1604203200,707979,24
1606798800,714430,25
