1522555200,543383,
1525147200,546732,
1527825600,550317,
1530417600,554274,
1533096000,558370,
1535774400,562370,
1538366400,566397,1
1541044800,570395,2
1543640400,575023,3
1546318800,578651,4
1548997200,583131,5
1551416400,587591,6
1554091200,592868,7
1556683200,597737,8
1559361600,602664,9
1561953600,607316,10
1564632000,612169,11
1567310400,616896,12
1569902400,621766,13
1572580800,626537,14
1575176400,631331,15
1577854800,636089,16
1580533200,640999,17
1583038800,645471,18
1585713600,650838,19
1588305600,656217,20
1590984000,661836,21
1593576000,666927,22
1596254400,672204,23
1598932800,677342,24
1601524800,682612,25
1604203200,688342,26
1606798800,694808,27
