1412136000,79392,
1414814400,80611,
1417410000,81912,
1420088400,83178,
1422766800,84712,
1425186000,86214,
1427860800,87815,1
1430452800,89480,2
1433131200,91381,3
1435723200,93267,4
1438401600,95581,5
1441080000,97949,6
1443672000,100445,7
1446350400,102925,8
1448946000,105579,9
1451624400,108518,10
1454302800,111358,11
1456808400,114235,12
1459483200,117721,13
1462075200,120903,14
1464753600,124075,15
1467345600,126878,16
1470024000,130005,17
1472702400,133242,18
1475294400,136388,19
1477972800,139696,20
1480568400,142721,21
1483246800,145917,22
1485925200,148968,23
1488344400,152466,24
1491019200,156268,25
1493611200,159961,26
1496289600,163737,27
1498881600,167907,28
1501560000,172010,29
1504238400,175954,30
1506830400,179547,31
1509508800,183914,32
1512104400,188015,33
1514782800,192162,34
1517461200,196957,35
1519880400,201033,36
1522555200,205674,37
1525147200,210130,38
1527825600,214703,39
1530417600,219471,40
1533096000,224518,41
1535774400,229259,42
1538366400,233948,43
1541044800,238570,44
1543640400,243804,45
1546318800,247955,46
1548997200,252925,47
1551416400,257874,48
1554091200,263569,49
1556683200,268810,50
1559361600,274135,51
1561953600,279056,52
1564632000,284278,53
1567310400,289344,54
1569902400,294488,55
1572580800,299501,56
1575176400,304529,57
1577854800,309521,58
1580533200,314657,59
1583038800,319318,60
1585713600,324895,61
1588305600,330464,62
1590984000,336258,63
1593576000,341564,64
1596254400,347044,65
1598932800,352374,66
1601524800,357832,67
1604203200,363715,68
1606798800,370332,69
