1556683200,788378,
1559361600,792247,
1561953600,796137,
1564632000,800268,
1567310400,804436,
1569902400,808791,
1572580800,813052,1
1575176400,817437,2
1577854800,821833,3
1580533200,826338,4
1583038800,830442,5
1585713600,835376,6
1588305600,840269,7
1590984000,845359,8
1593576000,850090,9
1596254400,854915,10
1598932800,859676,11
1601524800,864569,12
1604203200,869077,13
1606798800,873508,14
1609477200,878116,15
1612155600,883176,16
1614574800,888002,17
1617249600,895331,18
1619841600,901620,19
1622520000,907397,20
1625112000,918626,21
1627790400,923908,22
