1501560000,419781,
1504238400,422621,
1506830400,425378,
1509508800,428741,
1512104400,432128,
1514782800,435591,
1517461200,439617,1
1519880400,443197,2
1522555200,447316,3
1525147200,451275,4
1527825600,455382,5
1530417600,459730,6
1533096000,464248,7
1535774400,468545,8
1538366400,472954,9
1541044800,477226,10
1543640400,482054,11
1546318800,485886,12
1548997200,490596,13
1551416400,495249,14
1554091200,500698,15
1556683200,505729,16
1559361600,510828,17
1561953600,515614,18
1564632000,520656,19
1567310400,525513,20
1569902400,530490,21
1572580800,535350,22
1575176400,540223,23
1577854800,545071,24
1580533200,550061,25
1583038800,554619,26
1585713600,560065,27
1588305600,565501,28
1590984000,571177,29
1593576000,576349,30
1596254400,581705,31
1598932800,586910,32
1601524800,592254,33
1604203200,598035,34
1606798800,604554,35
