1485925200,333025,
1488344400,335583,
1491019200,338550,
1493611200,341533,
1496289600,344627,
1498881600,348195,
1501560000,351702,1
1504238400,355160,2
1506830400,358319,3
1509508800,362152,4
1512104400,365871,5
1514782800,369622,6
1517461200,373981,7
1519880400,377777,8
1522555200,382141,9
1525147200,386296,10
1527825600,390590,11
1530417600,395117,12
1533096000,399791,13
1535774400,404266,14
1538366400,408762,15
1541044800,413161,16
1543640400,418142,17
1546318800,422121,18
1548997200,426931,19
1551416400,431693,20
1554091200,437227,21
1556683200,442357,22
1559361600,447529,23
1561953600,452374,24
1564632000,457482,25
1567310400,462404,26
1569902400,467449,27
1572580800,472376,28
1575176400,477311,29
1577854800,482218,30
1580533200,487255,31
1583038800,491856,32
1585713600,497355,33
1588305600,502843,34
1590984000,508553,35
1593576000,513783,36
1596254400,519190,37
1598932800,524422,38
1601524800,529799,39
1604203200,535618,40
1606798800,542165,41
