1527825600,572677,
1530417600,576395,
1533096000,580304,
1535774400,584165,
1538366400,588091,
1541044800,592080,
1543640400,596623,1
1546318800,600181,2
1548997200,604599,3
1551416400,609013,4
1554091200,614238,5
1556683200,619054,6
1559361600,623941,7
1561953600,628575,8
1564632000,633387,9
1567310400,638074,10
1569902400,642898,11
1572580800,647624,12
1575176400,652372,13
1577854800,657109,14
1580533200,661988,15
1583038800,666441,16
1585713600,671776,17
1588305600,677119,18
1590984000,682720,19
1593576000,687799,20
1596254400,693067,21
1598932800,698191,22
1601524800,703448,23
1604203200,709163,24
1606798800,715615,25
