1454302800,198134,
1456808400,15548,
1459483200,4931,
1462075200,4986,
1464753600,4921,
1467345600,8317,
1470024000,8138,0
1472702400,8406,0
1475294400,8316,0
1477972800,8013,0
1480568400,8234,0
1483246800,7872,0
1485925200,7655,0
1488344400,7821,0
1491019200,7757,0
1493611200,7578,0
1496289600,7409,0
1498881600,7571,0
1501560000,7457,0
1504238400,7249,0
1506830400,7041,0
1509508800,10638,0
1512104400,10871,0
1514782800,11289,0
1517461200,10886,0
1519880400,10789,0
1522555200,10755,0
1525147200,10823,0
1527825600,10631,0
1530417600,10664,0
1533096000,10791,0
1535774400,11773,0
1538366400,11981,0
1541044800,12087,0
1543640400,12259,0
1546318800,12336,0
1548997200,12556,1
1551416400,12650,2
1554091200,12895,3
1556683200,12567,0
1559361600,12958,0
1561953600,12843,0
1564632000,12781,0
1567310400,13015,0
1569902400,13200,0
1572580800,13293,0
1575176400,13467,0
1577854800,13636,1
1580533200,13764,2
1583038800,13809,3
1585713600,13942,4
1588305600,14091,5
1590984000,14249,6
1593576000,14369,7
1596254400,14529,8
1598932800,14704,9
1601524800,14811,10
1604203200,14894,11
1606798800,15027,12
