1551416400,745098,
1554091200,749347,
1556683200,753340,
1559361600,757632,
1561953600,761751,
1564632000,766080,
1567310400,770417,1
1569902400,774894,2
1572580800,779280,3
1575176400,783741,4
1577854800,788229,5
1580533200,792793,6
1583038800,796942,7
1585713600,801947,8
1588305600,806913,9
1590984000,812043,10
1593576000,816829,11
1596254400,821711,12
1598932800,826506,13
1601524800,831453,14
1604203200,836004,15
1606798800,840469,16
1609477200,845098,17
1612155600,850182,18
1614574800,855034,19
1617249600,862389,20
1619841600,868706,21
1622520000,874499,22
1625112000,885777,23
1627790400,891081,24
