1470024000,261035,
1472702400,263369,
1475294400,265817,
1477972800,268483,
1480568400,270941,
1483246800,273665,
1485925200,276356,1
1488344400,279452,2
1491019200,282834,3
1493611200,286175,4
1496289600,289574,5
1498881600,293408,6
1501560000,297189,7
1504238400,300828,8
1506830400,304170,9
1509508800,308207,10
1512104400,312080,11
1514782800,315996,12
1517461200,320541,13
1519880400,324443,14
1522555200,328931,15
1525147200,333224,16
1527825600,337633,17
1530417600,342233,18
1533096000,347057,19
1535774400,351635,20
1538366400,356217,21
1541044800,360688,22
1543640400,365779,23
1546318800,369824,24
1548997200,374708,25
1551416400,379549,26
1554091200,385145,27
1556683200,390322,28
1559361600,395568,29
1561953600,400432,30
1564632000,405583,31
1567310400,410568,32
1569902400,415642,33
1572580800,420607,34
1575176400,425580,35
1577854800,430525,36
1580533200,435599,37
1583038800,440223,38
1585713600,445750,39
1588305600,451275,40
1590984000,457015,41
1593576000,462273,42
1596254400,467708,43
1598932800,472976,44
1601524800,478385,45
1604203200,484230,46
1606798800,490805,47
