1491019200,59098,
1493611200,60913,
1496289600,14350,
1498881600,14745,
1501560000,14091,
1504238400,14462,
1506830400,70418,0
1509508800,80188,0
1512104400,384984,0
1514782800,58579,0
1517461200,39914,0
1519880400,37475,0
1522555200,34223,0
1525147200,21478,0
1527825600,22012,0
1530417600,17121,0
1533096000,16830,0
1535774400,16597,0
1538366400,15755,0
1541044800,15632,0
1543640400,16005,0
1546318800,15434,0
1548997200,16291,0
1551416400,15256,0
1554091200,16472,0
1556683200,17267,0
1559361600,20366,0
1561953600,20612,0
1564632000,19944,0
1567310400,26278,0
1569902400,24081,0
1572580800,22157,0
1575176400,22633,0
1577854800,23354,0
1580533200,23851,0
1583038800,23733,0
1585713600,27944,0
1588305600,25287,0
1590984000,26484,0
1593576000,24715,0
1596254400,24890,0
1598932800,25322,0
1601524800,25730,0
1604203200,24534,0
1606798800,24832,0
