1414814400,25304,
1417410000,26657,
1420088400,27951,
1422766800,29477,
1425186000,31941,
1427860800,33561,
1430452800,34869,1
1433131200,36584,2
1435723200,38337,3
1438401600,40356,4
1441080000,42502,5
1443672000,43745,6
1446350400,45908,7
1448946000,48803,8
1451624400,44748,0
1454302800,46319,0
1456808400,48270,0
1459483200,50476,0
1462075200,52744,0
1464753600,54823,1
1467345600,58632,2
1470024000,61082,3
1472702400,63050,4
1475294400,65106,5
1477972800,67409,6
1480568400,69539,7
1483246800,71574,8
1485925200,73807,9
1488344400,76285,10
1491019200,79066,11
1493611200,81538,12
1496289600,84136,13
1498881600,86745,14
1501560000,89403,15
1504238400,91889,16
1506830400,94179,17
1509508800,97249,18
1512104400,99951,19
1514782800,102561,20
1517461200,105705,21
1519880400,108380,22
1522555200,111314,23
1525147200,114292,24
1527825600,117314,25
1530417600,120407,26
1533096000,123423,27
1535774400,121547,0
1538366400,124387,0
1541044800,127355,0
1543640400,130659,0
1546318800,133301,0
1548997200,136398,1
1551416400,139487,2
1554091200,142989,3
1556683200,146232,4
1559361600,149549,5
1561953600,152676,6
1564632000,155826,7
1567310400,158956,8
1569902400,162232,9
1572580800,165366,10
1575176400,168312,11
1577854800,171425,12
1580533200,174559,13
1583038800,177465,14
1585713600,180890,15
1588305600,184407,16
1590984000,187920,17
1593576000,190919,18
1596254400,194122,19
1598932800,197300,20
1601524800,200389,21
1604203200,204181,22
1606798800,208779,23
