1559361600,808018,
1561953600,811662,
1564632000,815654,
1567310400,819745,
1569902400,824044,
1572580800,828250,
1575176400,832593,1
1577854800,836937,2
1580533200,841403,3
1583038800,845476,4
1585713600,850365,5
1588305600,855223,6
1590984000,860291,7
1593576000,864994,8
1596254400,869797,9
1598932800,874540,10
1601524800,879405,11
1604203200,883895,12
1606798800,888310,13
1609477200,892913,14
1612155600,897960,15
1614574800,902768,16
1617249600,910085,17
1619841600,916362,18
1622520000,922131,19
1625112000,933332,20
