1470024000,76406,
1472702400,79286,
1475294400,82130,
1477972800,84996,
1480568400,87697,
1483246800,90454,
1485925200,93257,1
1488344400,277931,0
1491019200,281317,0
1493611200,284663,0
1496289600,288070,0
1498881600,291912,0
1501560000,295698,1
1504238400,299342,2
1506830400,302685,3
1509508800,306727,4
1512104400,310601,5
1514782800,314522,6
1517461200,319073,7
1519880400,322977,8
1522555200,327466,9
1525147200,331763,10
1527825600,336174,11
1530417600,340776,12
1533096000,345603,13
1535774400,350184,14
1538366400,354769,15
1541044800,359240,16
1543640400,364331,17
1546318800,368375,18
1548997200,373257,19
1551416400,378101,20
1554091200,383699,21
1556683200,388878,22
1559361600,394124,23
1561953600,398987,24
1564632000,404138,25
1567310400,409123,26
1569902400,414197,27
1572580800,419162,28
1575176400,424136,29
1577854800,429082,30
1580533200,434156,31
1583038800,438780,32
1585713600,444307,33
1588305600,449833,34
1590984000,455573,35
1593576000,460832,36
1596254400,466268,37
1598932800,471537,38
1601524800,476947,39
1604203200,482791,40
1606798800,489366,41
