1477972800,69773,
1480568400,35193,
1483246800,26171,
1485925200,26762,
1488344400,9511,
1491019200,9451,
1493611200,8442,0
1496289600,5756,0
1498881600,5777,0
1501560000,5944,0
1504238400,6370,0
1506830400,6409,0
1509508800,6616,0
1512104400,6699,0
1514782800,6839,0
1517461200,6853,1
1519880400,6665,0
1522555200,6606,0
1525147200,6200,0
1527825600,5970,0
1530417600,5706,0
1533096000,5577,0
1535774400,6819,0
1538366400,6809,0
1541044800,7055,0
1543640400,7167,0
1546318800,7277,0
1548997200,7240,0
1551416400,7302,0
1554091200,6995,0
1556683200,7280,0
1559361600,7340,0
1561953600,7420,0
1564632000,7466,0
1567310400,7569,0
1569902400,7573,1
1572580800,7579,0
1575176400,7264,0
1577854800,7389,0
1580533200,7332,0
1583038800,7368,0
1585713600,7391,0
1588305600,7494,0
1590984000,7644,0
1593576000,7773,0
1596254400,7792,1
1598932800,7897,2
1601524800,7961,3
1604203200,8050,4
1606798800,8148,5
