1498881600,403395,
1501560000,406303,
1504238400,409377,
1506830400,412258,
1509508800,415736,
1512104400,419213,
1514782800,422748,1
1517461200,426845,2
1519880400,430486,3
1522555200,434648,4
1525147200,438651,5
1527825600,442800,6
1530417600,447176,7
1533096000,451737,8
1535774400,456071,9
1538366400,460499,10
1541044800,464799,11
1543640400,469664,12
1546318800,473518,13
1548997200,478249,14
1551416400,482926,15
1554091200,488397,16
1556683200,493445,17
1559361600,498564,18
1561953600,503356,19
1564632000,508415,20
1567310400,513285,21
1569902400,518282,22
1572580800,523156,23
1575176400,528044,24
1577854800,532904,25
1580533200,537901,26
1583038800,542467,27
1585713600,547923,28
1588305600,553369,29
1590984000,559052,30
1593576000,564234,31
1596254400,569596,32
1598932800,574804,33
1601524800,580157,34
1604203200,585943,35
1606798800,592468,36
