1501560000,423374,
1504238400,426048,
1506830400,428776,
1509508800,432112,
1512104400,435476,
1514782800,438918,
1517461200,442930,1
1519880400,446502,2
1522555200,450609,3
1525147200,454542,4
1527825600,458639,5
1530417600,462982,6
1533096000,467484,7
1535774400,471778,8
1538366400,476162,9
1541044800,480428,10
1543640400,485253,11
1546318800,489084,12
1548997200,493787,13
1551416400,498430,14
1554091200,503879,15
1556683200,508906,16
1559361600,514000,17
1561953600,518784,18
1564632000,523816,19
1567310400,528671,20
1569902400,533651,21
1572580800,538506,22
1575176400,543377,23
1577854800,548219,24
1580533200,553208,25
1583038800,557763,26
1585713600,563207,27
1588305600,568638,28
1590984000,574313,29
1593576000,579483,30
1596254400,584838,31
1598932800,590042,32
1601524800,595382,33
1604203200,601163,34
1606798800,607683,35
