1493611200,96478,
1496289600,99550,
1498881600,84402,
1501560000,87040,
1504238400,89518,
1506830400,91722,
1509508800,94303,0
1512104400,96925,1
1514782800,99480,2
1517461200,102564,3
1519880400,105170,4
1522555200,107963,5
1525147200,110884,6
1527825600,113777,7
1530417600,116792,8
1533096000,119645,9
1535774400,126770,10
1538366400,129753,11
1541044800,132800,12
1543640400,136289,13
1546318800,139005,14
1548997200,142323,15
1551416400,145554,16
1554091200,119845,0
1556683200,122549,0
1559361600,125482,0
1561953600,127943,0
1564632000,130608,0
1567310400,133241,1
1569902400,135962,2
1572580800,138532,3
1575176400,141073,4
1577854800,143726,5
1580533200,146333,6
1583038800,148672,7
1585713600,151418,8
1588305600,154376,9
1590984000,157276,10
1593576000,159770,11
1596254400,162429,12
1598932800,165135,13
1601524800,167832,14
1604203200,171188,15
1606798800,175227,16
