1514782800,48362,
1517461200,78523,
1519880400,501820,
1522555200,505580,
1525147200,509260,
1527825600,513134,
1530417600,517280,0
1533096000,521588,1
1535774400,525735,2
1538366400,529946,3
1541044800,534068,4
1543640400,538792,5
1546318800,542497,6
1548997200,547074,7
1551416400,551623,8
1554091200,556979,9
1556683200,561912,10
1559361600,566893,11
1561953600,571616,12
1564632000,576543,13
1567310400,581327,14
1569902400,586239,15
1572580800,591063,16
1575176400,595893,17
1577854800,600691,18
1580533200,605637,19
1583038800,610150,20
1585713600,615546,21
1588305600,620943,22
1590984000,626578,23
1593576000,631699,24
1596254400,637002,25
1598932800,642177,26
1601524800,647473,27
1604203200,653223,28
1606798800,659709,29
