1462075200,225732,
1464753600,228136,
1467345600,230314,
1470024000,232978,
1472702400,235682,
1475294400,238405,
1477972800,241320,1
1480568400,243998,2
1483246800,246881,3
1485925200,249701,4
1488344400,252893,5
1491019200,256392,6
1493611200,259812,7
1496289600,263317,8
1498881600,267232,9
1501560000,271109,10
1504238400,274817,11
1506830400,278229,12
1509508800,282340,13
1512104400,286263,14
1514782800,290236,15
1517461200,294851,16
1519880400,298803,17
1522555200,303324,18
1525147200,307678,19
1527825600,312138,20
1530417600,316771,21
1533096000,321697,22
1535774400,326319,23
1538366400,330931,24
1541044800,335440,25
1543640400,340561,26
1546318800,344631,27
1548997200,349537,28
1551416400,354424,29
1554091200,360042,30
1556683200,365239,31
1559361600,370510,32
1561953600,375391,33
1564632000,380562,34
1567310400,385560,35
1569902400,390649,36
1572580800,395627,37
1575176400,400616,38
1577854800,405575,39
1580533200,410664,40
1583038800,415300,41
1585713600,420835,42
1588305600,426370,43
1590984000,432121,44
1593576000,437392,45
1596254400,442834,46
1598932800,448116,47
1601524800,453533,48
1604203200,459388,49
1606798800,465974,50
