1485925200,333275,
1488344400,103589,
1491019200,107414,
1493611200,111055,
1496289600,115198,
1498881600,119271,
1501560000,123359,1
1504238400,127542,2
1506830400,131043,3
1509508800,135328,4
1512104400,139421,5
1514782800,143621,6
1517461200,149043,7
1519880400,153190,8
1522555200,157848,9
1525147200,162295,10
1527825600,166877,11
1530417600,171619,12
1533096000,176259,13
1535774400,181163,14
1538366400,185921,15
1541044800,190675,16
1543640400,195799,17
1546318800,199901,18
1548997200,204860,19
1551416400,209848,20
1554091200,215552,21
1556683200,220742,22
1559361600,226046,23
1561953600,230966,24
1564632000,236195,25
1567310400,241268,26
1569902400,246446,27
1572580800,251533,28
1575176400,256663,29
1577854800,261673,30
1580533200,266811,31
1583038800,271447,32
1585713600,276916,33
1588305600,282499,34
1590984000,288384,35
1593576000,293516,36
1596254400,298971,37
1598932800,304036,38
1601524800,309182,39
1604203200,315350,40
1606798800,321813,41
