1441080000,151506,
1443672000,153350,
1446350400,25384,
1448946000,13303,
1451624400,11586,
1454302800,12190,
1456808400,41176,0
1459483200,42993,0
1462075200,44876,0
1464753600,46662,0
1467345600,48281,0
1470024000,50015,1
1472702400,51812,2
1475294400,53475,3
1477972800,55283,4
1480568400,56992,5
1483246800,58624,6
1485925200,60379,7
1488344400,62255,8
1491019200,64396,9
1493611200,66350,10
1496289600,68374,11
1498881600,70445,12
1501560000,72610,13
1504238400,74680,14
1506830400,76528,15
1509508800,78804,16
1512104400,80970,17
1514782800,83017,18
1517461200,85575,19
1519880400,87818,20
1522555200,90199,21
1525147200,92554,22
1527825600,94988,23
1530417600,97498,24
1533096000,99865,25
1535774400,90723,0
1538366400,92813,0
1541044800,94868,0
1543640400,97409,0
1546318800,99432,0
1548997200,101774,1
1551416400,103996,2
1554091200,106577,3
1556683200,108872,4
1559361600,111451,5
1561953600,113640,6
1564632000,115905,7
1567310400,118162,8
1569902400,120649,9
1572580800,122954,10
1575176400,125225,11
1577854800,127588,12
1580533200,129955,13
1583038800,132034,14
1585713600,134498,15
1588305600,137015,16
1590984000,139682,17
1593576000,141925,18
1596254400,144326,19
1598932800,146683,20
1601524800,149031,21
1604203200,152045,22
1606798800,155861,23
