1533096000,611860,
1535774400,615367,
1538366400,619105,
1541044800,622933,
1543640400,627348,
1546318800,630830,
1548997200,635143,1
1551416400,639420,2
1554091200,644560,3
1556683200,649286,4
1559361600,654106,5
1561953600,658682,6
1564632000,663432,7
1567310400,668064,8
1569902400,672830,9
1572580800,677505,10
1575176400,682196,11
1577854800,686893,12
1580533200,691734,13
1583038800,696161,14
1585713600,701472,15
1588305600,706780,16
1590984000,712343,17
1593576000,717394,18
1596254400,722636,19
1598932800,727745,20
1601524800,732981,21
1604203200,738673,22
1606798800,745090,23
