1556683200,790202,
1559361600,794000,
1561953600,797876,
1564632000,801996,
1567310400,806155,
1569902400,810512,
1572580800,814770,1
1575176400,819151,2
1577854800,823545,3
1580533200,828047,4
1583038800,832147,5
1585713600,837082,6
1588305600,841971,7
1590984000,847055,8
1593576000,851784,9
1596254400,856604,10
1598932800,861365,11
1601524800,866255,12
1604203200,870761,13
1606798800,875192,14
1609477200,879799,15
1612155600,884859,16
1614574800,889683,17
1617249600,897011,18
1619841600,903297,19
1622520000,909072,20
1625112000,920296,21
