1509508800,457171,
1512104400,460256,
1514782800,463505,
1517461200,467328,
1519880400,470779,
1522555200,474747,
1525147200,478589,1
1527825600,482602,2
1530417600,486864,3
1533096000,491268,4
1535774400,495501,5
1538366400,499817,6
1541044800,504017,7
1543640400,508774,8
1546318800,512549,9
1548997200,517192,10
1551416400,521808,11
1554091200,527214,12
1556683200,532194,13
1559361600,537236,14
1561953600,541997,15
1564632000,547002,16
1567310400,551831,17
1569902400,556778,18
1572580800,561638,19
1575176400,566488,20
1577854800,571317,21
1580533200,576282,22
1583038800,580821,23
1585713600,586239,24
1588305600,591668,25
1590984000,597324,26
1593576000,602467,27
1596254400,607798,28
1598932800,612988,29
1601524800,618307,30
1604203200,624067,31
1606798800,630573,32
