1501560000,411413,
1504238400,414425,
1506830400,417252,
1509508800,420691,
1512104400,424128,
1514782800,427645,
1517461200,431721,1
1519880400,435342,2
1522555200,439488,3
1525147200,443477,4
1527825600,447615,5
1530417600,451978,6
1533096000,456522,7
1535774400,460844,8
1538366400,465267,9
1541044800,469554,10
1543640400,474408,11
1546318800,478254,12
1548997200,482974,13
1551416400,487646,14
1554091200,493111,15
1556683200,498146,16
1559361600,503256,17
1561953600,508042,18
1564632000,513101,19
1567310400,517967,20
1569902400,522948,21
1572580800,527818,22
1575176400,532703,23
1577854800,537561,24
1580533200,542567,25
1583038800,547127,26
1585713600,552578,27
1588305600,558023,28
1590984000,563705,29
1593576000,568883,30
1596254400,574241,31
1598932800,579450,32
1601524800,584799,33
1604203200,590582,34
1606798800,597107,35
