1559361600,799603,
1561953600,803406,
1564632000,807476,
1567310400,811618,
1569902400,815950,
1572580800,820194,
1575176400,824576,1
1577854800,828961,2
1580533200,833448,3
1583038800,837540,4
1585713600,842454,5
1588305600,847328,6
1590984000,852401,7
1593576000,857120,8
1596254400,861930,9
1598932800,866688,10
1601524800,871569,11
1604203200,876068,12
1606798800,880491,13
1609477200,885100,14
1612155600,890157,15
1614574800,894971,16
1617249600,902293,17
1619841600,908576,18
1622520000,914349,19
1625112000,925562,20
