1517461200,514288,
1519880400,103113,
1522555200,93169,
1525147200,95710,
1527825600,98184,
1530417600,76223,
1533096000,78089,0
1535774400,85098,0
1538366400,86630,0
1541044800,88582,0
1543640400,90888,0
1546318800,92762,0
1548997200,95010,1
1551416400,92982,0
1554091200,96232,0
1556683200,98356,0
1559361600,100687,0
1561953600,102675,0
1564632000,104797,1
1567310400,106250,2
1569902400,114222,0
1572580800,116446,0
1575176400,118599,0
1577854800,120872,0
1580533200,123082,0
1583038800,125069,1
1585713600,127366,2
1588305600,129711,3
1590984000,132256,4
1593576000,134386,5
1596254400,136706,6
1598932800,138933,7
1601524800,141156,8
1604203200,144105,9
1606798800,147834,10
