1414814400,24942,
1417410000,25853,
1420088400,27640,
1422766800,29170,
1425186000,30591,
1427860800,32126,
1430452800,34981,1
1433131200,36735,2
1435723200,39272,3
1438401600,41436,4
1441080000,43612,5
1443672000,45930,6
1446350400,48243,7
1448946000,50603,8
1451624400,53108,9
1454302800,55549,10
1456808400,57972,11
1459483200,60743,12
1462075200,63415,13
1464753600,66110,14
1467345600,68596,15
1470024000,71180,16
1472702400,73875,17
1475294400,76419,18
1477972800,79075,19
1480568400,81559,20
1483246800,84064,21
1485925200,86656,22
1488344400,89540,23
1491019200,92665,24
1493611200,95603,25
1496289600,98661,26
1498881600,101793,27
1501560000,105035,28
1504238400,108079,29
1506830400,110926,30
1509508800,114215,31
1512104400,117437,32
1514782800,120683,33
1517461200,124393,34
1519880400,127610,35
1522555200,131090,36
1525147200,134570,37
1527825600,138091,38
1530417600,141913,39
1533096000,145568,40
1535774400,147721,41
1538366400,151283,42
1541044800,154884,43
1543640400,158840,44
1546318800,162104,45
1548997200,165987,46
1551416400,169740,47
1554091200,174054,48
1556683200,178197,49
1559361600,182429,50
1561953600,186212,51
1564632000,190119,52
1567310400,193983,53
1569902400,197956,54
1572580800,201836,55
1575176400,205552,56
1577854800,209382,57
1580533200,213315,58
1583038800,216954,59
1585713600,221148,60
1588305600,225518,61
1590984000,229834,62
1593576000,233663,63
1596254400,237721,64
1598932800,241797,65
1601524800,245590,66
1604203200,250300,67
1606798800,255731,68
