1475294400,280996,
1477972800,283429,
1480568400,285768,
1483246800,288349,
1485925200,290970,
1488344400,294002,
1491019200,297321,1
1493611200,300590,2
1496289600,303918,3
1498881600,307708,4
1501560000,311420,5
1504238400,315026,6
1506830400,318322,7
1509508800,322323,8
1512104400,326164,9
1514782800,330044,10
1517461200,334556,11
1519880400,338451,12
1522555200,342906,13
1525147200,347169,14
1527825600,351541,15
1530417600,356115,16
1533096000,116165,0
1535774400,365474,0
1538366400,370034,0
1541044800,374485,0
1543640400,379543,0
1546318800,383578,0
1548997200,388442,1
1551416400,393254,2
1554091200,398840,3
1556683200,404007,4
1559361600,409246,5
1561953600,414098,6
1564632000,419240,7
1567310400,424210,8
1569902400,429283,9
1572580800,434231,10
1575176400,439194,11
1577854800,444122,12
1580533200,449190,13
1583038800,453810,14
1585713600,459334,15
1588305600,464847,16
1590984000,470584,17
1593576000,475833,18
1596254400,481253,19
1598932800,486515,20
1601524800,491915,21
1604203200,497759,22
1606798800,504329,23
