1522555200,543337,
1525147200,546688,
1527825600,550274,
1530417600,554232,
1533096000,558328,
1535774400,562328,
1538366400,566356,1
1541044800,570354,2
1543640400,574982,3
1546318800,578610,4
1548997200,583090,5
1551416400,587550,6
1554091200,592828,7
1556683200,597697,8
1559361600,602624,9
1561953600,607276,10
1564632000,612129,11
1567310400,616856,12
1569902400,621726,13
1572580800,626497,14
1575176400,631291,15
1577854800,636049,16
1580533200,640959,17
1583038800,645431,18
1585713600,650798,19
1588305600,656176,20
1590984000,661795,21
1593576000,666886,22
1596254400,672163,23
1598932800,677301,24
1601524800,682571,25
1604203200,688301,26
1606798800,694767,27
