1433131200,128942,
1435723200,130300,
1438401600,132222,
1441080000,134243,
1443672000,136417,
1446350400,138655,
1448946000,140999,1
1451624400,143709,2
1454302800,146330,3
1456808400,149038,4
1459483200,152375,5
1462075200,155369,6
1464753600,158383,7
1467345600,161061,8
1470024000,164068,9
1472702400,167164,10
1475294400,170207,11
1477972800,173425,12
1480568400,176352,13
1483246800,179464,14
1485925200,182424,15
1488344400,185826,16
1491019200,189560,17
1493611200,193182,18
1496289600,196884,19
1498881600,200988,20
1501560000,205029,21
1504238400,208904,22
1506830400,212450,23
1509508800,216742,24
1512104400,220793,25
1514782800,224906,26
1517461200,229664,27
1519880400,233701,28
1522555200,238308,29
1525147200,242733,30
1527825600,247273,31
1530417600,251998,32
1533096000,257010,33
1535774400,261710,34
1538366400,266376,35
1541044800,270970,36
1543640400,276177,37
1546318800,280295,38
1548997200,285246,39
1551416400,290179,40
1554091200,295850,41
1556683200,301078,42
1559361600,306385,43
1561953600,311289,44
1564632000,316496,45
1567310400,321537,46
1569902400,326664,47
1572580800,331660,48
1575176400,336669,49
1577854800,341651,50
1580533200,346769,51
1583038800,351426,52
1585713600,356995,53
1588305600,362550,54
1590984000,368340,55
1593576000,373642,56
1596254400,379113,57
1598932800,384427,58
1601524800,389876,59
1604203200,395744,60
1606798800,402354,61
