1462075200,233117,
1464753600,235313,
1467345600,237422,
1470024000,240023,
1472702400,242659,
1475294400,245328,
1477972800,248212,1
1480568400,250852,2
1483246800,253712,3
1485925200,256519,4
1488344400,259693,5
1491019200,263180,6
1493611200,266595,7
1496289600,270078,8
1498881600,273973,9
1501560000,277834,10
1504238400,281529,11
1506830400,284921,12
1509508800,289024,13
1512104400,292934,14
1514782800,296902,15
1517461200,301497,16
1519880400,305439,17
1522555200,309956,18
1525147200,314299,19
1527825600,318750,20
1530417600,323378,21
1533096000,328291,22
1535774400,332907,23
1538366400,337512,24
1541044800,342016,25
1543640400,347134,26
1546318800,351202,27
1548997200,356104,28
1551416400,360986,29
1554091200,366599,30
1556683200,371789,31
1559361600,377052,32
1561953600,381928,33
1564632000,387093,34
1567310400,392087,35
1569902400,397174,36
1572580800,402152,37
1575176400,407136,38
1577854800,412090,39
1580533200,417178,40
1583038800,421815,41
1585713600,427346,42
1588305600,432880,43
1590984000,438629,44
1593576000,443899,45
1596254400,449337,46
1598932800,454613,47
1601524800,460025,48
1604203200,465876,49
1606798800,472460,50
