1514782800,487140,
1517461200,490697,
1519880400,493995,
1522555200,497804,
1525147200,501537,
1527825600,505452,
1530417600,509632,1
1533096000,513974,2
1535774400,518148,3
1538366400,522381,4
1541044800,526532,5
1543640400,531247,6
1546318800,534977,7
1548997200,539579,8
1551416400,544138,9
1554091200,549519,10
1556683200,554464,11
1559361600,559464,12
1561953600,564192,13
1564632000,569130,14
1567310400,573926,15
1569902400,578846,16
1572580800,583683,17
1575176400,588521,18
1577854800,593325,19
1580533200,598277,20
1583038800,602798,21
1585713600,608201,22
1588305600,613599,23
1590984000,619237,24
1593576000,624364,25
1596254400,629674,26
1598932800,634854,27
1601524800,640162,28
1604203200,645914,29
1606798800,652405,30
