1522555200,546542,
1525147200,549799,
1527825600,553357,
1530417600,557284,
1533096000,561353,
1535774400,565333,
1538366400,569339,1
1541044800,573331,2
1543640400,577953,3
1546318800,581573,4
1548997200,586037,5
1551416400,590488,6
1554091200,595758,7
1556683200,600625,8
1559361600,605549,9
1561953600,610210,10
1564632000,615054,11
1567310400,619780,12
1569902400,624645,13
1572580800,629414,14
1575176400,634202,15
1577854800,638959,16
1580533200,643865,17
1583038800,648334,18
1585713600,653698,19
1588305600,659076,20
1590984000,664694,21
1593576000,669781,22
1596254400,675055,23
1598932800,680194,24
1601524800,685463,25
1604203200,691193,26
1606798800,697656,27
