1422766800,100303,
1425186000,101551,
1427860800,102952,
1430452800,104473,
1433131200,106239,
1435723200,108011,
1438401600,110208,1
1441080000,112476,2
1443672000,114867,3
1446350400,117282,4
1448946000,119833,5
1451624400,122701,6
1454302800,125472,7
1456808400,128273,8
1459483200,131713,9
1462075200,134822,10
1464753600,137942,11
1467345600,140695,12
1470024000,143778,13
1472702400,146967,14
1475294400,150081,15
1477972800,153356,16
1480568400,156346,17
1483246800,159515,18
1485925200,162539,19
1488344400,166004,20
1491019200,169782,21
1493611200,173450,22
1496289600,177204,23
1498881600,181350,24
1501560000,185427,25
1504238400,189344,26
1506830400,192914,27
1509508800,197265,28
1512104400,201347,29
1514782800,205483,30
1517461200,210264,31
1519880400,214321,32
1522555200,218952,33
1525147200,223404,34
1527825600,227967,35
1530417600,232719,36
1533096000,237754,37
1535774400,242481,38
1538366400,247164,39
1541044800,251775,40
1543640400,256993,41
1546318800,261131,42
1548997200,266095,43
1551416400,271038,44
1554091200,276725,45
1556683200,281970,46
1559361600,287289,47
1561953600,292200,48
1564632000,297417,49
1567310400,302474,50
1569902400,307609,51
1572580800,312616,52
1575176400,317641,53
1577854800,322629,54
1580533200,327761,55
1583038800,332421,56
1585713600,337997,57
1588305600,343563,58
1590984000,349358,59
1593576000,354662,60
1596254400,360138,61
1598932800,365460,62
1601524800,370911,63
1604203200,376790,64
1606798800,383406,65
