1493611200,377120,
1496289600,379689,
1498881600,382902,
1501560000,386114,
1504238400,389387,
1506830400,392387,
1509508800,396030,1
1512104400,399601,2
1514782800,403206,3
1517461200,407401,4
1519880400,411107,5
1522555200,415363,6
1525147200,419424,7
1527825600,423620,8
1530417600,428063,9
1533096000,432659,10
1535774400,437035,11
1538366400,441488,12
1541044800,445818,13
1543640400,450728,14
1546318800,454617,15
1548997200,459393,16
1551416400,464100,17
1554091200,469596,18
1556683200,474675,19
1559361600,479818,20
1561953600,484630,21
1564632000,489699,22
1567310400,494584,23
1569902400,499602,24
1572580800,504496,25
1575176400,509404,26
1577854800,514289,27
1580533200,519302,28
1583038800,523886,29
1585713600,529354,30
1588305600,534814,31
1590984000,540502,32
1593576000,545705,33
1596254400,551083,34
1598932800,556310,35
1601524800,561666,36
1604203200,567467,37
1606798800,573998,38
