1527825600,582275,
1530417600,585792,
1533096000,589574,
1535774400,593334,
1538366400,597216,
1541044800,601165,
1543640400,605656,1
1546318800,609196,2
1548997200,613573,3
1551416400,617922,4
1554091200,623131,5
1556683200,627922,6
1559361600,632792,7
1561953600,637420,8
1564632000,642219,9
1567310400,646881,10
1569902400,651692,11
1572580800,656405,12
1575176400,661128,13
1577854800,665843,14
1580533200,670712,15
1583038800,675161,16
1585713600,680487,17
1588305600,685818,18
1590984000,691401,19
1593576000,696474,20
1596254400,701732,21
1598932800,706855,22
1601524800,712105,23
1604203200,717810,24
1606798800,724252,25
