1470024000,259545,
1472702400,261913,
1475294400,264384,
1477972800,267063,
1480568400,269528,
1483246800,272258,
1485925200,274959,1
1488344400,278063,2
1491019200,281450,3
1493611200,284796,4
1496289600,288202,5
1498881600,292043,6
1501560000,295829,7
1504238400,299473,8
1506830400,302816,9
1509508800,306858,10
1512104400,310732,11
1514782800,314652,12
1517461200,319201,13
1519880400,323105,14
1522555200,327595,15
1525147200,331892,16
1527825600,336303,17
1530417600,340904,18
1533096000,345730,19
1535774400,350311,20
1538366400,354895,21
1541044800,359366,22
1543640400,364457,23
1546318800,368501,24
1548997200,373384,25
1551416400,378227,26
1554091200,383825,27
1556683200,389004,28
1559361600,394250,29
1561953600,399114,30
1564632000,404265,31
1567310400,409250,32
1569902400,414324,33
1572580800,419289,34
1575176400,424263,35
1577854800,429209,36
1580533200,434283,37
1583038800,438907,38
1585713600,444434,39
1588305600,449960,40
1590984000,455700,41
1593576000,460959,42
1596254400,466395,43
1598932800,471664,44
1601524800,477073,45
1604203200,482919,46
1606798800,489494,47
