1488344400,344790,
1491019200,347556,
1493611200,350437,
1496289600,353480,
1498881600,356963,
1501560000,360409,
1504238400,363826,1
1506830400,366959,2
1509508800,370748,3
1512104400,374427,4
1514782800,378143,5
1517461200,382476,6
1519880400,386238,7
1522555200,390582,8
1525147200,394704,9
1527825600,398976,10
1530417600,403483,11
1533096000,408128,12
1535774400,412574,13
1538366400,417056,14
1541044800,421427,15
1543640400,426389,16
1546318800,430331,17
1548997200,435136,18
1551416400,439887,19
1554091200,445410,20
1556683200,450522,21
1559361600,455689,22
1561953600,460524,23
1564632000,465624,24
1567310400,470539,25
1569902400,475575,26
1572580800,480493,27
1575176400,485420,28
1577854800,490327,29
1580533200,495359,30
1583038800,499955,31
1585713600,505449,32
1588305600,510930,33
1590984000,516642,34
1593576000,521868,35
1596254400,527269,36
1598932800,532500,37
1601524800,537870,38
1604203200,543688,39
1606798800,550231,40
