1556683200,790795,
1559361600,794572,
1561953600,798441,
1564632000,802553,
1567310400,806713,
1569902400,811068,
1572580800,815324,1
1575176400,819702,2
1577854800,824095,3
1580533200,828596,4
1583038800,832693,5
1585713600,837627,6
1588305600,842513,7
1590984000,847594,8
1593576000,852323,9
1596254400,857143,10
1598932800,861904,11
1601524800,866793,12
1604203200,871299,13
1606798800,875729,14
1609477200,880335,15
1612155600,885395,16
1614574800,890217,17
1617249600,897544,18
1619841600,903829,19
1622520000,909603,20
1625112000,920826,21
1627790400,926103,22
