1541044800,672872,
1543640400,676739,
1546318800,680124,
1548997200,684189,
1551416400,688248,
1554091200,693124,
1556683200,697701,1
1559361600,702371,2
1561953600,706791,3
1564632000,711395,4
1567310400,715922,5
1569902400,720607,6
1572580800,725180,7
1575176400,729828,8
1577854800,734450,9
1580533200,739214,10
1583038800,743567,11
1585713600,748813,12
1588305600,754052,13
1590984000,759534,14
1593576000,764521,15
1596254400,769708,16
1598932800,774771,17
1601524800,779967,18
1604203200,785625,19
1606798800,791999,20
