1525147200,557521,
1527825600,560986,
1530417600,564846,
1533096000,568851,
1535774400,572781,
1538366400,576760,
1541044800,580726,1
1543640400,585323,2
1546318800,588913,3
1548997200,593358,4
1551416400,597808,5
1554091200,603048,6
1556683200,607901,7
1559361600,612815,8
1561953600,617468,9
1564632000,622300,10
1567310400,627016,11
1569902400,631865,12
1572580800,636615,13
1575176400,641381,14
1577854800,646134,15
1580533200,651028,16
1583038800,655488,17
1585713600,660846,18
1588305600,666208,19
1590984000,671817,20
1593576000,676901,21
1596254400,682169,22
1598932800,687302,23
1601524800,692568,24
1604203200,698293,25
1606798800,704750,26
