1359694800,16559,
1362114000,16930,
1364788800,17542,
1367380800,18134,
1370059200,18696,
1372651200,19402,
1375329600,20118,1
1378008000,20760,2
1380600000,21612,3
1383278400,22374,4
1385874000,23287,5
1388552400,24266,6
1391230800,25396,7
1393650000,26418,8
1396324800,27731,9
1398916800,28961,10
1401595200,30368,11
1404187200,31762,12
1406865600,33116,13
1409544000,34769,14
1412136000,36307,15
1414814400,37949,16
1417410000,39600,17
1420088400,41126,18
1422766800,42980,19
1425186000,44731,20
1427860800,46593,21
1430452800,48435,22
1433131200,50590,23
1435723200,52654,24
1438401600,55160,25
1441080000,57693,26
1443672000,60368,27
1446350400,63019,28
1448946000,65826,29
1451624400,68888,30
1454302800,71855,31
1456808400,74849,32
1459483200,78392,33
1462075200,81682,34
1464753600,84953,35
1467345600,87830,36
1470024000,91054,37
1472702400,94389,38
1475294400,97627,39
1477972800,101014,40
1480568400,104114,41
1483246800,107372,42
1485925200,110469,43
1488344400,114023,44
1491019200,117890,45
1493611200,121629,46
1496289600,125450,47
1498881600,129667,48
1501560000,133824,49
1504238400,137824,50
1506830400,141445,51
1509508800,145910,52
1512104400,150049,53
1514782800,154235,54
1517461200,159063,55
1519880400,163169,56
1522555200,167823,57
1525147200,172323,58
1527825600,176919,59
1530417600,181710,60
1533096000,186786,61
1535774400,191555,62
1538366400,196261,63
1541044800,200903,64
1543640400,206139,65
1546318800,210300,66
1548997200,215286,67
1551416400,220249,68
1554091200,225962,69
1556683200,231213,70
1559361600,236549,71
1561953600,241483,72
1564632000,246721,73
1567310400,251799,74
1569902400,256945,75
1572580800,261973,76
1575176400,267017,77
1577854800,272027,78
1580533200,277176,79
1583038800,281844,80
1585713600,287420,81
1588305600,293005,82
1590984000,298806,83
1593576000,304123,84
1596254400,309614,85
1598932800,314945,86
1601524800,320413,87
1604203200,326310,88
1606798800,332934,89
