1554091200,763388,
1556683200,767163,
1559361600,771348,
1561953600,775395,
1564632000,779634,
1567310400,783919,
1569902400,788364,1
1572580800,792704,2
1575176400,797128,3
1577854800,801583,4
1580533200,806134,5
1583038800,810265,6
1585713600,815240,7
1588305600,820169,8
1590984000,825294,9
1593576000,830052,10
1596254400,834911,11
1598932800,839692,12
1601524800,844616,13
1604203200,849147,14
1606798800,853596,15
1609477200,858216,16
1612155600,863291,17
1614574800,868135,18
1617249600,875483,19
1619841600,881784,20
1622520000,887570,21
1625112000,898827,22
