1517461200,508937,
1519880400,512064,
1522555200,515736,
1525147200,519354,
1527825600,523170,
1530417600,527288,
1533096000,531546,1
1535774400,535658,2
1538366400,539828,3
1541044800,543912,4
1543640400,548623,5
1546318800,552317,6
1548997200,556863,7
1551416400,561392,8
1554091200,566727,9
1556683200,571649,10
1559361600,576620,11
1561953600,581321,12
1564632000,586225,13
1567310400,590996,14
1569902400,595901,15
1572580800,600705,16
1575176400,605524,17
1577854800,610313,18
1580533200,615245,19
1583038800,619745,20
1585713600,625137,21
1588305600,630526,22
1590984000,636158,23
1593576000,641278,24
1596254400,646572,25
1598932800,651735,26
1601524800,657020,27
1604203200,662764,28
1606798800,669245,29
