1491019200,365165,
1493611200,367624,
1496289600,370458,
1498881600,70176,
1501560000,72274,
1504238400,74267,
1506830400,76100,0
1509508800,78293,0
1512104400,80382,1
1514782800,82375,2
1517461200,84828,3
1519880400,87005,4
1522555200,89359,5
1525147200,91664,6
1527825600,94026,7
1530417600,96471,8
1533096000,98758,9
1535774400,106529,0
1538366400,108918,1
1541044800,111399,2
1543640400,114278,3
1546318800,116609,0
1548997200,119324,1
1551416400,121922,2
1554091200,124900,3
1556683200,127652,4
1559361600,130654,5
1561953600,133215,6
1564632000,135926,7
1567310400,138609,8
1569902400,141391,9
1572580800,144034,10
1575176400,146654,11
1577854800,149348,12
1580533200,152030,13
1583038800,154469,14
1585713600,157328,15
1588305600,160306,16
1590984000,163284,17
1593576000,165902,18
1596254400,168636,19
1598932800,171432,20
1601524800,174188,21
1604203200,177583,22
1606798800,181762,23
