1435723200,35407,
1438401600,37252,
1441080000,39151,
1443672000,41058,
1446350400,42965,
1448946000,44895,
1451624400,47012,1
1454302800,48973,2
1456808400,51009,3
1459483200,53374,4
1462075200,55616,5
1464753600,57869,6
1467345600,59939,7
1470024000,62112,8
1472702400,64289,9
1475294400,66439,10
1477972800,68708,11
1480568400,70817,12
1483246800,72900,13
1485925200,75055,14
1488344400,77570,15
1491019200,80225,16
1493611200,82696,17
1496289600,85295,18
1498881600,87963,19
1501560000,90674,20
1504238400,93232,21
1506830400,95546,22
1509508800,98230,23
1512104400,100962,24
1514782800,103596,25
1517461200,106813,26
1519880400,109503,27
1522555200,112429,28
1525147200,115390,29
1527825600,118359,30
1530417600,121485,31
1533096000,124538,32
1535774400,131484,33
1538366400,134560,34
1541044800,137689,35
1543640400,141238,36
1546318800,144041,37
1548997200,147424,38
1551416400,150746,39
1554091200,154503,40
1556683200,158021,41
1559361600,161681,42
1561953600,165070,43
1564632000,168466,44
1567310400,171844,45
1569902400,175432,46
1572580800,178812,47
1575176400,182010,48
1577854800,185325,49
1580533200,188758,50
1583038800,191894,51
1585713600,195464,52
1588305600,199366,53
1590984000,203165,54
1593576000,206469,55
1596254400,210092,56
1598932800,213586,57
1601524800,216942,58
1604203200,221019,59
1606798800,225917,60
