1493611200,376005,
1496289600,378601,
1498881600,381827,
1501560000,385057,
1504238400,388340,
1506830400,391347,
1509508800,394992,1
1512104400,398567,2
1514782800,402176,3
1517461200,406376,4
1519880400,410086,5
1522555200,414343,6
1525147200,418404,7
1527825600,422605,8
1530417600,427046,9
1533096000,431643,10
1535774400,436025,11
1538366400,440480,12
1541044800,444811,13
1543640400,449723,14
1546318800,453616,15
1548997200,458391,16
1551416400,463100,17
1554091200,468596,18
1556683200,473674,19
1559361600,478821,20
1561953600,483635,21
1564632000,488705,22
1567310400,493590,23
1569902400,498608,24
1572580800,503502,25
1575176400,508410,26
1577854800,513294,27
1580533200,518307,28
1583038800,522891,29
1585713600,528360,30
1588305600,533820,31
1590984000,539509,32
1593576000,544713,33
1596254400,550092,34
1598932800,555319,35
1601524800,560676,36
1604203200,566478,37
1606798800,573009,38
