1535774400,631259,
1538366400,634817,
1541044800,638529,
1543640400,642841,
1546318800,646245,
1548997200,650500,
1551416400,654719,1
1554091200,659762,2
1556683200,664446,3
1559361600,669237,4
1561953600,673759,5
1564632000,678473,6
1567310400,683081,7
1569902400,687829,8
1572580800,692463,9
1575176400,697142,10
1577854800,701816,11
1580533200,706631,12
1583038800,711030,13
1585713600,716318,14
1588305600,721604,15
1590984000,727156,16
1593576000,732184,17
1596254400,737408,18
1598932800,742505,19
1601524800,747736,20
1604203200,753418,21
1606798800,759814,22
