1546318800,703262,
1548997200,707018,
1551416400,710801,
1554091200,715479,
1556683200,719723,
1559361600,724182,
1561953600,728461,1
1564632000,732924,2
1567310400,737361,3
1569902400,741913,4
1572580800,746380,5
1575176400,750923,6
1577854800,755491,7
1580533200,760119,8
1583038800,764316,9
1585713600,769395,10
1588305600,774421,11
1590984000,779617,12
1593576000,784436,13
1596254400,789363,14
1598932800,794174,15
1601524800,799158,16
1604203200,803753,17
1606798800,808256,18
1609477200,812904,19
1612155600,818006,20
1614574800,822873,21
1617249600,830242,22
1619841600,836567,23
1622520000,842379,24
1625112000,853704,25
