1483246800,94029,
1485925200,96300,
1488344400,99573,
1491019200,102867,
1493611200,89857,
1496289600,91203,
1498881600,94176,0
1501560000,83103,0
1504238400,85339,0
1506830400,87452,0
1509508800,90041,0
1512104400,75973,0
1514782800,77930,0
1517461200,80222,0
1519880400,82317,0
1522555200,84558,0
1525147200,86766,1
1527825600,89069,2
1530417600,91402,3
1533096000,93632,4
1535774400,100192,0
1538366400,102530,1
1541044800,104821,2
1543640400,107585,3
1546318800,109835,4
1548997200,112428,5
1551416400,114915,6
1554091200,117758,7
1556683200,120401,8
1559361600,123254,9
1561953600,125644,10
1564632000,128207,11
1567310400,130742,12
1569902400,133432,13
1572580800,135996,14
1575176400,138506,15
1577854800,141097,16
1580533200,143670,17
1583038800,145990,18
1585713600,148701,19
1588305600,151585,20
1590984000,154446,21
1593576000,156959,22
1596254400,159532,23
1598932800,162184,24
1601524800,164838,25
1604203200,168137,26
1606798800,172155,27
