1517461200,511331,
1519880400,514421,
1522555200,518064,
1525147200,521666,
1527825600,525472,
1530417600,529576,
1533096000,533821,1
1535774400,537922,2
1538366400,542074,3
1541044800,546146,4
1543640400,550849,5
1546318800,554538,6
1548997200,559076,7
1551416400,563601,8
1554091200,568934,9
1556683200,573851,10
1559361600,578816,11
1561953600,583517,12
1564632000,588418,13
1567310400,593186,14
1569902400,598090,15
1572580800,602891,16
1575176400,607709,17
1577854800,612495,18
1580533200,617425,19
1583038800,621924,20
1585713600,627312,21
1588305600,632698,22
1590984000,638328,23
1593576000,643448,24
1596254400,648738,25
1598932800,653896,26
1601524800,659181,27
1604203200,664923,28
1606798800,671403,29
