1525147200,554924,
1527825600,558436,
1530417600,562316,
1533096000,566349,
1535774400,570299,
1538366400,574293,
1541044800,578274,1
1543640400,582876,2
1546318800,586480,3
1548997200,590933,4
1551416400,595382,5
1554091200,600636,6
1556683200,605497,7
1559361600,610415,8
1561953600,615072,9
1564632000,619912,10
1567310400,624632,11
1569902400,629485,12
1572580800,634242,13
1575176400,639018,14
1577854800,643770,15
1580533200,648666,16
1583038800,653134,17
1585713600,658495,18
1588305600,663865,19
1590984000,669477,20
1593576000,674563,21
1596254400,679835,22
1598932800,684970,23
1601524800,690237,24
1604203200,695966,25
1606798800,702427,26
