1512104400,481021,
1514782800,483915,
1517461200,487520,
1519880400,490845,
1522555200,494668,
1525147200,498422,
1527825600,502351,1
1530417600,506543,2
1533096000,510896,3
1535774400,515079,4
1538366400,519317,5
1541044800,523482,6
1543640400,528204,7
1546318800,531949,8
1548997200,536557,9
1551416400,541129,10
1554091200,546518,11
1556683200,551466,12
1559361600,556473,13
1561953600,561204,14
1564632000,566148,15
1567310400,570945,16
1569902400,575866,17
1572580800,580702,18
1575176400,585546,19
1577854800,590355,20
1580533200,595307,21
1583038800,599830,22
1585713600,605237,23
1588305600,610637,24
1590984000,616280,25
1593576000,621408,26
1596254400,626719,27
1598932800,631900,28
1601524800,637205,29
1604203200,642957,30
1606798800,649453,31
