1483246800,325293,
1485925200,327323,
1488344400,330002,
1491019200,333041,
1493611200,336074,
1496289600,339216,
1498881600,342818,1
1501560000,346353,2
1504238400,349839,3
1506830400,353015,4
1509508800,356880,5
1512104400,360610,6
1514782800,364382,7
1517461200,368757,8
1519880400,372561,9
1522555200,376930,10
1525147200,381098,11
1527825600,385403,12
1530417600,389939,13
1533096000,394635,14
1535774400,399124,15
1538366400,403630,16
1541044800,408036,17
1543640400,413034,18
1546318800,417022,19
1548997200,421844,20
1551416400,426613,21
1554091200,432155,22
1556683200,437289,23
1559361600,442472,24
1561953600,447319,25
1564632000,452431,26
1567310400,457363,27
1569902400,462412,28
1572580800,467341,29
1575176400,472282,30
1577854800,477194,31
1580533200,482235,32
1583038800,486838,33
1585713600,492339,34
1588305600,497830,35
1590984000,503544,36
1593576000,508775,37
1596254400,514184,38
1598932800,519421,39
1601524800,524801,40
1604203200,530624,41
1606798800,537171,42
