1406865600,69812,
1409544000,70991,
1412136000,72209,
1414814400,73557,
1417410000,74959,
1420088400,29892,
1422766800,31621,0
1425186000,33408,0
1427860800,35389,0
1430452800,37208,0
1433131200,18586,0
1435723200,19306,0
1438401600,20341,0
1441080000,21316,0
1443672000,22224,0
1446350400,23197,1
1448946000,24173,2
1451624400,25209,3
1454302800,26192,4
1456808400,27302,5
1459483200,28385,6
1462075200,29191,7
1464753600,30341,8
1467345600,31456,9
1470024000,32616,10
1472702400,40745,0
1475294400,41977,0
1477972800,43421,0
1480568400,44788,0
1483246800,46139,0
1485925200,47554,1
1488344400,49075,2
1491019200,50741,3
1493611200,52350,4
1496289600,53945,5
1498881600,55616,6
1501560000,57317,7
1504238400,58930,8
1506830400,60433,9
1509508800,62235,10
1512104400,63972,11
1514782800,65630,12
1517461200,67612,13
1519880400,69341,14
1522555200,71315,15
1525147200,73313,16
1527825600,75249,17
1530417600,77151,18
1533096000,79063,19
1535774400,81505,20
1538366400,83395,21
1541044800,85265,22
1543640400,87479,23
1546318800,89229,24
1548997200,91281,25
1551416400,93335,26
1554091200,95639,27
1556683200,97722,28
1559361600,100049,29
1561953600,102028,30
1564632000,104121,31
1567310400,106115,32
1569902400,108356,33
1572580800,110429,34
1575176400,112454,35
1577854800,114591,36
1580533200,116658,37
1583038800,118628,38
1585713600,120858,39
1588305600,123115,40
1590984000,125537,41
1593576000,127477,42
1596254400,129593,43
1598932800,131696,44
1601524800,133761,45
1604203200,136585,46
1606798800,140191,47
