1459483200,217486,
1462075200,219780,
1464753600,222251,
1467345600,224499,
1470024000,227193,
1472702400,229944,
1475294400,232698,1
1477972800,235646,2
1480568400,238353,3
1483246800,241265,4
1485925200,244104,5
1488344400,247324,6
1491019200,250842,7
1493611200,254274,8
1496289600,257803,9
1498881600,261744,10
1501560000,265628,11
1504238400,269342,12
1506830400,272770,13
1509508800,276890,14
1512104400,280827,15
1514782800,284814,16
1517461200,289432,17
1519880400,293387,18
1522555200,297920,19
1525147200,302272,20
1527825600,306739,21
1530417600,311378,22
1533096000,316310,23
1535774400,320937,24
1538366400,325550,25
1541044800,330067,26
1543640400,335196,27
1546318800,339269,28
1548997200,344182,29
1551416400,349076,30
1554091200,354699,31
1556683200,359900,32
1559361600,365176,33
1561953600,370059,34
1564632000,375234,35
1567310400,380234,36
1569902400,385325,37
1572580800,390305,38
1575176400,395294,39
1577854800,400257,40
1580533200,405347,41
1583038800,409986,42
1585713600,415521,43
1588305600,421060,44
1590984000,426818,45
1593576000,432094,46
1596254400,437540,47
1598932800,442827,48
1601524800,448248,49
1604203200,454102,50
1606798800,460689,51
