1409544000,73114,
1412136000,74290,
1414814400,75609,
1417410000,76990,
1420088400,78299,
1422766800,79889,
1425186000,81429,1
1427860800,83073,2
1430452800,84766,3
1433131200,86718,4
1435723200,88637,5
1438401600,90979,6
1441080000,93376,7
1443672000,95900,8
1446350400,98404,9
1448946000,101086,10
1451624400,104043,11
1454302800,106907,12
1456808400,109803,13
1459483200,113300,14
1462075200,116496,15
1464753600,119687,16
1467345600,122498,17
1470024000,125638,18
1472702400,128892,19
1475294400,132054,20
1477972800,135373,21
1480568400,138410,22
1483246800,141618,23
1485925200,144675,24
1488344400,148180,25
1491019200,151993,26
1493611200,155694,27
1496289600,159477,28
1498881600,163661,29
1501560000,167761,30
1504238400,171706,31
1506830400,175309,32
1509508800,179680,33
1512104400,183782,34
1514782800,187936,35
1517461200,192735,36
1519880400,196811,37
1522555200,201461,38
1525147200,205922,39
1527825600,210496,40
1530417600,215267,41
1533096000,220316,42
1535774400,225061,43
1538366400,229753,44
1541044800,234378,45
1543640400,239613,46
1546318800,243764,47
1548997200,248732,48
1551416400,253683,49
1554091200,259379,50
1556683200,264626,51
1559361600,269953,52
1561953600,274874,53
1564632000,280096,54
1567310400,285164,55
1569902400,290308,56
1572580800,295322,57
1575176400,300354,58
1577854800,305345,59
1580533200,310483,60
1583038800,315147,61
1585713600,320722,62
1588305600,326292,63
1590984000,332090,64
1593576000,337400,65
1596254400,342881,66
1598932800,348212,67
1601524800,353671,68
1604203200,359556,69
1606798800,366173,70
