1519880400,531060,
1522555200,534315,
1525147200,537791,
1527825600,541475,
1530417600,545505,
1533096000,549659,
1535774400,553694,1
1538366400,557772,2
1541044800,561793,3
1543640400,566453,4
1546318800,570103,5
1548997200,574607,6
1551416400,579099,7
1554091200,584391,8
1556683200,589281,9
1559361600,594225,10
1561953600,598893,11
1564632000,603765,12
1567310400,608509,13
1569902400,613390,14
1572580800,618180,15
1575176400,622993,16
1577854800,627763,17
1580533200,632682,18
1583038800,637161,19
1585713600,642541,20
1588305600,647920,21
1590984000,653533,22
1593576000,658638,23
1596254400,663921,24
1598932800,669076,25
1601524800,674352,26
1604203200,680085,27
1606798800,686556,28
