1451624400,27085,
1454302800,28142,
1456808400,29244,
1459483200,30445,
1462075200,31728,
1464753600,32915,
1467345600,33997,1
1470024000,35148,2
1472702400,36320,3
1475294400,37400,4
1477972800,38575,5
1480568400,39756,6
1483246800,40949,7
1485925200,42102,8
1488344400,43419,9
1491019200,44934,10
1493611200,46265,11
1496289600,47602,12
1498881600,49090,13
1501560000,50526,14
1504238400,51971,15
1506830400,53248,16
1509508800,54787,17
1512104400,56195,18
1514782800,57683,19
1517461200,59328,20
1519880400,60831,21
1522555200,62520,22
1525147200,64169,23
1527825600,65841,24
1530417600,67414,25
1533096000,69011,26
1535774400,77191,0
1538366400,78961,0
1541044800,80786,0
1543640400,82821,0
1546318800,84510,0
1548997200,86347,1
1551416400,88294,2
1554091200,90495,3
1556683200,92463,4
1559361600,94665,5
1561953600,96443,6
1564632000,98404,7
1567310400,100256,8
1569902400,102284,9
1572580800,104181,10
1575176400,106135,11
1577854800,108177,12
1580533200,110118,13
1583038800,111934,14
1585713600,114003,15
1588305600,116062,16
1590984000,118367,17
1593576000,120198,18
1596254400,122195,19
1598932800,124178,20
1601524800,126120,21
1604203200,128823,22
1606798800,132282,23
