1551416400,742422,
1554091200,746753,
1556683200,750778,
1559361600,755101,
1561953600,759235,
1564632000,763576,
1567310400,767924,1
1569902400,772406,2
1572580800,776797,3
1575176400,781261,4
1577854800,785760,5
1580533200,790329,6
1583038800,794482,7
1585713600,799494,8
1588305600,804468,9
1590984000,809600,10
1593576000,814389,11
1596254400,819274,12
1598932800,824070,13
1601524800,829019,14
1604203200,833576,15
1606798800,838044,16
1609477200,842674,17
1612155600,847759,18
1614574800,852613,19
1617249600,859971,20
1619841600,866288,21
1622520000,872080,22
1625112000,883361,23
1627790400,888663,24
