1517461200,507231,
1519880400,510385,
1522555200,514071,
1525147200,517701,
1527825600,521536,
1530417600,525660,
1533096000,529927,1
1535774400,534040,2
1538366400,538218,3
1541044800,542303,4
1543640400,547023,5
1546318800,550715,6
1548997200,555265,7
1551416400,559802,8
1554091200,565139,9
1556683200,570063,10
1559361600,575035,11
1561953600,579742,12
1564632000,584652,13
1567310400,589424,14
1569902400,594330,15
1572580800,599135,16
1575176400,603955,17
1577854800,608746,18
1580533200,613680,19
1583038800,618180,20
1585713600,623571,21
1588305600,628963,22
1590984000,634595,23
1593576000,639715,24
1596254400,645010,25
1598932800,650177,26
1601524800,655464,27
1604203200,661208,28
1606798800,667689,29
