1351742400,12384,
1354338000,12695,
1357016400,13006,
1359694800,13483,
1362114000,13930,
1364788800,14618,
1367380800,15260,1
1370059200,15868,2
1372651200,16610,3
1375329600,17353,4
1378008000,18025,5
1380600000,18907,6
1383278400,19689,7
1385874000,20619,8
1388552400,21617,9
1391230800,22760,10
1393650000,23799,11
1396324800,25133,12
1398916800,26382,13
1401595200,27801,14
1404187200,29212,15
1406865600,30586,16
1409544000,32251,17
1412136000,33804,18
1414814400,35454,19
1417410000,37108,20
1420088400,38641,21
1422766800,40506,22
1425186000,42268,23
1427860800,44134,24
1430452800,45986,25
1433131200,48149,26
1435723200,50220,27
1438401600,52733,28
1441080000,55271,29
1443672000,57950,30
1446350400,60609,31
1448946000,63425,32
1451624400,66492,33
1454302800,69464,34
1456808400,72466,35
1459483200,76010,36
1462075200,79310,37
1464753600,82584,38
1467345600,85461,39
1470024000,88689,40
1472702400,92028,41
1475294400,95268,42
1477972800,98654,43
1480568400,101759,44
1483246800,105018,45
1485925200,108113,46
1488344400,111673,47
1491019200,115543,48
1493611200,119286,49
1496289600,123112,50
1498881600,127330,51
1501560000,131488,52
1504238400,135493,53
1506830400,139117,54
1509508800,143589,55
1512104400,147730,56
1514782800,151919,57
1517461200,156745,58
1519880400,160851,59
1522555200,165507,60
1525147200,170012,61
1527825600,174611,62
1530417600,179404,63
1533096000,184482,64
1535774400,189255,65
1538366400,193961,66
1541044800,198606,67
1543640400,203842,68
1546318800,208005,69
1548997200,212991,70
1551416400,217954,71
1554091200,223670,72
1556683200,228925,73
1559361600,234264,74
1561953600,239201,75
1564632000,244443,76
1567310400,249522,77
1569902400,254669,78
1572580800,259697,79
1575176400,264742,80
1577854800,269753,81
1580533200,274904,82
1583038800,279574,83
1585713600,285151,84
1588305600,290736,85
1590984000,296539,86
1593576000,301857,87
1596254400,307350,88
1598932800,312684,89
1601524800,318152,90
1604203200,324049,91
1606798800,330676,92
