1498881600,398501,
1501560000,401512,
1504238400,404644,
1506830400,407571,
1509508800,411079,
1512104400,414579,
1514782800,418129,1
1517461200,422248,2
1519880400,425897,3
1522555200,143630,0
1525147200,147555,0
1527825600,151430,0
1530417600,155683,0
1533096000,159788,0
1535774400,164883,1
1538366400,168872,2
1541044800,173027,3
1543640400,177563,4
1546318800,181203,5
1548997200,185578,6
1551416400,189939,7
1554091200,194821,8
1556683200,199562,9
1559361600,204326,10
1561953600,208553,11
1564632000,213080,12
1567310400,217653,13
1569902400,222252,14
1572580800,226543,15
1575176400,230867,16
1577854800,235130,17
1580533200,239661,18
1583038800,243781,19
1585713600,248528,20
1588305600,253425,21
1590984000,258527,22
1593576000,262966,23
1596254400,267674,24
1598932800,272200,25
1601524800,276621,26
1604203200,281885,27
1606798800,287658,28
