1378008000,31392,
1380600000,32012,
1383278400,32637,
1385874000,13269,
1388552400,14303,
1391230800,15476,
1393650000,16555,0
1396324800,17844,0
1398916800,19147,1
1401595200,20602,2
1404187200,22039,3
1406865600,23438,4
1409544000,21177,0
1412136000,22362,0
1414814400,23660,0
1417410000,24938,0
1420088400,26158,0
1422766800,28053,1
1425186000,29448,2
1427860800,30869,3
1430452800,32356,4
1433131200,33923,5
1435723200,35505,6
1438401600,37386,7
1441080000,39323,8
1443672000,41274,9
1446350400,43282,10
1448946000,45235,11
1451624400,47417,12
1454302800,49451,13
1456808400,51517,14
1459483200,53961,15
1462075200,56234,16
1464753600,58539,17
1467345600,60638,18
1470024000,62807,19
1472702400,65041,20
1475294400,67290,21
1477972800,69588,22
1480568400,71718,23
1483246800,73835,24
1485925200,76044,25
1488344400,78685,26
1491019200,81427,27
1493611200,83936,28
1496289600,86568,29
1498881600,89318,30
1501560000,92034,31
1504238400,94671,32
1506830400,97061,33
1509508800,99833,34
1512104400,102610,35
1514782800,105342,36
1517461200,108592,37
1519880400,111359,38
1522555200,114376,39
1525147200,117373,40
1527825600,120404,41
1530417600,123582,42
1533096000,126749,43
1535774400,133629,44
1538366400,136811,45
1541044800,140030,46
1543640400,143579,47
1546318800,146460,48
1548997200,149955,49
1551416400,153318,50
1554091200,157158,51
1556683200,160738,52
1559361600,164472,53
1561953600,167988,54
1564632000,171441,55
1567310400,174915,56
1569902400,178564,57
1572580800,181995,58
1575176400,185253,59
1577854800,188652,60
1580533200,192164,61
1583038800,195722,62
1585713600,199434,63
1588305600,203516,64
1590984000,207775,65
1593576000,211231,66
1596254400,214449,67
1598932800,218021,68
1601524800,221454,69
1604203200,225641,70
1606798800,230655,71
