1480568400,307756,
1483246800,309979,
1485925200,312401,
1488344400,315277,
1491019200,318465,
1493611200,321615,
1496289600,324844,1
1498881600,105991,0
1501560000,109354,0
1504238400,112596,0
1506830400,115581,0
1509508800,119078,0
1512104400,122505,1
1514782800,125925,2
1517461200,129844,3
1519880400,133230,4
1522555200,136927,5
1525147200,140595,6
1527825600,144298,7
1530417600,148262,8
1533096000,152181,9
1535774400,129876,0
1538366400,132926,0
1541044800,135946,0
1543640400,139536,0
1546318800,142266,0
1548997200,145629,1
1551416400,148889,2
1554091200,152597,3
1556683200,156102,4
1559361600,159742,5
1561953600,163071,6
1564632000,166407,7
1567310400,169726,8
1569902400,173265,9
1572580800,176588,10
1575176400,179702,11
1577854800,183016,12
1580533200,186420,13
1583038800,189525,14
1585713600,193092,15
1588305600,196969,16
1590984000,200645,17
1593576000,203919,18
1596254400,207415,19
1598932800,210850,20
1601524800,214143,21
1604203200,218148,22
1606798800,223015,23
