1443672000,15477,
1446350400,13499,
1448946000,15613,
1451624400,14899,
1454302800,15568,
1456808400,16135,
1459483200,16831,0
1462075200,17861,0
1464753600,15024,0
1467345600,15577,0
1470024000,16072,0
1472702400,16603,0
1475294400,17127,0
1477972800,13997,0
1480568400,13616,0
1483246800,14006,0
1485925200,14375,0
1488344400,14827,0
1491019200,15352,0
1493611200,15611,1
1496289600,20629,0
1498881600,20184,0
1501560000,20729,0
1504238400,21279,0
1506830400,21762,0
1509508800,22470,0
1512104400,23081,1
1514782800,23691,2
1517461200,24350,3
1519880400,24986,4
1522555200,25605,5
1525147200,26259,6
1527825600,26965,7
1530417600,27696,8
1533096000,28249,9
1535774400,28739,10
1538366400,29436,11
1541044800,30058,12
1543640400,30778,13
1546318800,31410,14
1548997200,32131,15
1551416400,32866,16
1554091200,33638,17
1556683200,34408,18
1559361600,35205,19
1561953600,35833,20
1564632000,36578,21
1567310400,37285,22
1569902400,38031,23
1572580800,38744,24
1575176400,39483,25
1577854800,40224,26
1580533200,40944,27
1583038800,41608,28
1585713600,42347,29
1588305600,43151,30
1590984000,43979,31
1593576000,44645,32
1596254400,45369,33
1598932800,46046,34
1601524800,46742,35
1604203200,47395,36
1606798800,48033,37
