1425186000,107111,
1427860800,108362,
1430452800,109810,
1433131200,111500,
1435723200,113213,
1438401600,115364,
1441080000,117578,1
1443672000,119897,2
1446350400,122261,3
1448946000,124779,4
1451624400,127613,5
1454302800,130361,6
1456808400,133138,7
1459483200,136565,8
1462075200,139650,9
1464753600,142744,10
1467345600,145488,11
1470024000,148553,12
1472702400,151719,13
1475294400,154818,14
1477972800,158082,15
1480568400,161055,16
1483246800,164209,17
1485925200,167212,18
1488344400,170666,19
1491019200,174439,20
1493611200,178093,21
1496289600,181834,22
1498881600,185961,23
1501560000,190027,24
1504238400,193931,25
1506830400,197492,26
1509508800,201830,27
1512104400,205901,28
1514782800,210034,29
1517461200,214813,30
1519880400,218864,31
1522555200,223494,32
1525147200,227936,33
1527825600,232491,34
1530417600,237238,35
1533096000,242270,36
1535774400,246992,37
1538366400,251670,38
1541044800,256277,39
1543640400,261490,40
1546318800,265626,41
1548997200,270584,42
1551416400,275526,43
1554091200,281211,44
1556683200,286450,45
1559361600,291770,46
1561953600,296676,47
1564632000,301889,48
1567310400,306939,49
1569902400,312072,50
1572580800,317077,51
1575176400,322097,52
1577854800,327083,53
1580533200,332211,54
1583038800,336869,55
1585713600,342443,56
1588305600,348006,57
1590984000,353799,58
1593576000,359104,59
1596254400,364578,60
1598932800,369898,61
1601524800,375349,62
1604203200,381226,63
1606798800,387840,64
