1554091200,758119,
1556683200,761998,
1559361600,766224,
1561953600,770299,
1564632000,774561,
1567310400,778861,
1569902400,783307,1
1572580800,787673,2
1575176400,792108,3
1577854800,796568,4
1580533200,801125,5
1583038800,805264,6
1585713600,810247,7
1588305600,815190,8
1590984000,820303,9
1593576000,825072,10
1596254400,829947,11
1598932800,834732,12
1601524800,839667,13
1604203200,844204,14
1606798800,848660,15
1609477200,853284,16
1612155600,858361,17
1614574800,863207,18
1617249600,870557,19
1619841600,876862,20
1622520000,882650,21
1625112000,893914,22
