1472702400,271975,
1475294400,274282,
1477972800,276819,
1480568400,279219,
1483246800,281858,
1485925200,284515,
1488344400,287581,1
1491019200,290926,2
1493611200,294225,3
1496289600,297584,4
1498881600,301390,5
1501560000,305124,6
1504238400,308744,7
1506830400,312067,8
1509508800,316084,9
1512104400,319938,10
1514782800,323838,11
1517461200,328367,12
1519880400,332263,13
1522555200,336727,14
1525147200,341002,15
1527825600,345393,16
1530417600,349975,17
1533096000,354788,18
1535774400,359349,19
1538366400,363920,20
1541044800,368381,21
1543640400,373454,22
1546318800,377491,23
1548997200,382365,24
1551416400,387181,25
1554091200,392769,26
1556683200,397937,27
1559361600,403179,28
1561953600,408032,29
1564632000,413178,30
1567310400,418150,31
1569902400,423224,32
1572580800,428182,33
1575176400,433151,34
1577854800,438081,35
1580533200,443150,36
1583038800,447770,37
1585713600,453292,38
1588305600,458809,39
1590984000,464548,40
1593576000,469799,41
1596254400,475227,42
1598932800,480490,43
1601524800,485893,44
1604203200,491737,45
1606798800,498311,46
