1470024000,258272,
1472702400,260667,
1475294400,263150,
1477972800,265851,
1480568400,268333,
1483246800,271066,
1485925200,273771,1
1488344400,276879,2
1491019200,280271,3
1493611200,283624,4
1496289600,287034,5
1498881600,290879,6
1501560000,294667,7
1504238400,298318,8
1506830400,301661,9
1509508800,305706,10
1512104400,309583,11
1514782800,313508,12
1517461200,318061,13
1519880400,321965,14
1522555200,326453,15
1525147200,330752,16
1527825600,335168,17
1530417600,339772,18
1533096000,344602,19
1535774400,349188,20
1538366400,353772,21
1541044800,358247,22
1543640400,363339,23
1546318800,367386,24
1548997200,372269,25
1551416400,377114,26
1554091200,382716,27
1556683200,387896,28
1559361600,393143,29
1561953600,398008,30
1564632000,403160,31
1567310400,408146,32
1569902400,413220,33
1572580800,418186,34
1575176400,423162,35
1577854800,428108,36
1580533200,433182,37
1583038800,437805,38
1585713600,443332,39
1588305600,448858,40
1590984000,454598,41
1593576000,459858,42
1596254400,465295,43
1598932800,470565,44
1601524800,475975,45
1604203200,481819,46
1606798800,488395,47
