1433131200,41260,
1435723200,43352,
1438401600,45881,
1441080000,48439,
1443672000,51139,
1446350400,53819,
1448946000,56658,1
1451624400,59739,2
1454302800,62721,3
1456808400,65734,4
1459483200,69282,5
1462075200,72031,6
1464753600,75243,7
1467345600,78105,8
1470024000,81274,9
1472702400,84579,10
1475294400,87785,11
1477972800,91154,12
1480568400,94183,13
1483246800,97419,14
1485925200,100493,15
1488344400,104009,16
1491019200,107840,17
1493611200,111529,18
1496289600,115362,19
1498881600,119406,20
1501560000,123498,21
1504238400,127418,22
1506830400,130935,23
1509508800,135183,24
1512104400,139326,25
1514782800,143517,26
1517461200,148231,27
1519880400,152259,28
1522555200,156883,29
1525147200,161285,30
1527825600,165738,31
1530417600,170508,32
1533096000,175193,33
1535774400,179772,34
1538366400,184423,35
1541044800,188991,36
1543640400,194037,37
1546318800,198090,38
1548997200,202983,39
1551416400,207776,40
1554091200,213334,41
1556683200,79634,0
1559361600,81547,0
1561953600,83299,0
1564632000,84716,0
1567310400,86323,0
1569902400,89440,1
1572580800,94042,0
1575176400,95774,1
1577854800,96646,2
1580533200,98336,0
1583038800,98465,0
1585713600,81984,0
1588305600,83600,0
1590984000,83318,0
1593576000,105828,0
1596254400,109314,0
1598932800,111092,0
1601524800,119852,0
1604203200,122440,0
1606798800,125807,1
