1551416400,747937,
1554091200,752089,
1556683200,756055,
1559361600,760324,
1561953600,764426,
1564632000,768733,
1567310400,773061,1
1569902400,777525,2
1572580800,781905,3
1575176400,786358,4
1577854800,790836,5
1580533200,795401,6
1583038800,799552,7
1585713600,804552,8
1588305600,809504,9
1590984000,814630,10
1593576000,819410,11
1596254400,824286,12
1598932800,829075,13
1601524800,834018,14
1604203200,838568,15
1606798800,843033,16
1609477200,847662,17
1612155600,852744,18
1614574800,857598,19
1617249600,864952,20
1619841600,871266,21
1622520000,877058,22
1625112000,888332,23
1627790400,893635,24
