1509508800,457547,
1512104400,460624,
1514782800,463868,
1517461200,467685,
1519880400,471134,
1522555200,475100,
1525147200,129984,0
1527825600,145297,0
1530417600,149305,0
1533096000,153180,0
1535774400,72548,0
1538366400,74227,0
1541044800,75941,0
1543640400,77872,0
1546318800,79488,0
1548997200,81355,1
1551416400,83222,2
1554091200,71645,0
1556683200,63689,0
1559361600,64445,0
1561953600,66236,0
1564632000,67613,0
1567310400,68880,0
1569902400,70278,1
1572580800,71595,2
1575176400,72931,3
1577854800,74355,4
1580533200,75607,5
1583038800,76886,6
1585713600,78310,7
1588305600,79861,8
1590984000,81497,9
1593576000,82837,10
1596254400,84186,11
1598932800,85510,12
1601524800,86888,13
1604203200,88661,14
1606798800,90947,15
