1533096000,612940,
1535774400,616427,
1538366400,620158,
1541044800,623983,
1543640400,628392,
1546318800,631870,
1548997200,636179,1
1551416400,640454,2
1554091200,645591,3
1556683200,650316,4
1559361600,655135,5
1561953600,659706,6
1564632000,664454,7
1567310400,669085,8
1569902400,673851,9
1572580800,678523,10
1575176400,683214,11
1577854800,687907,12
1580533200,692749,13
1583038800,697174,14
1585713600,702483,15
1588305600,707790,16
1590984000,713352,17
1593576000,718402,18
1596254400,723643,19
1598932800,728753,20
1601524800,733989,21
1604203200,739680,22
1606798800,746097,23
