1414814400,9921,
1417410000,10373,
1420088400,10905,
1422766800,11474,
1425186000,12029,
1427860800,12540,
1430452800,13117,1
1433131200,13702,2
1435723200,14314,3
1438401600,13606,0
1441080000,13102,0
1443672000,13785,0
1446350400,14474,0
1448946000,15103,0
1451624400,15838,0
1454302800,16527,1
1456808400,16787,2
1459483200,17725,3
1462075200,18775,4
1464753600,19707,5
1467345600,20925,6
1470024000,21798,7
1472702400,22611,8
1475294400,22581,9
1477972800,23376,0
1480568400,24074,1
1483246800,24825,2
1485925200,25592,3
1488344400,26383,4
1491019200,27274,5
1493611200,28133,6
1496289600,28957,7
1498881600,29973,8
1501560000,30914,9
1504238400,31875,10
1506830400,32674,11
1509508800,33654,12
1512104400,34613,13
1514782800,35655,14
1517461200,33425,0
1519880400,34371,0
1522555200,35321,0
1525147200,36415,0
1527825600,37389,0
1530417600,38282,1
1533096000,39147,2
1535774400,45359,0
1538366400,46399,0
1541044800,47424,0
1543640400,48609,0
1546318800,49711,0
1548997200,50859,1
1551416400,52174,2
1554091200,53494,3
1556683200,54730,4
1559361600,55990,5
1561953600,57111,6
1564632000,58277,7
1567310400,59423,8
1569902400,60655,9
1572580800,61750,10
1575176400,62921,11
1577854800,64172,12
1580533200,65263,13
1583038800,66295,14
1585713600,67530,15
1588305600,68832,16
1590984000,70232,17
1593576000,71337,18
1596254400,72485,19
1598932800,73663,20
1601524800,74818,21
1604203200,76468,22
1606798800,78566,23
