1491019200,358939,
1493611200,361619,
1496289600,364534,
1498881600,367934,
1501560000,371298,
1504238400,374658,
1506830400,377732,1
1509508800,381466,2
1512104400,385103,3
1514782800,388766,4
1517461200,393054,5
1519880400,396787,6
1522555200,401097,7
1525147200,405201,8
1527825600,409440,9
1530417600,413911,10
1533096000,418539,11
1535774400,422961,12
1538366400,427435,13
1541044800,431775,14
1543640400,436716,15
1546318800,440634,16
1548997200,445429,17
1551416400,450161,18
1554091200,455672,19
1556683200,460772,20
1559361600,465935,21
1561953600,470766,22
1564632000,475856,23
1567310400,480761,24
1569902400,485791,25
1572580800,490696,26
1575176400,495615,27
1577854800,500508,28
1580533200,505535,29
1583038800,510124,30
1585713600,515606,31
1588305600,521080,32
1590984000,526780,33
1593576000,531995,34
1596254400,537388,35
1598932800,542617,36
1601524800,547984,37
1604203200,553792,38
1606798800,560327,39
