1541044800,668974,
1543640400,672928,
1546318800,676348,
1548997200,680450,
1551416400,684533,
1554091200,689430,
1556683200,694025,1
1559361600,698715,2
1561953600,703147,3
1564632000,707764,4
1567310400,712304,5
1569902400,716989,6
1572580800,721567,7
1575176400,726221,8
1577854800,730848,9
1580533200,735615,10
1583038800,739971,11
1585713600,745216,12
1588305600,750455,13
1590984000,755941,14
1593576000,760939,15
1596254400,766129,16
1598932800,771197,17
1601524800,776398,18
1604203200,782054,19
1606798800,788431,20
