1430452800,117743,
1433131200,119288,
1435723200,120896,
1438401600,122955,
1441080000,125104,
1443672000,127366,
1446350400,129680,1
1448946000,132143,2
1451624400,134928,3
1454302800,137618,4
1456808400,140366,5
1459483200,143744,6
1462075200,146798,7
1464753600,149855,8
1467345600,152579,9
1470024000,155613,10
1472702400,158741,11
1475294400,161820,12
1477972800,165075,13
1480568400,168029,14
1483246800,171168,15
1485925200,174149,16
1488344400,177580,17
1491019200,181336,18
1493611200,184972,19
1496289600,188691,20
1498881600,192807,21
1501560000,196856,22
1504238400,200749,23
1506830400,204307,24
1509508800,208628,25
1512104400,212693,26
1514782800,216817,27
1517461200,221587,28
1519880400,225635,29
1522555200,230256,30
1525147200,234689,31
1527825600,239239,32
1530417600,243968,33
1533096000,248991,34
1535774400,253704,35
1538366400,258375,36
1541044800,262976,37
1543640400,268188,38
1546318800,272317,39
1548997200,277271,40
1551416400,282207,41
1554091200,287888,42
1556683200,293123,43
1559361600,298438,44
1561953600,303339,45
1564632000,308548,46
1567310400,313591,47
1569902400,318720,48
1572580800,323723,49
1575176400,328734,50
1577854800,333719,51
1580533200,338841,52
1583038800,343497,53
1585713600,349070,54
1588305600,354628,55
1590984000,360418,56
1593576000,365722,57
1596254400,371195,58
1598932800,376514,59
1601524800,381964,60
1604203200,387837,61
1606798800,394449,62
