1556683200,776741,
1559361600,780829,
1561953600,784818,
1564632000,789019,
1567310400,793252,
1569902400,797678,
1572580800,801975,1
1575176400,806383,2
1577854800,810812,3
1580533200,815339,4
1583038800,819455,5
1585713600,824412,6
1588305600,829321,7
1590984000,834433,8
1593576000,839189,9
1596254400,844028,10
1598932800,848793,11
1601524800,853701,12
1604203200,858221,13
1606798800,862661,14
1609477200,867275,15
1612155600,872346,16
1614574800,877176,17
1617249600,884515,18
1619841600,890806,19
1622520000,896590,20
1625112000,907837,21
1627790400,913123,22
