1493611200,375859,
1496289600,378455,
1498881600,381686,
1501560000,384917,
1504238400,388203,
1506830400,391210,
1509508800,394856,1
1512104400,398431,2
1514782800,402041,3
1517461200,406241,4
1519880400,409952,5
1522555200,414208,6
1525147200,418270,7
1527825600,422475,8
1530417600,426917,9
1533096000,431514,10
1535774400,435897,11
1538366400,440351,12
1541044800,444682,13
1543640400,449595,14
1546318800,453488,15
1548997200,458263,16
1551416400,462972,17
1554091200,468468,18
1556683200,473547,19
1559361600,478695,20
1561953600,483509,21
1564632000,488579,22
1567310400,493464,23
1569902400,498483,24
1572580800,503378,25
1575176400,508286,26
1577854800,513170,27
1580533200,518183,28
1583038800,522767,29
1585713600,528236,30
1588305600,533696,31
1590984000,539385,32
1593576000,544588,33
1596254400,549967,34
1598932800,555194,35
1601524800,560551,36
1604203200,566353,37
1606798800,572884,38
