1504238400,429217,
1506830400,431882,
1509508800,435190,
1512104400,438536,
1514782800,441957,
1517461200,445962,
1519880400,449532,1
1522555200,453625,2
1525147200,457552,3
1527825600,461638,4
1530417600,465971,5
1533096000,470465,6
1535774400,474750,7
1538366400,479130,8
1541044800,483384,9
1543640400,488197,10
1546318800,492023,11
1548997200,496723,12
1551416400,501362,13
1554091200,506807,14
1556683200,511830,15
1559361600,516920,16
1561953600,521701,17
1564632000,526729,18
1567310400,531579,19
1569902400,536555,20
1572580800,541410,21
1575176400,546275,22
1577854800,551114,23
1580533200,556099,24
1583038800,560653,25
1585713600,566095,26
1588305600,571526,27
1590984000,577202,28
1593576000,582372,29
1596254400,587725,30
1598932800,592929,31
1601524800,598265,32
1604203200,604043,33
1606798800,610562,34
