1548997200,731579,
1551416400,734948,
1554091200,739418,
1556683200,743510,
1559361600,747873,
1561953600,752048,
1564632000,756425,1
1567310400,760792,2
1569902400,765286,3
1572580800,105855,
1575176400,107764,
1577854800,109754,
1580533200,111645,
1583038800,113382,
1585713600,115363,1
1588305600,117327,2
1590984000,119573,3
1593576000,121382,4
1596254400,123299,5
1598932800,125221,6
1601524800,127059,7
1604203200,128852,8
1606798800,130540,9
1609477200,132384,10
1612155600,134448,11
1614574800,136347,12
1617249600,140230,13
1619841600,143194,14
1622520000,145742,15
1625112000,150186,16
1627790400,152487,17
