1448946000,174104,
1451624400,176333,
1454302800,178601,
1456808400,181015,
1459483200,184101,
1462075200,186934,
1464753600,189749,1
1467345600,192268,2
1470024000,195140,3
1472702400,198066,4
1475294400,200974,5
1477972800,204074,6
1480568400,206913,7
1483246800,209933,8
1485925200,212828,9
1488344400,216157,10
1491019200,219778,11
1493611200,223312,12
1496289600,226946,13
1498881600,230981,14
1501560000,234959,15
1504238400,238768,16
1506830400,242258,17
1509508800,246461,18
1512104400,250464,19
1514782800,254512,20
1517461200,259210,21
1519880400,263209,22
1522555200,267775,23
1525147200,272175,24
1527825600,276681,25
1530417600,281367,26
1533096000,286343,27
1535774400,291014,28
1538366400,295651,29
1541044800,300210,30
1543640400,305379,31
1546318800,309483,32
1548997200,314415,33
1551416400,319335,34
1554091200,324980,35
1556683200,330195,36
1559361600,335489,37
1561953600,340389,38
1564632000,345580,39
1567310400,350601,40
1569902400,355715,41
1572580800,360702,42
1575176400,365701,43
1577854800,370670,44
1580533200,375776,45
1583038800,380426,46
1585713600,385981,47
1588305600,391533,48
1590984000,397312,49
1593576000,402605,50
1596254400,408067,51
1598932800,413370,52
1601524800,418802,53
1604203200,424661,54
1606798800,431259,55
