1464753600,58297,
1467345600,60355,
1470024000,62527,
1472702400,64697,
1475294400,66842,
1477972800,69113,
1480568400,71220,1
1483246800,73302,2
1485925200,75458,3
1488344400,77980,4
1491019200,80639,5
1493611200,83101,6
1496289600,85701,7
1498881600,88361,8
1501560000,91068,9
1504238400,93630,10
1506830400,95945,11
1509508800,98633,12
1512104400,101359,13
1514782800,103995,14
1517461200,107210,15
1519880400,109902,16
1522555200,112828,17
1525147200,115790,18
1527825600,118758,19
1530417600,121881,20
1533096000,124936,21
1535774400,131872,22
1538366400,134946,23
1541044800,115968,0
1543640400,119022,0
1546318800,121415,0
1548997200,124242,0
1551416400,127010,0
1554091200,130189,1
1556683200,133160,2
1559361600,136251,3
1561953600,139010,4
1564632000,141863,5
1567310400,144690,6
1569902400,147720,7
1572580800,405185,0
1575176400,410169,0
1577854800,415121,0
1580533200,420206,0
1583038800,424840,0
1585713600,430370,1
1588305600,435903,2
1590984000,441649,3
1593576000,446917,4
1596254400,452356,5
1598932800,457630,6
1601524800,463042,7
1604203200,468891,8
1606798800,475475,9
