1491019200,358633,
1493611200,361320,
1496289600,364241,
1498881600,367644,
1501560000,371013,
1504238400,374375,
1506830400,377450,1
1509508800,381188,2
1512104400,384825,3
1514782800,388489,4
1517461200,392778,5
1519880400,396512,6
1522555200,400824,7
1525147200,404929,8
1527825600,409169,9
1530417600,413641,10
1533096000,418271,11
1535774400,422693,12
1538366400,427168,13
1541044800,431510,14
1543640400,436451,15
1546318800,440372,16
1548997200,445166,17
1551416400,449898,18
1554091200,455409,19
1556683200,460510,20
1559361600,465673,21
1561953600,470505,22
1564632000,475598,23
1567310400,480503,24
1569902400,485532,25
1572580800,490436,26
1575176400,495355,27
1577854800,500249,28
1580533200,505277,29
1583038800,509866,30
1585713600,515348,31
1588305600,520822,32
1590984000,526523,33
1593576000,531739,34
1596254400,537133,35
1598932800,542362,36
1601524800,547730,37
1604203200,553539,38
1606798800,560074,39
