1551416400,735110,
1554091200,739578,
1556683200,743669,
1559361600,748033,
1561953600,752208,
1564632000,756584,
1567310400,760950,1
1569902400,765444,2
1572580800,769840,3
1575176400,774318,4
1577854800,778832,5
1580533200,783410,6
1583038800,787590,7
1585713600,792614,8
1588305600,797601,9
1590984000,802758,10
1593576000,807551,11
1596254400,812447,12
1598932800,817243,13
1601524800,822211,14
1604203200,826777,15
1606798800,831252,16
1609477200,835889,17
1612155600,840974,18
1614574800,845834,19
1617249600,853198,20
1619841600,859508,21
1622520000,865312,22
1625112000,876601,23
