1522555200,550231,
1525147200,553324,
1527825600,556852,
1530417600,560747,
1533096000,564799,
1535774400,568762,
1538366400,572761,1
1541044800,576746,2
1543640400,581355,3
1546318800,584965,4
1548997200,589424,5
1551416400,593880,6
1554091200,599137,7
1556683200,604001,8
1559361600,608922,9
1561953600,613579,10
1564632000,618416,11
1567310400,623137,12
1569902400,627990,13
1572580800,632756,14
1575176400,637535,15
1577854800,642287,16
1580533200,647187,17
1583038800,651657,18
1585713600,657018,19
1588305600,662394,20
1590984000,668007,21
1593576000,673093,22
1596254400,678366,23
1598932800,683500,24
1601524800,688768,25
1604203200,694498,26
1606798800,700960,27
