1470024000,53255,
1472702400,55060,
1475294400,59897,
1477972800,61877,
1480568400,13975,
1483246800,14380,
1485925200,12331,0
1488344400,12712,0
1491019200,13155,0
1493611200,13525,0
1496289600,13910,0
1498881600,14349,1
1501560000,14728,2
1504238400,15102,3
1506830400,15488,4
1509508800,16012,5
1512104400,16425,6
1514782800,16896,7
1517461200,17331,8
1519880400,17800,9
1522555200,18294,10
1525147200,18777,11
1527825600,19181,12
1530417600,19644,13
1533096000,20087,14
1535774400,25502,0
1538366400,26145,0
1541044800,26714,0
1543640400,27350,0
1546318800,27905,0
1548997200,28510,1
1551416400,29223,2
1554091200,29963,3
1556683200,30628,4
1559361600,31316,5
1561953600,31942,6
1564632000,32598,7
1567310400,33252,8
1569902400,33917,9
1572580800,34485,10
1575176400,35133,11
1577854800,35782,12
1580533200,36363,13
1583038800,36958,14
1585713600,37628,15
1588305600,38324,16
1590984000,39085,17
1593576000,39718,18
1596254400,40391,19
1598932800,40993,20
1601524800,41589,21
1604203200,42153,22
1606798800,42707,23
