1433131200,129916,
1435723200,131203,
1438401600,133105,
1441080000,135112,
1443672000,137270,
1446350400,139506,
1448946000,141841,1
1451624400,144537,2
1454302800,147159,3
1456808400,149859,4
1459483200,153191,5
1462075200,156187,6
1464753600,159195,7
1467345600,161867,8
1470024000,164866,9
1472702400,167959,10
1475294400,171001,11
1477972800,174221,12
1480568400,177146,13
1483246800,180255,14
1485925200,183214,15
1488344400,186616,16
1491019200,190345,17
1493611200,193967,18
1496289600,197666,19
1498881600,201768,20
1501560000,205810,21
1504238400,209684,22
1506830400,213230,23
1509508800,217517,24
1512104400,221566,25
1514782800,225676,26
1517461200,230434,27
1519880400,234468,28
1522555200,239075,29
1525147200,243499,30
1527825600,248038,31
1530417600,252763,32
1533096000,257775,33
1535774400,262474,34
1538366400,267139,35
1541044800,271731,36
1543640400,276935,37
1546318800,281053,38
1548997200,286004,39
1551416400,290936,40
1554091200,296606,41
1556683200,301834,42
1559361600,307139,43
1561953600,312042,44
1564632000,317249,45
1567310400,322290,46
1569902400,327417,47
1572580800,332413,48
1575176400,337420,49
1577854800,342402,50
1580533200,347520,51
1583038800,352177,52
1585713600,357746,53
1588305600,363301,54
1590984000,369091,55
1593576000,374394,56
1596254400,379865,57
1598932800,385179,58
1601524800,390628,59
1604203200,396494,60
1606798800,403104,61
