1398916800,8226,
1401595200,8671,
1404187200,9178,
1406865600,9633,
1409544000,10171,
1412136000,10672,
1414814400,11222,1
1417410000,9440,0
1420088400,9955,0
1422766800,10481,0
1425186000,10976,0
1427860800,11436,0
1430452800,11977,1
1433131200,12526,2
1435723200,13058,3
1438401600,13717,4
1441080000,14321,5
1443672000,13874,0
1446350400,16634,0
1448946000,17383,0
1451624400,18212,0
1454302800,18957,0
1456808400,19713,0
1459483200,20581,1
1462075200,21565,2
1464753600,22451,3
1467345600,23215,4
1470024000,23987,5
1472702400,24855,6
1475294400,25585,7
1477972800,26450,8
1480568400,27213,9
1483246800,28034,10
1485925200,28906,11
1488344400,29882,12
1491019200,30897,13
1493611200,31842,14
1496289600,32771,15
1498881600,33894,16
1501560000,34934,17
1504238400,35943,18
1506830400,36802,19
1509508800,37979,20
1512104400,38955,21
1514782800,40061,22
1517461200,41268,23
1519880400,42386,24
1522555200,43545,25
1525147200,44754,26
1527825600,45884,27
1530417600,47015,28
1533096000,48038,29
1535774400,55972,0
1538366400,57276,0
1541044800,58551,0
1543640400,60037,0
1546318800,61355,0
1548997200,62787,1
1551416400,64168,2
1554091200,65720,3
1556683200,67271,4
1559361600,68846,5
1561953600,70231,6
1564632000,71626,7
1567310400,72950,8
1569902400,74419,9
1572580800,75799,10
1575176400,77244,11
1577854800,72848,0
1580533200,74071,0
1583038800,75322,0
1585713600,76725,0
1588305600,78221,0
1590984000,79805,1
1593576000,81126,2
1596254400,82473,3
1598932800,83785,4
1601524800,85155,5
1604203200,86867,6
1606798800,89080,7
