1519880400,527117,
1522555200,530543,
1525147200,534053,
1527825600,537768,
1530417600,541808,
1533096000,545988,
1535774400,550037,1
1538366400,554130,2
1541044800,558156,3
1543640400,562829,4
1546318800,566478,5
1548997200,570991,6
1551416400,575494,7
1554091200,580797,8
1556683200,585692,9
1559361600,590643,10
1561953600,79721,0
1564632000,81313,0
1567310400,82773,0
1569902400,84357,0
1572580800,85850,0
1575176400,87433,1
1577854800,89099,2
1580533200,90596,3
1583038800,92103,4
1585713600,93744,5
1588305600,95372,6
1590984000,97289,7
1593576000,98813,8
1596254400,100353,9
1598932800,101956,10
1601524800,103535,11
1604203200,105545,12
1606798800,107969,13
