1396324800,51247,
1398916800,52207,
1401595200,53331,
1404187200,54549,
1406865600,55718,
1409544000,57173,
1412136000,58562,1
1414814400,60071,2
1417410000,61583,3
1420088400,62996,4
1422766800,64733,5
1425186000,66361,6
1427860800,68122,7
1430452800,69899,8
1433131200,71960,9
1435723200,73947,10
1438401600,76355,11
1441080000,78822,12
1443672000,81416,13
1446350400,83984,14
1448946000,86728,15
1451624400,89733,16
1454302800,92638,17
1456808400,95573,18
1459483200,99116,19
1462075200,102362,20
1464753600,105584,21
1467345600,108425,22
1470024000,111609,23
1472702400,114903,24
1475294400,118110,25
1477972800,121471,26
1480568400,124546,27
1483246800,127773,28
1485925200,130852,29
1488344400,134378,30
1491019200,138223,31
1493611200,141941,32
1496289600,145744,33
1498881600,149942,34
1501560000,154062,35
1504238400,158026,36
1506830400,161640,37
1509508800,166051,38
1512104400,170164,39
1514782800,174330,40
1517461200,179145,41
1519880400,183232,42
1522555200,187893,43
1525147200,192371,44
1527825600,196955,45
1530417600,201738,46
1533096000,206796,47
1535774400,211549,48
1538366400,216244,49
1541044800,220874,50
1543640400,226105,51
1546318800,230265,52
1548997200,235240,53
1551416400,240193,54
1554091200,245895,55
1556683200,251144,56
1559361600,256477,57
1561953600,261406,58
1564632000,266635,59
1567310400,271709,60
1569902400,276857,61
1572580800,281878,62
1575176400,286917,63
1577854800,291917,64
1580533200,297062,65
1583038800,301724,66
1585713600,307295,67
1588305600,312872,68
1590984000,318670,69
1593576000,323983,70
1596254400,329468,71
1598932800,334796,72
1601524800,340259,73
1604203200,346148,74
1606798800,352767,75
