1488344400,343743,
1491019200,346532,
1493611200,349431,
1496289600,352486,
1498881600,25744,
1501560000,26469,
1504238400,27147,0
1506830400,27768,0
1509508800,28538,0
1512104400,29226,1
1514782800,29973,2
1517461200,30796,3
1519880400,31593,4
1522555200,32354,5
1525147200,33222,6
1527825600,34000,7
1530417600,34794,8
1533096000,35533,9
1535774400,42397,0
1538366400,43335,0
1541044800,44159,0
1543640400,45220,0
1546318800,46208,0
1548997200,47206,1
1551416400,48245,2
1554091200,49444,3
1556683200,50539,4
1559361600,51652,5
1561953600,52605,6
1564632000,53671,7
1567310400,54677,8
1569902400,55748,9
1572580800,56699,10
1575176400,57760,11
1577854800,58821,12
1580533200,59724,13
1583038800,60717,14
1585713600,61769,15
1588305600,62887,16
1590984000,64109,17
1593576000,65024,18
1596254400,66047,19
1598932800,67072,20
1601524800,68104,21
1604203200,69598,22
1606798800,71566,23
