1548997200,723698,
1551416400,727308,
1554091200,731869,
1556683200,736015,
1559361600,740413,
1561953600,744620,
1564632000,749030,1
1567310400,753430,2
1569902400,757949,3
1572580800,762373,4
1575176400,766881,5
1577854800,771405,6
1580533200,775999,7
1583038800,780188,8
1585713600,785234,9
1588305600,790236,10
1590984000,795403,11
1593576000,800202,12
1596254400,805111,13
1598932800,809910,14
1601524800,814886,15
1604203200,819463,16
1606798800,823950,17
1609477200,828593,18
1612155600,833685,19
1614574800,838545,20
1617249600,845916,21
1619841600,852230,22
1622520000,858037,23
1625112000,869337,24
