1535774400,636585,
1538366400,639994,
1541044800,643660,
1543640400,647924,
1546318800,651313,
1548997200,655552,
1551416400,659749,1
1554091200,664775,2
1556683200,669442,3
1559361600,674216,4
1561953600,678724,5
1564632000,683424,6
1567310400,688028,7
1569902400,692763,8
1572580800,697393,9
1575176400,702068,10
1577854800,706731,11
1580533200,711533,12
1583038800,715924,13
1585713600,721211,14
1588305600,726486,15
1590984000,732024,16
1593576000,737052,17
1596254400,742263,18
1598932800,747357,19
1601524800,752585,20
1604203200,758263,21
1606798800,764654,22
