1512104400,62031,
1514782800,63252,
1517461200,63224,
1519880400,64834,
1522555200,65593,
1525147200,67321,
1527825600,70780,0
1530417600,69510,0
1533096000,71194,0
1535774400,54933,0
1538366400,56219,0
1541044800,57465,0
1543640400,58894,0
1546318800,52542,0
1548997200,53559,0
1551416400,54731,0
1554091200,54398,0
1556683200,55632,0
1559361600,56926,0
1561953600,58254,0
1564632000,59456,0
1567310400,60591,1
1569902400,61866,2
1572580800,63013,3
1575176400,63770,4
1577854800,62039,0
1580533200,63036,0
1583038800,64137,0
1585713600,66281,0
1588305600,60214,0
1590984000,61449,0
1593576000,62325,0
1596254400,63301,0
1598932800,65102,0
1601524800,66147,1
1604203200,67616,2
1606798800,69040,3
