1538366400,657621,
1541044800,660892,
1543640400,664974,
1546318800,668462,
1548997200,672610,
1551416400,676734,
1554091200,681672,1
1556683200,686287,2
1559361600,691011,3
1561953600,695461,4
1564632000,700095,5
1567310400,704658,6
1569902400,709355,7
1572580800,713951,8
1575176400,718622,9
1577854800,723260,10
1580533200,728038,11
1583038800,732408,12
1585713600,737661,13
1588305600,742907,14
1590984000,748403,15
1593576000,753414,16
1596254400,758603,17
1598932800,763678,18
1601524800,768888,19
1604203200,774553,20
1606798800,780937,21
