1409544000,73361,
1412136000,74532,
1414814400,75847,
1417410000,77222,
1420088400,78531,
1422766800,80111,
1425186000,81651,1
1427860800,83293,2
1430452800,84988,3
1433131200,86938,4
1435723200,88857,5
1438401600,91198,6
1441080000,93595,7
1443672000,96118,8
1446350400,98620,9
1448946000,101301,10
1451624400,104257,11
1454302800,107119,12
1456808400,110015,13
1459483200,113511,14
1462075200,116704,15
1464753600,119893,16
1467345600,122704,17
1470024000,125844,18
1472702400,129098,19
1475294400,132260,20
1477972800,135579,21
1480568400,138616,22
1483246800,141824,23
1485925200,144881,24
1488344400,148386,25
1491019200,152199,26
1493611200,155900,27
1496289600,159682,28
1498881600,163867,29
1501560000,167967,30
1504238400,171912,31
1506830400,175515,32
1509508800,179886,33
1512104400,183988,34
1514782800,188141,35
1517461200,192940,36
1519880400,197016,37
1522555200,201666,38
1525147200,206127,39
1527825600,210701,40
1530417600,215472,41
1533096000,220521,42
1535774400,225266,43
1538366400,229958,44
1541044800,234583,45
1543640400,239818,46
1546318800,243969,47
1548997200,248937,48
1551416400,253888,49
1554091200,259584,50
1556683200,264831,51
1559361600,270158,52
1561953600,275079,53
1564632000,280301,54
1567310400,285369,55
1569902400,290512,56
1572580800,295526,57
1575176400,300558,58
1577854800,305549,59
1580533200,310687,60
1583038800,315351,61
1585713600,320926,62
1588305600,326495,63
1590984000,332293,64
1593576000,337603,65
1596254400,343084,66
1598932800,348415,67
1601524800,353874,68
1604203200,359759,69
1606798800,366376,70
