1317441600,426,
1320120000,472,
1322715600,523,
1325394000,570,
1328072400,610,
1330578000,663,
1333252800,708,1
1335844800,780,2
1338523200,859,3
1341115200,921,4
1343793600,1006,5
1346472000,1102,6
1349064000,1184,7
1351742400,1291,8
1354338000,1399,9
1357016400,1500,10
1359694800,1660,11
1362114000,1783,12
1364788800,1943,13
1367380800,2081,14
1370059200,2224,15
1372651200,2415,16
1375329600,2593,17
1378008000,2747,18
1380600000,2995,19
1383278400,3177,20
1385874000,3392,21
1388552400,3628,22
1391230800,3918,23
1393650000,4176,24
1396324800,4486,25
1398916800,4785,26
1401595200,5113,27
1404187200,5444,28
1406865600,5749,29
1409544000,6103,30
1412136000,6422,31
1414814400,6725,32
1417410000,7072,33
1420088400,7417,34
1422766800,7858,35
1425186000,8226,36
1427860800,8602,37
1430452800,8987,38
1433131200,9373,39
1435723200,9786,40
1438401600,10281,41
1441080000,10747,42
1443672000,11222,43
1446350400,11727,44
1448946000,12241,45
1451624400,12790,46
1454302800,13348,47
1456808400,13855,48
1459483200,14401,49
1462075200,15283,50
1464753600,15838,51
1467345600,16419,52
1470024000,16926,53
1472702400,17516,54
1475294400,18074,55
1477972800,18688,56
1480568400,19243,57
1483246800,19815,58
1485925200,20374,59
1488344400,21088,60
1491019200,21792,61
1493611200,22438,62
1496289600,23071,63
1498881600,23849,64
1501560000,24584,65
1504238400,25259,66
1506830400,25887,67
1509508800,26683,68
1512104400,27371,69
1514782800,28110,70
1517461200,28940,71
1519880400,29739,72
1522555200,30504,73
1525147200,31379,74
1527825600,32155,75
1530417600,32961,76
1533096000,33699,77
1535774400,40569,0
1538366400,41496,0
1541044800,42315,0
1543640400,43379,0
1546318800,44365,0
1548997200,45370,1
1551416400,46403,2
1554091200,47606,3
1556683200,48699,4
1559361600,49814,5
1561953600,50768,6
1564632000,51838,7
1567310400,52847,8
1569902400,53927,9
1572580800,54883,10
1575176400,55940,11
1577854800,57009,12
1580533200,57907,13
1583038800,58903,14
1585713600,59959,15
1588305600,61079,16
1590984000,62300,17
1593576000,63221,18
1596254400,64245,19
1598932800,65273,20
1601524800,66303,21
1604203200,67795,22
1606798800,69762,23
