1328072400,4263,
1330578000,4428,
1333252800,4606,
1335844800,4807,
1338523200,5036,
1341115200,5275,
1343793600,5510,1
1346472000,5860,2
1349064000,6183,3
1351742400,6551,4
1354338000,6954,5
1357016400,7342,6
1359694800,7876,7
1362114000,8375,8
1364788800,9118,9
1367380800,9821,10
1370059200,10468,11
1372651200,11264,12
1375329600,12040,13
1378008000,12739,14
1380600000,13663,15
1383278400,14481,16
1385874000,15442,17
1388552400,16470,18
1391230800,17636,19
1393650000,18709,20
1396324800,20074,21
1398916800,21352,22
1401595200,22797,23
1404187200,24227,24
1406865600,25620,25
1409544000,27303,26
1412136000,28866,27
1414814400,30530,28
1417410000,32194,29
1420088400,33737,30
1422766800,35612,31
1425186000,37385,32
1427860800,39264,33
1430452800,41123,34
1433131200,43294,35
1435723200,45383,36
1438401600,47908,37
1441080000,50461,38
1443672000,53158,39
1446350400,55832,40
1448946000,58668,41
1451624400,61744,42
1454302800,64728,43
1456808400,67737,44
1459483200,71287,45
1462075200,74606,46
1464753600,77884,47
1467345600,80768,48
1470024000,84003,49
1472702400,87356,50
1475294400,90603,51
1477972800,94000,52
1480568400,97138,53
1483246800,100407,54
1485925200,103511,55
1488344400,107073,56
1491019200,110946,57
1493611200,114699,58
1496289600,118531,59
1498881600,122754,60
1501560000,126921,61
1504238400,130929,62
1506830400,134556,63
1509508800,139039,64
1512104400,143184,65
1514782800,147377,66
1517461200,152208,67
1519880400,156314,68
1522555200,160974,69
1525147200,165483,70
1527825600,170087,71
1530417600,174883,72
1533096000,179965,73
1535774400,184740,74
1538366400,189451,75
1541044800,194099,76
1543640400,199337,77
1546318800,203501,78
1548997200,208493,79
1551416400,213455,80
1554091200,219177,81
1556683200,224435,82
1559361600,229775,83
1561953600,234715,84
1564632000,239956,85
1567310400,245036,86
1569902400,250187,87
1572580800,255216,88
1575176400,260263,89
1577854800,265274,90
1580533200,270426,91
1583038800,275096,92
1585713600,280676,93
1588305600,286263,94
1590984000,292070,95
1593576000,297389,96
1596254400,302884,97
1598932800,308220,98
1601524800,313698,99
1604203200,319589,100
1606798800,326213,101
