1488344400,342907,
1491019200,345740,
1493611200,348645,
1496289600,351697,
1498881600,355193,
1501560000,358654,
1504238400,362075,1
1506830400,365204,2
1509508800,369002,3
1512104400,372686,4
1514782800,376409,5
1517461200,380744,6
1519880400,384513,7
1522555200,388861,8
1525147200,392987,9
1527825600,397261,10
1530417600,401773,11
1533096000,406422,12
1535774400,410870,13
1538366400,415358,14
1541044800,419730,15
1543640400,424694,16
1546318800,428636,17
1548997200,433440,18
1551416400,438196,19
1554091200,443724,20
1556683200,448838,21
1559361600,454007,22
1561953600,458846,23
1564632000,463947,24
1567310400,468864,25
1569902400,473902,26
1572580800,478820,27
1575176400,483749,28
1577854800,488658,29
1580533200,493692,30
1583038800,498286,31
1585713600,503782,32
1588305600,509265,33
1590984000,514979,34
1593576000,520205,35
1596254400,525607,36
1598932800,530839,37
1601524800,536210,38
1604203200,542029,39
1606798800,548570,40
