1472702400,276051,
1475294400,278264,
1477972800,280725,
1480568400,283089,
1483246800,285700,
1485925200,288329,
1488344400,291367,1
1491019200,294696,2
1493611200,297977,3
1496289600,301313,4
1498881600,305104,5
1501560000,308822,6
1504238400,312435,7
1506830400,315743,8
1509508800,319750,9
1512104400,323601,10
1514782800,327488,11
1517461200,332006,12
1519880400,335905,13
1522555200,340361,14
1525147200,344627,15
1527825600,349009,16
1530417600,353590,17
1533096000,358399,18
1535774400,362956,19
1538366400,367517,20
1541044800,371974,21
1543640400,377037,22
1546318800,381070,23
1548997200,385940,24
1551416400,390754,25
1554091200,396339,26
1556683200,401505,27
1559361600,406745,28
1561953600,411595,29
1564632000,416737,30
1567310400,421707,31
1569902400,426779,32
1572580800,431728,33
1575176400,436695,34
1577854800,441623,35
1580533200,446693,36
1583038800,451313,37
1585713600,456835,38
1588305600,462350,39
1590984000,468087,40
1593576000,473337,41
1596254400,478760,42
1598932800,484023,43
1601524800,489423,44
1604203200,495267,45
1606798800,501838,46
