1451624400,118609,
1454302800,121383,
1456808400,124207,
1459483200,127644,
1462075200,130803,
1464753600,133927,
1467345600,136691,1
1470024000,139786,2
1472702400,142970,3
1475294400,146068,4
1477972800,149336,5
1480568400,152332,6
1483246800,155482,7
1485925200,158496,8
1488344400,161953,9
1491019200,165722,10
1493611200,169391,11
1496289600,173118,12
1498881600,177246,13
1501560000,181305,14
1504238400,185216,15
1506830400,188754,16
1509508800,193036,17
1512104400,197077,18
1514782800,201148,19
1517461200,205906,20
1519880400,209934,21
1522555200,214554,22
1525147200,218980,23
1527825600,223517,24
1530417600,228236,25
1533096000,233231,26
1535774400,237921,27
1538366400,242576,28
1541044800,247111,29
1543640400,252291,30
1546318800,256425,31
1548997200,261358,32
1551416400,266249,33
1554091200,271897,34
1556683200,276920,35
1559361600,282167,36
1561953600,286997,37
1564632000,292151,38
1567310400,297196,39
1569902400,302251,40
1572580800,307220,41
1575176400,312177,42
1577854800,317133,43
1580533200,322177,44
1583038800,326718,45
1585713600,332159,46
1588305600,337543,47
1590984000,343086,48
1593576000,348241,49
1596254400,353478,50
1598932800,358561,51
1601524800,363815,52
1604203200,368654,53
1606798800,373415,54
1609477200,378325,55
1612155600,383636,56
1614574800,388669,57
1617249600,396233,58
1619841600,402762,59
1622520000,408743,60
1625112000,420471,61
1627790400,425955,62
