1514782800,492779,
1517461200,496223,
1519880400,499488,
1522555200,503274,
1525147200,506965,
1527825600,510843,
1530417600,515005,1
1533096000,519321,2
1535774400,523471,3
1538366400,527685,4
1541044800,531819,5
1543640400,536532,6
1546318800,540241,7
1548997200,544822,8
1551416400,549373,9
1554091200,554735,10
1556683200,559673,11
1559361600,564661,12
1561953600,569385,13
1564632000,574321,14
1567310400,579110,15
1569902400,584023,16
1572580800,588850,17
1575176400,593685,18
1577854800,598484,19
1580533200,603434,20
1583038800,607950,21
1585713600,613346,22
1588305600,618741,23
1590984000,624378,24
1593576000,629501,25
1596254400,634805,26
1598932800,639982,27
1601524800,645281,28
1604203200,651031,29
1606798800,657520,30
