1430452800,121387,
1433131200,122831,
1435723200,124389,
1438401600,126407,
1441080000,128508,
1443672000,130738,
1446350400,133024,1
1448946000,135450,2
1451624400,138210,3
1454302800,140874,4
1456808400,143603,5
1459483200,146969,6
1462075200,150001,7
1464753600,153047,8
1467345600,155751,9
1470024000,158779,10
1472702400,161898,11
1475294400,164963,12
1477972800,168204,13
1480568400,171151,14
1483246800,174278,15
1485925200,177258,16
1488344400,180674,17
1491019200,184424,18
1493611200,188054,19
1496289600,191764,20
1498881600,195876,21
1501560000,199922,22
1504238400,203809,23
1506830400,207366,24
1509508800,211680,25
1512104400,215738,26
1514782800,219856,27
1517461200,224621,28
1519880400,228663,29
1522555200,233279,30
1525147200,237712,31
1527825600,242257,32
1530417600,246984,33
1533096000,252002,34
1535774400,256714,35
1538366400,261381,36
1541044800,265980,37
1543640400,271193,38
1546318800,275317,39
1548997200,280270,40
1551416400,285205,41
1554091200,290880,42
1556683200,296109,43
1559361600,301422,44
1561953600,306324,45
1564632000,311533,46
1567310400,316576,47
1569902400,321706,48
1572580800,326707,49
1575176400,331716,50
1577854800,336699,51
1580533200,341821,52
1583038800,346477,53
1585713600,352048,54
1588305600,357606,55
1590984000,363395,56
1593576000,368695,57
1596254400,374170,58
1598932800,379485,59
1601524800,384933,60
1604203200,390803,61
1606798800,397413,62
