1509508800,461859,
1512104400,464854,
1514782800,468055,
1517461200,471849,
1519880400,475261,
1522555200,479199,
1525147200,483037,1
1527825600,487032,2
1530417600,491279,3
1533096000,495684,4
1535774400,499904,5
1538366400,504208,6
1541044800,508404,7
1543640400,513159,8
1546318800,516930,9
1548997200,521567,10
1551416400,526174,11
1554091200,531573,12
1556683200,536540,13
1559361600,541573,14
1561953600,546330,15
1564632000,551314,16
1567310400,556136,17
1569902400,561078,18
1572580800,565940,19
1575176400,570796,20
1577854800,575621,21
1580533200,580580,22
1583038800,585116,23
1585713600,590530,24
1588305600,595955,25
1590984000,601609,26
1593576000,606751,27
1596254400,612077,28
1598932800,617264,29
1601524800,622579,30
1604203200,628341,31
1606798800,634845,32
