1462075200,226152,
1464753600,228547,
1467345600,230717,
1470024000,233376,
1472702400,236073,
1475294400,238793,
1477972800,241705,1
1480568400,244380,2
1483246800,247261,3
1485925200,250081,4
1488344400,253274,5
1491019200,256776,6
1493611200,260196,7
1496289600,76263,0
1498881600,78573,0
1501560000,72663,0
1504238400,74725,0
1506830400,76569,0
1509508800,78854,0
1512104400,81016,0
1514782800,83072,1
1517461200,74036,0
1519880400,75968,0
1522555200,59411,0
1525147200,67067,0
1527825600,68872,0
1530417600,63235,0
1533096000,59670,0
1535774400,66597,0
1538366400,68128,0
1541044800,71987,0
1543640400,74113,0
1546318800,75687,0
1548997200,73694,0
1551416400,69956,0
1554091200,71687,0
1556683200,73354,0
1559361600,75096,0
1561953600,76549,0
1564632000,70951,0
1567310400,70982,0
1569902400,72419,0
1572580800,75064,0
1575176400,76459,0
1577854800,78017,1
1580533200,79533,2
1583038800,80885,3
1585713600,82361,4
1588305600,75737,0
1590984000,77264,0
1593576000,78933,0
1596254400,80252,0
1598932800,81559,0
1601524800,82898,1
1604203200,84597,2
1606798800,86797,3
