1514782800,488794,
1517461200,104534,
1519880400,107146,
1522555200,109935,
1525147200,99718,
1527825600,102277,
1530417600,105220,0
1533096000,107793,0
1535774400,115234,0
1538366400,117992,1
1541044800,120689,2
1543640400,123868,3
1546318800,126329,4
1548997200,129347,5
1551416400,132244,6
1554091200,135561,7
1556683200,138625,8
1559361600,141818,9
1561953600,144753,10
1564632000,142085,0
1567310400,144931,0
1569902400,147972,0
1572580800,150765,0
1575176400,153467,0
1577854800,156300,1
1580533200,159207,2
1583038800,108808,0
1585713600,110769,0
1588305600,112820,0
1590984000,115038,0
1593576000,116863,0
1596254400,118711,1
1598932800,120673,2
1601524800,118665,0
1604203200,121267,0
1606798800,124605,0
