1525147200,564370,
1527825600,567659,
1530417600,571464,
1533096000,575413,
1535774400,579314,
1538366400,583262,
1541044800,587194,1
1543640400,591765,2
1546318800,595332,3
1548997200,599760,4
1551416400,604192,5
1554091200,609422,6
1556683200,614252,7
1559361600,619149,8
1561953600,623793,9
1564632000,628614,10
1567310400,633315,11
1569902400,638147,12
1572580800,642887,13
1575176400,647641,14
1577854800,652390,15
1580533200,657275,16
1583038800,661732,17
1585713600,667077,18
1588305600,672426,19
1590984000,678031,20
1593576000,683110,21
1596254400,688374,22
1598932800,693501,23
1601524800,698760,24
1604203200,704478,25
1606798800,710929,26
