1504238400,119237,
1506830400,123814,
1509508800,127216,
1512104400,113903,
1514782800,108516,
1517461200,111905,
1519880400,114788,0
1522555200,120497,0
1525147200,123683,0
1527825600,126893,1
1530417600,130325,2
1533096000,133645,3
1535774400,139524,4
1538366400,142839,5
1541044800,146223,6
1543640400,149950,7
1546318800,152983,8
1548997200,156644,9
1551416400,160129,10
1554091200,164187,11
1556683200,167973,12
1559361600,171846,13
1561953600,175506,14
1564632000,179137,15
1567310400,182708,16
1569902400,186457,17
1572580800,190077,18
1575176400,193557,19
1577854800,197116,20
1580533200,200743,21
1583038800,204086,22
1585713600,208050,23
1588305600,212212,24
1590984000,216256,25
1593576000,219867,26
1596254400,223685,27
1598932800,227535,28
1601524800,231137,29
1604203200,235591,30
1606798800,240711,31
