1551416400,738333,
1554091200,742748,
1556683200,746804,
1559361600,751150,
1561953600,755303,
1564632000,759671,
1567310400,764025,1
1569902400,768514,2
1572580800,772910,3
1575176400,777377,4
1577854800,781886,5
1580533200,786462,6
1583038800,790635,7
1585713600,795654,8
1588305600,800634,9
1590984000,805783,10
1593576000,810573,11
1596254400,815466,12
1598932800,820260,13
1601524800,825221,14
1604203200,829783,15
1606798800,834252,16
1609477200,838885,17
1612155600,843968,18
1614574800,848826,19
1617249600,856189,20
1619841600,862500,21
1622520000,868300,22
1625112000,879585,23
