1527825600,581338,
1530417600,584870,
1533096000,588664,
1535774400,592437,
1538366400,596323,
1541044800,600274,
1543640400,604771,1
1546318800,608313,2
1548997200,612694,3
1551416400,617045,4
1554091200,622259,5
1556683200,627054,6
1559361600,631928,7
1561953600,636556,8
1564632000,641357,9
1567310400,646020,10
1569902400,650831,11
1572580800,655548,12
1575176400,660272,13
1577854800,664993,14
1580533200,669867,15
1583038800,674317,16
1585713600,679642,17
1588305600,684974,18
1590984000,690558,19
1593576000,695632,20
1596254400,700889,21
1598932800,706012,22
1601524800,711262,23
1604203200,716969,24
1606798800,723410,25
