1501560000,416471,
1504238400,419380,
1506830400,422164,
1509508800,425568,
1512104400,428978,
1514782800,432462,
1517461200,436508,1
1519880400,440097,2
1522555200,444232,3
1525147200,448207,4
1527825600,452326,5
1530417600,456681,6
1533096000,461213,7
1535774400,465518,8
1538366400,469930,9
1541044800,474207,10
1543640400,479046,11
1546318800,482884,12
1548997200,487602,13
1551416400,492266,14
1554091200,497723,15
1556683200,502757,16
1559361600,507861,17
1561953600,512649,18
1564632000,517698,19
1567310400,522558,20
1569902400,527533,21
1572580800,532397,22
1575176400,537272,23
1577854800,542124,24
1580533200,547121,25
1583038800,551681,26
1585713600,557130,27
1588305600,562570,28
1590984000,568248,29
1593576000,573423,30
1596254400,578780,31
1598932800,583989,32
1601524800,589336,33
1604203200,595117,34
1606798800,601637,35
