1512104400,474447,
1514782800,477527,
1517461200,481214,
1519880400,484554,
1522555200,488435,
1525147200,492219,
1527825600,496191,1
1530417600,500412,2
1533096000,504781,3
1535774400,508978,4
1538366400,513242,5
1541044800,517422,6
1543640400,522154,7
1546318800,525906,8
1548997200,530523,9
1551416400,535110,10
1554091200,540500,11
1556683200,545456,12
1559361600,550469,13
1561953600,555204,14
1564632000,560170,15
1567310400,564977,16
1569902400,569902,17
1572580800,574744,18
1575176400,579593,19
1577854800,584405,20
1580533200,589359,21
1583038800,593885,22
1585713600,599293,23
1588305600,604704,24
1590984000,610348,25
1593576000,615482,26
1596254400,620803,27
1598932800,625988,28
1601524800,631297,29
1604203200,637052,30
1606798800,643554,31
