1483246800,323568,
1485925200,325685,
1488344400,328391,
1491019200,331444,
1493611200,334494,
1496289600,337649,
1498881600,341260,1
1501560000,344805,2
1504238400,348301,3
1506830400,351483,4
1509508800,355355,5
1512104400,359088,6
1514782800,362866,7
1517461200,367247,8
1519880400,371055,9
1522555200,375432,10
1525147200,379602,11
1527825600,383914,12
1530417600,388451,13
1533096000,393156,14
1535774400,397650,15
1538366400,402160,16
1541044800,406571,17
1543640400,411569,18
1546318800,415558,19
1548997200,420382,20
1551416400,425151,21
1554091200,430697,22
1556683200,435832,23
1559361600,441017,24
1561953600,445862,25
1564632000,450977,26
1567310400,455910,27
1569902400,460962,28
1572580800,465891,29
1575176400,470833,30
1577854800,475747,31
1580533200,480789,32
1583038800,485393,33
1585713600,490895,34
1588305600,496386,35
1590984000,502102,36
1593576000,507332,37
1596254400,512741,38
1598932800,517980,39
1601524800,523361,40
1604203200,529187,41
1606798800,535734,42
