1556683200,781093,
1559361600,785103,
1561953600,789061,
1564632000,793243,
1567310400,797452,
1569902400,801849,
1572580800,806129,1
1575176400,810526,2
1577854800,814942,3
1580533200,819464,4
1583038800,823572,5
1585713600,828521,6
1588305600,833424,7
1590984000,838523,8
1593576000,843272,9
1596254400,848103,10
1598932800,852869,11
1601524800,857769,12
1604203200,862282,13
1606798800,866718,14
1609477200,871328,15
1612155600,876396,16
1614574800,881225,17
1617249600,888559,18
1619841600,894846,19
1622520000,900626,20
1625112000,911868,21
