1375329600,29165,
1378008000,29646,
1380600000,30353,
1383278400,31004,
1385874000,31811,
1388552400,32696,
1391230800,33738,1
1393650000,34677,2
1396324800,35881,3
1398916800,37049,4
1401595200,38394,5
1404187200,39744,6
1406865600,41054,7
1409544000,42645,8
1412136000,44159,9
1414814400,45767,10
1417410000,47376,11
1420088400,48870,12
1422766800,50688,13
1425186000,52400,14
1427860800,54233,15
1430452800,56068,16
1433131200,58205,17
1435723200,60240,18
1438401600,62718,19
1441080000,65229,20
1443672000,67881,21
1446350400,70502,22
1448946000,73293,23
1451624400,76339,24
1454302800,79283,25
1456808400,82258,26
1459483200,85806,27
1462075200,89085,28
1464753600,92339,29
1467345600,95203,30
1470024000,98415,31
1472702400,101743,32
1475294400,104973,33
1477972800,108351,34
1480568400,111448,35
1483246800,114692,36
1485925200,117783,37
1488344400,121324,38
1491019200,125187,39
1493611200,128913,40
1496289600,132726,41
1498881600,136936,42
1501560000,141082,43
1504238400,145072,44
1506830400,148685,45
1509508800,153129,46
1512104400,157257,47
1514782800,161432,48
1517461200,166262,49
1519880400,170356,50
1522555200,175007,51
1525147200,179499,52
1527825600,184091,53
1530417600,188879,54
1533096000,193948,55
1535774400,198712,56
1538366400,203413,57
1541044800,208053,58
1543640400,213291,59
1546318800,217452,60
1548997200,222434,61
1551416400,227395,62
1554091200,233101,63
1556683200,238351,64
1559361600,243684,65
1561953600,248616,66
1564632000,253850,67
1567310400,258929,68
1569902400,264078,69
1572580800,269105,70
1575176400,274146,71
1577854800,279155,72
1580533200,284301,73
1583038800,288967,74
1585713600,294538,75
1588305600,300119,76
1590984000,305918,77
1593576000,311234,78
1596254400,316723,79
1598932800,322056,80
1601524800,327521,81
1604203200,333415,82
1606798800,340039,83
