1475294400,289738,
1477972800,74242,
1480568400,76498,
1483246800,78736,
1485925200,81069,
1488344400,83714,
1491019200,86617,1
1493611200,89329,2
1496289600,92166,3
1498881600,95123,4
1501560000,98085,5
1504238400,100831,6
1506830400,103410,7
1509508800,106359,8
1512104400,109259,9
1514782800,112203,10
1517461200,115615,11
1519880400,118521,12
1522555200,121730,13
1525147200,117109,0
1527825600,120570,0
1530417600,123732,0
1533096000,126836,0
1535774400,133702,0
1538366400,136886,1
1541044800,140112,2
1543640400,143665,3
1546318800,146553,4
1548997200,150055,5
1551416400,153420,6
1554091200,157253,7
1556683200,160835,8
1559361600,164589,9
1561953600,168089,10
1564632000,171545,11
1567310400,175022,12
1569902400,178674,13
1572580800,182121,14
1575176400,185353,15
1577854800,188785,16
1580533200,192272,17
1583038800,195441,18
1585713600,199156,19
1588305600,203112,20
1590984000,206989,21
1593576000,210415,22
1596254400,214087,23
1598932800,217671,24
1601524800,221140,25
1604203200,225292,26
1606798800,230330,27
