1543640400,694774,
1546318800,697818,
1548997200,701733,
1551416400,705639,
1554091200,710421,
1556683200,714923,
1559361600,719507,1
1561953600,723861,2
1564632000,728413,3
1567310400,732875,4
1569902400,737515,5
1572580800,742047,6
1575176400,746666,7
1577854800,751264,8
1580533200,756001,9
1583038800,760321,10
1585713600,765546,11
1588305600,770756,12
1590984000,776209,13
1593576000,781173,14
1596254400,786353,15
1598932800,791405,16
1601524800,796581,17
1604203200,802219,18
1606798800,808585,19
