1456808400,205470,
1459483200,208118,
1462075200,210617,
1464753600,213231,
1467345600,215565,
1470024000,218305,
1472702400,221125,1
1475294400,223917,2
1477972800,226905,3
1480568400,229650,4
1483246800,232595,5
1485925200,235477,6
1488344400,238722,7
1491019200,242281,8
1493611200,245738,9
1496289600,249297,10
1498881600,253273,11
1501560000,257189,12
1504238400,260915,13
1506830400,264360,14
1509508800,268497,15
1512104400,272455,16
1514782800,276455,17
1517461200,281085,18
1519880400,285046,19
1522555200,289585,20
1525147200,293951,21
1527825600,298432,22
1530417600,303085,23
1533096000,308027,24
1535774400,312664,25
1538366400,317289,26
1541044800,321812,27
1543640400,326954,28
1546318800,331024,29
1548997200,335939,30
1551416400,340837,31
1554091200,346470,32
1556683200,351672,33
1559361600,356954,34
1561953600,361842,35
1564632000,367022,36
1567310400,372028,37
1569902400,377127,38
1572580800,382110,39
1575176400,387100,40
1577854800,392064,41
1580533200,397158,42
1583038800,401799,43
1585713600,407341,44
1588305600,412888,45
1590984000,418654,46
1593576000,423935,47
1596254400,429386,48
1598932800,434674,49
1601524800,440100,50
1604203200,445955,51
1606798800,452544,52
