1509508800,458287,
1512104400,461346,
1514782800,464581,
1517461200,468390,
1519880400,471852,
1522555200,475812,
1525147200,479648,1
1527825600,483657,2
1530417600,487918,3
1533096000,492320,4
1535774400,496551,5
1538366400,500866,6
1541044800,505063,7
1543640400,509822,8
1546318800,513596,9
1548997200,518236,10
1551416400,522852,11
1554091200,528256,12
1556683200,533231,13
1559361600,538271,14
1561953600,543032,15
1564632000,548030,16
1567310400,552856,17
1569902400,557803,18
1572580800,562663,19
1575176400,567521,20
1577854800,572349,21
1580533200,577312,22
1583038800,581852,23
1585713600,587269,24
1588305600,592697,25
1590984000,598353,26
1593576000,603497,27
1596254400,608827,28
1598932800,614015,29
1601524800,619334,30
1604203200,625094,31
1606798800,631600,32
