1512104400,480981,
1514782800,483877,
1517461200,487483,
1519880400,490809,
1522555200,494632,
1525147200,498386,
1527825600,502315,1
1530417600,506507,2
1533096000,510860,3
1535774400,515043,4
1538366400,519281,5
1541044800,523447,6
1543640400,528170,7
1546318800,531915,8
1548997200,536523,9
1551416400,541095,10
1554091200,546484,11
1556683200,551432,12
1559361600,556439,13
1561953600,561170,14
1564632000,566114,15
1567310400,570911,16
1569902400,575832,17
1572580800,580668,18
1575176400,585512,19
1577854800,590321,20
1580533200,595273,21
1583038800,599796,22
1585713600,605203,23
1588305600,610603,24
1590984000,616246,25
1593576000,621375,26
1596254400,626686,27
1598932800,631867,28
1601524800,637172,29
1604203200,642924,30
1606798800,649420,31
