1530417600,602666,
1533096000,606083,
1535774400,609666,
1538366400,613459,
1541044800,617327,
1543640400,621752,
1546318800,625245,1
1548997200,629570,2
1551416400,633873,3
1554091200,639032,4
1556683200,643770,5
1559361600,648606,6
1561953600,653192,7
1564632000,657960,8
1567310400,662599,9
1569902400,667373,10
1572580800,672058,11
1575176400,676755,12
1577854800,681457,13
1580533200,686302,14
1583038800,690736,15
1585713600,696048,16
1588305600,701356,17
1590984000,706926,18
1593576000,711985,19
1596254400,717235,20
1598932800,722345,21
1601524800,727584,22
1604203200,733276,23
1606798800,739698,24
