1504238400,429837,
1506830400,432485,
1509508800,435786,
1512104400,439123,
1514782800,442539,
1517461200,446542,
1519880400,450111,1
1522555200,454198,2
1525147200,458125,3
1527825600,462208,4
1530417600,466537,5
1533096000,471026,6
1535774400,475312,7
1538366400,479691,8
1541044800,483945,9
1543640400,488756,10
1546318800,492582,11
1548997200,497278,12
1551416400,501919,13
1554091200,507364,14
1556683200,512384,15
1559361600,517472,16
1561953600,522251,17
1564632000,527280,18
1567310400,532131,19
1569902400,537105,20
1572580800,541959,21
1575176400,546822,22
1577854800,551660,23
1580533200,556643,24
1583038800,561195,25
1585713600,566636,26
1588305600,572066,27
1590984000,577741,28
1593576000,582909,29
1596254400,588261,30
1598932800,593465,31
1601524800,598800,32
1604203200,604578,33
1606798800,611096,34
