1527825600,573044,
1530417600,576752,
1533096000,580654,
1535774400,584513,
1538366400,588437,
1541044800,592422,
1543640400,596962,1
1546318800,600520,2
1548997200,604936,3
1551416400,609350,4
1554091200,614574,5
1556683200,619389,6
1559361600,624275,7
1561953600,628909,8
1564632000,633720,9
1567310400,638408,10
1569902400,643231,11
1572580800,647957,12
1575176400,652692,13
1577854800,657427,14
1580533200,662305,15
1583038800,666758,16
1585713600,672094,17
1588305600,677437,18
1590984000,683038,19
1593576000,688116,20
1596254400,693383,21
1598932800,698507,22
1601524800,703763,23
1604203200,709478,24
1606798800,715930,25
