1412136000,80045,
1414814400,81234,
1417410000,82521,
1420088400,83782,
1422766800,85312,
1425186000,86808,
1427860800,88405,1
1430452800,90068,2
1433131200,91965,3
1435723200,93851,4
1438401600,96159,5
1441080000,98525,6
1443672000,101018,7
1446350400,103499,8
1448946000,106149,9
1451624400,109086,10
1454302800,111917,11
1456808400,114787,12
1459483200,118268,13
1462075200,121450,14
1464753600,124620,15
1467345600,127423,16
1470024000,130544,17
1472702400,133779,18
1475294400,136926,19
1477972800,140232,20
1480568400,143255,21
1483246800,146451,22
1485925200,149502,23
1488344400,152997,24
1491019200,156797,25
1493611200,160488,26
1496289600,164263,27
1498881600,168433,28
1501560000,172535,29
1504238400,176480,30
1506830400,180071,31
1509508800,184437,32
1512104400,188537,33
1514782800,192685,34
1517461200,197479,35
1519880400,201555,36
1522555200,206195,37
1525147200,210651,38
1527825600,215223,39
1530417600,219990,40
1533096000,225035,41
1535774400,229776,42
1538366400,234466,43
1541044800,239088,44
1543640400,244322,45
1546318800,248472,46
1548997200,253443,47
1551416400,258391,48
1554091200,264086,49
1556683200,269329,50
1559361600,274654,51
1561953600,279575,52
1564632000,284797,53
1567310400,289864,54
1569902400,295007,55
1572580800,300020,56
1575176400,305048,57
1577854800,310040,58
1580533200,315176,59
1583038800,319837,60
1585713600,325414,61
1588305600,330983,62
1590984000,336777,63
1593576000,342082,64
1596254400,347561,65
1598932800,352891,66
1601524800,358349,67
1604203200,364232,68
1606798800,370849,69
