1527825600,579773,
1530417600,583354,
1533096000,587176,
1535774400,590971,
1538366400,594866,
1541044800,598823,
1543640400,603323,1
1546318800,606871,2
1548997200,611265,3
1551416400,615639,4
1554091200,620855,5
1556683200,625652,6
1559361600,630526,7
1561953600,635155,8
1564632000,639956,9
1567310400,644622,10
1569902400,649439,11
1572580800,654157,12
1575176400,658886,13
1577854800,663610,14
1580533200,668486,15
1583038800,672937,16
1585713600,678264,17
1588305600,683597,18
1590984000,689185,19
1593576000,694259,20
1596254400,699516,21
1598932800,704640,22
1601524800,709891,23
1604203200,715598,24
1606798800,722041,25
