1414814400,85308,
1417410000,86488,
1420088400,87694,
1422766800,89172,
1425186000,90622,
1427860800,92181,
1430452800,93801,1
1433131200,95662,2
1435723200,97522,3
1438401600,99795,4
1441080000,102134,5
1443672000,104592,6
1446350400,107058,7
1448946000,109690,8
1451624400,112609,9
1454302800,115423,10
1456808400,118275,11
1459483200,121741,12
1462075200,124908,13
1464753600,128066,14
1467345600,130855,15
1470024000,133970,16
1472702400,137199,17
1475294400,140337,18
1477972800,143641,19
1480568400,146657,20
1483246800,149849,21
1485925200,152901,22
1488344400,156389,23
1491019200,160187,24
1493611200,163876,25
1496289600,167645,26
1498881600,171810,27
1501560000,175910,28
1504238400,179847,29
1506830400,183431,30
1509508800,187790,31
1512104400,191888,32
1514782800,196032,33
1517461200,200826,34
1519880400,204898,35
1522555200,209537,36
1525147200,213990,37
1527825600,218561,38
1530417600,223328,39
1533096000,228370,40
1535774400,233109,41
1538366400,237800,42
1541044800,242421,43
1543640400,247650,44
1546318800,251795,45
1548997200,256766,46
1551416400,261711,47
1554091200,267404,48
1556683200,272647,49
1559361600,277970,50
1561953600,282889,51
1564632000,288109,52
1567310400,293173,53
1569902400,298315,54
1572580800,303326,55
1575176400,308354,56
1577854800,313347,57
1580533200,318483,58
1583038800,323143,59
1585713600,328721,60
1588305600,334289,61
1590984000,340084,62
1593576000,345389,63
1596254400,350867,64
1598932800,356195,65
1601524800,361651,66
1604203200,367532,67
1606798800,374148,68
