1388552400,42726,
1391230800,43483,
1393650000,44296,
1396324800,45358,
1398916800,46436,
1401595200,47692,
1404187200,48975,1
1406865600,50212,2
1409544000,51728,3
1412136000,25239,0
1414814400,26689,0
1417410000,28141,0
1420088400,29552,0
1422766800,31272,0
1425186000,32848,1
1427860800,34451,2
1430452800,36185,3
1433131200,38076,4
1435723200,39925,5
1438401600,42157,6
1441080000,44411,7
1443672000,46782,8
1446350400,49153,9
1448946000,51582,10
1451624400,54165,11
1454302800,56687,12
1456808400,59237,13
1459483200,62169,14
1462075200,64863,15
1464753600,67589,16
1467345600,70109,17
1470024000,72813,18
1472702400,75576,19
1475294400,78223,20
1477972800,80941,21
1480568400,83510,22
1483246800,86106,23
1485925200,88728,24
1488344400,91691,25
1491019200,94882,26
1493611200,97891,27
1496289600,101138,28
1498881600,104317,29
1501560000,107673,30
1504238400,110793,31
1506830400,113732,32
1509508800,117144,33
1512104400,120514,34
1514782800,123863,35
1517461200,127673,36
1519880400,130967,37
1522555200,134614,38
1525147200,138172,39
1527825600,141828,40
1530417600,145716,41
1533096000,149540,42
1535774400,155204,43
1538366400,158891,44
1541044800,162684,45
1543640400,167025,46
1546318800,170480,47
1548997200,174559,48
1551416400,178547,49
1554091200,183112,50
1556683200,187465,51
1559361600,191929,52
1561953600,195995,53
1564632000,200209,54
1567310400,204339,55
1569902400,208602,56
1572580800,212675,57
1575176400,216638,58
1577854800,220701,59
1580533200,224933,60
1583038800,228754,61
1585713600,233202,62
1588305600,237846,63
1590984000,242602,64
1593576000,246650,65
1596254400,250988,66
1598932800,255219,67
1601524800,259302,68
1604203200,264253,69
1606798800,269807,70
