1541044800,674491,
1543640400,678295,
1546318800,681667,
1548997200,685712,
1551416400,689761,
1554091200,694630,
1556683200,699199,1
1559361600,703869,2
1561953600,708295,3
1564632000,712891,4
1567310400,717407,5
1569902400,722091,6
1572580800,726663,7
1575176400,731310,8
1577854800,735930,9
1580533200,740691,10
1583038800,745043,11
1585713600,750287,12
1588305600,755522,13
1590984000,761001,14
1593576000,765985,15
1596254400,771172,16
1598932800,776235,17
1601524800,781430,18
1604203200,787088,19
1606798800,793461,20
