1480568400,304045,
1483246800,306398,
1485925200,308858,
1488344400,311761,
1491019200,314969,
1493611200,318139,
1496289600,321378,1
1498881600,325095,2
1501560000,328722,3
1504238400,332282,4
1506830400,335521,5
1509508800,339466,6
1512104400,343258,7
1514782800,347085,8
1517461200,351538,9
1519880400,355387,10
1522555200,359805,11
1525147200,364021,12
1527825600,368364,13
1530417600,372918,14
1533096000,377673,15
1535774400,382199,16
1538366400,386737,17
1541044800,391166,18
1543640400,396197,19
1546318800,400220,20
1548997200,405068,21
1551416400,409861,22
1554091200,415431,23
1556683200,420584,24
1559361600,425807,25
1561953600,430650,26
1564632000,435785,27
1567310400,440734,28
1569902400,445798,29
1572580800,450738,30
1575176400,455694,31
1577854800,460616,32
1580533200,465676,33
1583038800,470290,34
1585713600,475800,35
1588305600,481302,36
1590984000,487028,37
1593576000,492264,38
1596254400,497679,39
1598932800,502926,40
1601524800,508322,41
1604203200,514160,42
1606798800,520721,43
