1530417600,596895,
1533096000,600490,
1535774400,604124,
1538366400,607942,
1541044800,611853,
1543640400,616306,
1546318800,619814,1
1548997200,624155,2
1551416400,628477,3
1554091200,633652,4
1556683200,638410,5
1559361600,643256,6
1561953600,647854,7
1564632000,652627,8
1567310400,657276,9
1569902400,662068,10
1572580800,241675,0
1575176400,246398,0
1577854800,251521,0
1580533200,256372,0
1583038800,260822,0
1585713600,267063,1
1588305600,272430,2
1590984000,278056,3
1593576000,282914,4
1596254400,288118,5
1598932800,292992,6
1601524800,297844,7
1604203200,303325,8
1606798800,309661,9
