1554091200,759426,
1556683200,763283,
1559361600,767496,
1561953600,771568,
1564632000,775826,
1567310400,780125,
1569902400,784574,1
1572580800,788933,2
1575176400,793366,3
1577854800,797824,4
1580533200,802379,5
1583038800,806518,6
1585713600,811499,7
1588305600,816434,8
1590984000,821563,9
1593576000,826332,10
1596254400,831201,11
1598932800,835985,12
1601524800,840918,13
1604203200,845454,14
1606798800,849907,15
1609477200,854528,16
1612155600,859605,17
1614574800,864451,18
1617249600,871801,19
1619841600,878106,20
1622520000,883892,21
1625112000,895153,22
