1512104400,480245,
1514782800,483160,
1517461200,486777,
1519880400,490107,
1522555200,493931,
1525147200,497692,
1527825600,501629,1
1530417600,505822,2
1533096000,510178,3
1535774400,514365,4
1538366400,518605,5
1541044800,522772,6
1543640400,527499,7
1546318800,531244,8
1548997200,535853,9
1551416400,540428,10
1554091200,545817,11
1556683200,550765,12
1559361600,555773,13
1561953600,560504,14
1564632000,565454,15
1567310400,570254,16
1569902400,575174,17
1572580800,580012,18
1575176400,584856,19
1577854800,589665,20
1580533200,594617,21
1583038800,599142,22
1585713600,604549,23
1588305600,609949,24
1590984000,615592,25
1593576000,620721,26
1596254400,626033,27
1598932800,631214,28
1601524800,636519,29
1604203200,642272,30
1606798800,648768,31
