1538366400,152735,
1541044800,88392,
1543640400,51647,
1546318800,35830,
1548997200,30397,
1551416400,28520,
1554091200,24326,0
1556683200,21399,0
1559361600,20586,0
1561953600,19814,0
1564632000,18922,0
1567310400,17262,0
1569902400,16875,0
1572580800,16101,0
1575176400,14797,0
1577854800,14651,0
1580533200,14205,0
1583038800,13917,0
1585713600,13850,0
1588305600,12716,0
1590984000,12187,0
1593576000,11769,0
1596254400,11398,0
1598932800,11110,0
1601524800,10932,0
1604203200,10827,0
1606798800,10752,0
