1525147200,564818,
1527825600,568091,
1530417600,571890,
1533096000,575835,
1535774400,579732,
1538366400,583676,
1541044800,587606,1
1543640400,592173,2
1546318800,595740,3
1548997200,600167,4
1551416400,604599,5
1554091200,609827,6
1556683200,614656,7
1559361600,619551,8
1561953600,624191,9
1564632000,629013,10
1567310400,633714,11
1569902400,638546,12
1572580800,643285,13
1575176400,648039,14
1577854800,652788,15
1580533200,657673,16
1583038800,662132,17
1585713600,667477,18
1588305600,672825,19
1590984000,678429,20
1593576000,683508,21
1596254400,688772,22
1598932800,693899,23
1601524800,699157,24
1604203200,704875,25
1606798800,711326,26
