1519880400,531431,
1522555200,534672,
1525147200,538148,
1527825600,541829,
1530417600,545853,
1533096000,550005,
1535774400,554045,1
1538366400,558127,2
1541044800,562146,3
1543640400,566806,4
1546318800,570453,5
1548997200,113783,0
1551416400,116291,0
1554091200,119199,0
1556683200,121877,0
1559361600,124786,0
1561953600,127226,1
1564632000,85953,0
1567310400,87583,0
1569902400,89350,0
1572580800,90987,0
1575176400,92742,0
1577854800,85843,0
1580533200,87332,0
1583038800,88806,0
1585713600,90442,0
1588305600,89895,0
1590984000,91247,0
1593576000,92252,0
1596254400,86576,0
1598932800,87958,0
1601524800,89335,0
1604203200,86628,0
1606798800,88834,0
