1522555200,539930,
1525147200,543330,
1527825600,546951,
1530417600,550935,
1533096000,555049,
1535774400,559063,
1538366400,563107,1
1541044800,567109,2
1543640400,571750,3
1546318800,575383,4
1548997200,579868,5
1551416400,584339,6
1554091200,589620,7
1556683200,594495,8
1559361600,599430,9
1561953600,604087,10
1564632000,608952,11
1567310400,613686,12
1569902400,618557,13
1572580800,623335,14
1575176400,628136,15
1577854800,632898,16
1580533200,637812,17
1583038800,642285,18
1585713600,647661,19
1588305600,653036,20
1590984000,658657,21
1593576000,663750,22
1596254400,669031,23
1598932800,674177,24
1601524800,679448,25
1604203200,685181,26
1606798800,691652,27
