1519880400,530682,
1522555200,533960,
1525147200,537441,
1527825600,541135,
1530417600,545162,
1533096000,549322,
1535774400,553357,1
1538366400,557435,2
1541044800,561457,3
1543640400,566119,4
1546318800,569769,5
1548997200,574273,6
1551416400,578767,7
1554091200,584058,8
1556683200,588947,9
1559361600,593891,10
1561953600,598559,11
1564632000,603431,12
1567310400,608175,13
1569902400,613057,14
1572580800,617846,15
1575176400,622661,16
1577854800,627431,17
1580533200,632350,18
1583038800,636829,19
1585713600,642208,20
1588305600,647588,21
1590984000,653202,22
1593576000,658307,23
1596254400,663591,24
1598932800,668745,25
1601524800,674022,26
1604203200,679755,27
1606798800,686228,28
