1493611200,375053,
1496289600,377686,
1498881600,380927,
1501560000,384162,
1504238400,387457,
1506830400,390470,
1509508800,394121,1
1512104400,397698,2
1514782800,401309,3
1517461200,405514,4
1519880400,409226,5
1522555200,413487,6
1525147200,417549,7
1527825600,421759,8
1530417600,426207,9
1533096000,430806,10
1535774400,435190,11
1538366400,439644,12
1541044800,443975,13
1543640400,448890,14
1546318800,452783,15
1548997200,457561,16
1551416400,462271,17
1554091200,467769,18
1556683200,472848,19
1559361600,477996,20
1561953600,482811,21
1564632000,487881,22
1567310400,492768,23
1569902400,497787,24
1572580800,502683,25
1575176400,507592,26
1577854800,512476,27
1580533200,517490,28
1583038800,522074,29
1585713600,527544,30
1588305600,533005,31
1590984000,538695,32
1593576000,543896,33
1596254400,549275,34
1598932800,554502,35
1601524800,559859,36
1604203200,565662,37
1606798800,572193,38
