1525147200,141972,
1527825600,145729,
1530417600,135480,
1533096000,138963,
1535774400,143116,
1538366400,146542,
1541044800,149816,0
1543640400,162833,0
1546318800,166214,0
1548997200,112081,0
1551416400,106543,0
1554091200,101608,0
1556683200,98896,0
1559361600,92878,0
1561953600,92931,0
1564632000,90230,0
1567310400,91943,0
1569902400,98527,0
1572580800,96280,0
1575176400,98074,0
1577854800,100004,0
1580533200,101774,0
1583038800,99237,0
1585713600,98036,0
1588305600,99852,0
1590984000,78105,0
1593576000,72563,0
1596254400,93579,0
1598932800,91763,0
1601524800,123313,0
1604203200,125987,0
1606798800,129422,0
