1514782800,490697,
1517461200,494186,
1519880400,497467,
1522555200,501265,
1525147200,504971,
1527825600,508866,
1530417600,513035,1
1533096000,517362,2
1535774400,521522,3
1538366400,525744,4
1541044800,529886,5
1543640400,534598,6
1546318800,538315,7
1548997200,542911,8
1551416400,547460,9
1554091200,552824,10
1556683200,557763,11
1559361600,562756,12
1561953600,567480,13
1564632000,572416,14
1567310400,577206,15
1569902400,582120,16
1572580800,586949,17
1575176400,591784,18
1577854800,596583,19
1580533200,601533,20
1583038800,606052,21
1585713600,611450,22
1588305600,616848,23
1590984000,622486,24
1593576000,627610,25
1596254400,632917,26
1598932800,638095,27
1601524800,643398,28
1604203200,649148,29
1606798800,655637,30
