1564632000,843110,
1567310400,846902,
1569902400,851034,
1572580800,855117,
1575176400,859368,
1577854800,863607,
1580533200,868008,1
1583038800,872024,2
1585713600,876841,3
1588305600,881628,4
1590984000,886633,5
1593576000,891291,6
1596254400,896056,7
1598932800,900765,8
1601524800,905587,9
1604203200,910053,10
1606798800,914436,11
1609477200,919015,12
1612155600,924030,13
1614574800,928814,14
1617249600,936105,15
1619841600,942364,16
1622520000,948113,17
1625112000,959254,18
1627790400,964508,19
