1412136000,23623,
1414814400,23460,
1417410000,24220,
1420088400,25293,
1422766800,25584,
1425186000,26849,
1427860800,26759,1
1430452800,26736,0
1433131200,23672,0
1435723200,24663,0
1438401600,25781,0
1441080000,25225,0
1443672000,25177,0
1446350400,25039,0
1448946000,23687,0
1451624400,24045,0
1454302800,25443,0
1456808400,26067,0
1459483200,26769,0
1462075200,25934,0
1464753600,27069,0
1467345600,8267,0
1470024000,8472,0
1472702400,8620,0
1475294400,7582,0
1477972800,7454,0
1480568400,7674,0
1483246800,7775,0
1485925200,7528,0
1488344400,7735,0
1491019200,7959,0
1493611200,8040,0
1496289600,8013,0
1498881600,8102,0
1501560000,8225,0
1504238400,8506,0
1506830400,8632,0
1509508800,8852,1
1512104400,8942,2
1514782800,9161,3
1517461200,9201,4
1519880400,9387,5
1522555200,9588,6
1525147200,9744,7
1527825600,9784,8
1530417600,9729,0
1533096000,9784,0
1535774400,6765,0
1538366400,6840,0
1541044800,6796,0
1543640400,6853,0
1546318800,6900,0
1548997200,6914,0
1551416400,6886,0
1554091200,6975,0
1556683200,7020,0
1559361600,7091,0
1561953600,7174,0
1564632000,7285,1
1567310400,7407,2
1569902400,7502,3
1572580800,7450,0
1575176400,7554,0
1577854800,7549,0
1580533200,7564,0
1583038800,7802,0
1585713600,7876,0
1588305600,7943,0
1590984000,8078,1
1593576000,8017,0
1596254400,8022,0
1598932800,8144,0
1601524800,8213,0
1604203200,8249,0
1606798800,8336,1
