1527825600,580446,
1530417600,584004,
1533096000,587817,
1535774400,591604,
1538366400,595497,
1541044800,599452,
1543640400,603950,1
1546318800,607494,2
1548997200,611888,3
1551416400,616238,4
1554091200,621451,5
1556683200,626247,6
1559361600,631119,7
1561953600,635746,8
1564632000,640547,9
1567310400,645212,10
1569902400,650024,11
1572580800,654738,12
1575176400,659466,13
1577854800,664189,14
1580533200,669063,15
1583038800,673513,16
1585713600,678839,17
1588305600,684171,18
1590984000,689756,19
1593576000,694830,20
1596254400,700087,21
1598932800,705210,22
1601524800,710461,23
1604203200,716168,24
1606798800,722610,25
