1456808400,206516,
1459483200,209105,
1462075200,211589,
1464753600,214193,
1467345600,216522,
1470024000,219260,
1472702400,222072,1
1475294400,224864,2
1477972800,227849,3
1480568400,230592,4
1483246800,233531,5
1485925200,236408,6
1488344400,239649,7
1491019200,243202,8
1493611200,246657,9
1496289600,250213,10
1498881600,254188,11
1501560000,258102,12
1504238400,261825,13
1506830400,265270,14
1509508800,269404,15
1512104400,273362,16
1514782800,277360,17
1517461200,281987,18
1519880400,285947,19
1522555200,290486,20
1525147200,294852,21
1527825600,299332,22
1530417600,303984,23
1533096000,308923,24
1535774400,313560,25
1538366400,318184,26
1541044800,322707,27
1543640400,327846,28
1546318800,331916,29
1548997200,336831,30
1551416400,341728,31
1554091200,347360,32
1556683200,352562,33
1559361600,357843,34
1561953600,362730,35
1564632000,367909,36
1567310400,372914,37
1569902400,378013,38
1572580800,382996,39
1575176400,387986,40
1577854800,392950,41
1580533200,398043,42
1583038800,402684,43
1585713600,408225,44
1588305600,413770,45
1590984000,419534,46
1593576000,424813,47
1596254400,430264,48
1598932800,435552,49
1601524800,440978,50
1604203200,446833,51
1606798800,453422,52
