1559361600,809012,
1561953600,812658,
1564632000,816632,
1567310400,102322,
1569902400,131506,
1572580800,133964,
1575176400,136354,
1577854800,138806,
1580533200,141279,
1583038800,143408,1
1585713600,145922,2
1588305600,148553,3
1590984000,151253,4
1593576000,153625,5
1596254400,156091,6
1598932800,158525,7
1601524800,160951,8
1604203200,163211,9
1606798800,165424,10
1609477200,167775,11
1612155600,170429,12
1614574800,172819,13
1617249600,177353,14
1619841600,180948,15
1622520000,184051,16
1625112000,189536,17
1627790400,192402,18
