1475294400,86872,
1477972800,90066,
1480568400,93093,
1483246800,96184,
1485925200,99206,
1488344400,102683,
1491019200,106433,1
1493611200,109956,2
1496289600,113697,3
1498881600,117660,4
1501560000,121501,5
1504238400,125355,6
1506830400,128781,7
1509508800,132956,8
1512104400,136992,9
1514782800,141093,10
1517461200,145704,11
1519880400,149701,12
1522555200,154229,13
1525147200,158476,14
1527825600,162804,15
1530417600,167527,16
1533096000,172048,17
1535774400,177086,18
1538366400,181684,19
1541044800,186092,20
1543640400,191081,21
1546318800,195018,22
1548997200,199813,23
1551416400,204564,24
1554091200,209998,25
1556683200,215146,26
1559361600,220350,27
1561953600,225152,28
1564632000,230112,29
1567310400,235052,30
1569902400,240035,31
1572580800,244798,32
1575176400,249681,33
1577854800,254531,34
1580533200,259426,35
1583038800,263907,36
1585713600,269193,37
1588305600,274625,38
1590984000,280255,39
1593576000,285129,40
1596254400,290364,41
1598932800,295316,42
1601524800,300204,43
1604203200,305724,44
1606798800,312082,45
