1504238400,427538,
1506830400,430231,
1509508800,433551,
1512104400,436905,
1514782800,440335,
1517461200,444348,
1519880400,447921,1
1522555200,452014,2
1525147200,455945,3
1527825600,460038,4
1530417600,464376,5
1533096000,468876,6
1535774400,473164,7
1538366400,477546,8
1541044800,481808,9
1543640400,486626,10
1546318800,490453,11
1548997200,495155,12
1551416400,499798,13
1554091200,505244,14
1556683200,510268,15
1559361600,515360,16
1561953600,520145,17
1564632000,525175,18
1567310400,530026,19
1569902400,535003,20
1572580800,539857,21
1575176400,544724,22
1577854800,549567,23
1580533200,554554,24
1583038800,559109,25
1585713600,564552,26
1588305600,569982,27
1590984000,575658,28
1593576000,580828,29
1596254400,586183,30
1598932800,591388,31
1601524800,596727,32
1604203200,602507,33
1606798800,609026,34
