1538366400,652303,
1541044800,655748,
1543640400,659896,
1546318800,663221,
1548997200,667401,
1551416400,671548,
1554091200,676512,1
1556683200,681134,2
1559361600,685871,3
1561953600,690333,4
1564632000,694987,5
1567310400,699565,6
1569902400,704268,7
1572580800,708875,8
1575176400,713552,9
1577854800,718202,10
1580533200,722990,11
1583038800,727371,12
1585713600,732636,13
1588305600,737890,14
1590984000,743402,15
1593576000,748411,16
1596254400,753608,17
1598932800,758689,18
1601524800,763902,19
1604203200,769573,20
1606798800,775959,21
