1459483200,214747,
1462075200,217126,
1464753600,219653,
1467345600,221923,
1470024000,224629,
1472702400,227396,
1475294400,230162,1
1477972800,233115,2
1480568400,235826,3
1483246800,238745,4
1485925200,241594,5
1488344400,244822,6
1491019200,248358,7
1493611200,251802,8
1496289600,255340,9
1498881600,259293,10
1501560000,263187,11
1504238400,266901,12
1506830400,270335,13
1509508800,274462,14
1512104400,278410,15
1514782800,282404,16
1517461200,287025,17
1519880400,290976,18
1522555200,295511,19
1525147200,299868,20
1527825600,304340,21
1530417600,308985,22
1533096000,313921,23
1535774400,318551,24
1538366400,323168,25
1541044800,327687,26
1543640400,332817,27
1546318800,336888,28
1548997200,341802,29
1551416400,346696,30
1554091200,352318,31
1556683200,357519,32
1559361600,362795,33
1561953600,367677,34
1564632000,372851,35
1567310400,377855,36
1569902400,382950,37
1572580800,387931,38
1575176400,392921,39
1577854800,397885,40
1580533200,402975,41
1583038800,407615,42
1585713600,413151,43
1588305600,418692,44
1590984000,424452,45
1593576000,429729,46
1596254400,435176,47
1598932800,440464,48
1601524800,445888,49
1604203200,451741,50
1606798800,458328,51
