1541044800,661138,
1543640400,665219,
1546318800,668705,
1548997200,672852,
1551416400,676975,
1554091200,212888,
1556683200,218130,0
1559361600,223308,0
1561953600,228168,0
1564632000,233283,0
1567310400,238290,1
1569902400,191884,0
1572580800,195550,0
1575176400,202022,0
1577854800,205796,0
1580533200,209627,0
1583038800,213224,1
1585713600,217398,2
1588305600,221697,3
1590984000,225923,4
1593576000,229625,5
1596254400,60144,0
1598932800,61090,0
1601524800,61115,0
1604203200,62595,0
1606798800,63524,0
