1480568400,310458,
1483246800,312617,
1485925200,315000,
1488344400,317840,
1491019200,321006,
1493611200,324132,
1496289600,327343,1
1498881600,331024,2
1501560000,334635,3
1504238400,338175,4
1506830400,341397,5
1509508800,135444,0
1512104400,132695,0
1514782800,136516,0
1517461200,142226,0
1519880400,146110,0
1522555200,150426,0
1525147200,154553,1
1527825600,158728,2
1530417600,163262,3
1533096000,167651,4
1535774400,172587,5
1538366400,176861,6
1541044800,181280,7
1543640400,186043,8
1546318800,189993,9
1548997200,194617,10
1551416400,199200,11
1554091200,204484,12
1556683200,209485,13
1559361600,214528,14
1561953600,219105,15
1564632000,223939,16
1567310400,228789,17
1569902400,233728,18
1572580800,238334,19
1575176400,242918,20
1577854800,247553,21
1580533200,252314,22
1583038800,256693,23
1585713600,261800,24
1588305600,266999,25
1590984000,272383,26
1593576000,277188,27
1596254400,282210,28
1598932800,286969,29
1601524800,291704,30
1604203200,297058,31
1606798800,303317,32
