1530417600,20743,
1533096000,21207,
1535774400,26768,
1538366400,27387,
1541044800,27978,
1543640400,28652,
1546318800,29252,0
1548997200,29886,1
1551416400,30620,2
1554091200,31390,3
1556683200,32092,4
1559361600,32814,5
1561953600,33453,6
1564632000,34154,7
1567310400,34795,8
1569902400,35468,9
1572580800,36098,10
1575176400,36777,11
1577854800,37459,12
1580533200,38111,13
1583038800,38715,14
1585713600,39374,15
1588305600,40086,16
1590984000,40862,17
1593576000,41504,18
1596254400,42178,19
1598932800,42807,20
1601524800,43440,21
1604203200,44055,22
1606798800,44667,23
