1538366400,116773,
1541044800,119436,
1543640400,122478,
1546318800,124878,
1548997200,127729,
1551416400,130472,
1554091200,133669,1
1556683200,136669,2
1559361600,139793,3
1561953600,142592,4
1564632000,145481,5
1567310400,148324,6
1569902400,151393,7
1572580800,154207,8
1575176400,156944,9
1577854800,159798,10
1580533200,162695,11
1583038800,165290,12
1585713600,168356,13
1588305600,171613,14
1590984000,174783,15
1593576000,177536,16
1596254400,180363,17
1598932800,183352,18
1601524800,186286,19
1604203200,190056,20
1606798800,194318,21
