1551416400,745250,
1554091200,749499,
1556683200,753491,
1559361600,757782,
1561953600,761898,
1564632000,766226,
1567310400,770563,1
1569902400,775038,2
1572580800,779423,3
1575176400,783884,4
1577854800,788372,5
1580533200,792935,6
1583038800,797084,7
1585713600,802089,8
1588305600,807055,9
1590984000,812185,10
1593576000,816971,11
1596254400,821853,12
1598932800,826648,13
1601524800,831595,14
1604203200,836146,15
1606798800,840610,16
1609477200,845239,17
1612155600,850323,18
1614574800,855176,19
1617249600,862532,20
1619841600,868849,21
1622520000,874642,22
1625112000,885920,23
