1472702400,276555,
1475294400,278756,
1477972800,281211,
1480568400,283570,
1483246800,286177,
1485925200,288802,
1488344400,291840,1
1491019200,295169,2
1493611200,298446,3
1496289600,301780,4
1498881600,305570,5
1501560000,309286,6
1504238400,312897,7
1506830400,316204,8
1509508800,320211,9
1512104400,324058,10
1514782800,327943,11
1517461200,332459,12
1519880400,336356,13
1522555200,340811,14
1525147200,345076,15
1527825600,349456,16
1530417600,354036,17
1533096000,358846,18
1535774400,363400,19
1538366400,367961,20
1541044800,372417,21
1543640400,377478,22
1546318800,381512,23
1548997200,386382,24
1551416400,391195,25
1554091200,396780,26
1556683200,401947,27
1559361600,407187,28
1561953600,412037,29
1564632000,417179,30
1567310400,422149,31
1569902400,427221,32
1572580800,432171,33
1575176400,437138,34
1577854800,442065,35
1580533200,447135,36
1583038800,451755,37
1585713600,457278,38
1588305600,462793,39
1590984000,468530,40
1593576000,473780,41
1596254400,479202,42
1598932800,484466,43
1601524800,489866,44
1604203200,495710,45
1606798800,502281,46
