1435723200,23931,
1438401600,14009,
1441080000,18539,
1443672000,19284,
1446350400,20175,
1448946000,20944,
1451624400,21688,0
1454302800,12943,0
1456808400,13379,0
1459483200,13757,0
1462075200,11536,0
1464753600,11937,0
1467345600,12190,0
1470024000,12507,0
1472702400,12884,0
1475294400,12926,1
1477972800,13280,2
1480568400,13350,3
1483246800,13599,4
1485925200,13947,5
1488344400,14413,6
1491019200,14835,7
1493611200,15294,8
1496289600,15600,9
1498881600,15891,10
1501560000,11242,0
1504238400,11356,0
1506830400,11697,0
1509508800,12099,0
1512104400,12389,0
1514782800,12699,1
1517461200,13065,2
1519880400,13414,3
1522555200,13514,4
1525147200,13691,5
1527825600,13088,0
1530417600,13403,0
1533096000,13657,0
1535774400,11915,0
1538366400,12189,0
1541044800,12435,0
1543640400,12704,0
1546318800,12999,0
1548997200,13257,1
1551416400,13495,2
1554091200,13841,3
1556683200,14041,4
1559361600,14332,5
1561953600,14628,6
1564632000,14886,7
1567310400,15187,8
1569902400,15475,9
1572580800,15784,10
1575176400,16085,11
1577854800,16444,12
1580533200,16703,13
1583038800,16990,14
1585713600,17286,15
1588305600,17570,16
1590984000,17905,17
1593576000,18190,18
1596254400,18451,19
1598932800,18701,20
1601524800,18983,21
1604203200,19246,22
1606798800,19489,23
