1527825600,137681,
1530417600,143285,
1533096000,146981,
1535774400,152869,
1538366400,156457,
1541044800,160147,
1543640400,164303,1
1546318800,167676,2
1548997200,171656,3
1551416400,175528,4
1554091200,180062,5
1556683200,184343,6
1559361600,188689,7
1561953600,192693,8
1564632000,196739,9
1567310400,200810,10
1569902400,204914,11
1572580800,208846,12
1575176400,212700,13
1577854800,216681,14
1580533200,220773,15
1583038800,224530,16
1585713600,228800,17
1588305600,233419,18
1590984000,238016,19
1593576000,241906,20
1596254400,246134,21
1598932800,250260,22
1601524800,254181,23
1604203200,259020,24
1606798800,264514,25
