1535774400,628615,
1538366400,632212,
1541044800,635948,
1543640400,640266,
1546318800,643685,
1548997200,647953,
1551416400,652183,1
1554091200,657237,2
1556683200,661929,3
1559361600,666721,4
1561953600,671251,5
1564632000,675970,6
1567310400,680582,7
1569902400,685335,8
1572580800,689976,9
1575176400,694656,10
1577854800,699331,11
1580533200,704155,12
1583038800,708559,13
1585713600,713850,14
1588305600,719142,15
1590984000,724694,16
1593576000,729725,17
1596254400,734955,18
1598932800,740051,19
1601524800,745282,20
1604203200,750964,21
1606798800,757363,22
