1404187200,64600,
1406865600,65640,
1409544000,66923,
1412136000,68202,
1414814400,69617,
1417410000,71058,
1420088400,72420,1
1422766800,74068,2
1425186000,75652,3
1427860800,77345,4
1430452800,79076,5
1433131200,81072,6
1435723200,83013,7
1438401600,85376,8
1441080000,87811,9
1443672000,90359,10
1446350400,92881,11
1448946000,95590,12
1451624400,98572,13
1454302800,101458,14
1456808400,104359,15
1459483200,107868,16
1462075200,111089,17
1464753600,114293,18
1467345600,117110,19
1470024000,120266,20
1472702400,123536,21
1475294400,126714,22
1477972800,130047,23
1480568400,133104,24
1483246800,136318,25
1485925200,139387,26
1488344400,142902,27
1491019200,146728,28
1493611200,150439,29
1496289600,154229,30
1498881600,158417,31
1501560000,162530,32
1504238400,166481,33
1506830400,170084,34
1509508800,174475,35
1512104400,178583,36
1514782800,182740,37
1517461200,187549,38
1519880400,191631,39
1522555200,196286,40
1525147200,200760,41
1527825600,205339,42
1530417600,210115,43
1533096000,215166,44
1535774400,219913,45
1538366400,224607,46
1541044800,229237,47
1543640400,234467,48
1546318800,238624,49
1548997200,243593,50
1551416400,248545,51
1554091200,254244,52
1556683200,259492,53
1559361600,264821,54
1561953600,269747,55
1564632000,274971,56
1567310400,280043,57
1569902400,285187,58
1572580800,290204,59
1575176400,295240,60
1577854800,300234,61
1580533200,305375,62
1583038800,310038,63
1585713600,315611,64
1588305600,321186,65
1590984000,326983,66
1593576000,332294,67
1596254400,337775,68
1598932800,343105,69
1601524800,348565,70
1604203200,354452,71
1606798800,361069,72
