1401595200,5558,
1404187200,5877,
1406865600,6183,
1409544000,6525,
1412136000,6855,
1414814400,7153,
1417410000,7498,1
1420088400,7838,2
1422766800,8285,3
1425186000,8654,4
1427860800,9025,5
1430452800,9412,6
1433131200,9792,7
1435723200,10216,8
1438401600,10706,9
1441080000,11177,10
1443672000,11644,11
1446350400,12147,12
1448946000,12660,13
1451624400,13208,14
1454302800,13765,15
1456808400,14269,16
1459483200,14812,17
1462075200,15690,18
1464753600,16251,19
1467345600,16831,20
1470024000,17339,21
1472702400,17926,22
1475294400,18481,23
1477972800,19098,24
1480568400,19651,25
1483246800,20217,26
1485925200,20778,27
1488344400,21493,28
1491019200,22190,29
1493611200,22836,30
1496289600,23465,31
1498881600,24238,32
1501560000,24971,33
1504238400,25646,34
1506830400,26277,35
1509508800,27068,36
1512104400,27757,37
1514782800,28493,38
1517461200,29319,39
1519880400,30113,40
1522555200,30878,41
1525147200,31753,42
1527825600,32526,43
1530417600,33333,44
1533096000,34071,45
1535774400,40942,0
1538366400,41871,0
1541044800,42693,0
1543640400,43757,0
1546318800,44741,0
1548997200,45743,1
1551416400,46774,2
1554091200,47977,3
1556683200,49070,4
1559361600,50185,5
1561953600,51137,6
1564632000,52206,7
1567310400,53217,8
1569902400,54295,9
1572580800,55252,10
1575176400,56308,11
1577854800,57380,12
1580533200,58278,13
1583038800,59273,14
1585713600,60327,15
1588305600,61449,16
1590984000,62667,17
1593576000,63586,18
1596254400,64611,19
1598932800,65634,20
1601524800,66666,21
1604203200,68158,22
1606798800,70126,23
