1559361600,797014,
1561953600,800854,
1564632000,804946,
1567310400,809091,
1569902400,813429,
1572580800,817676,
1575176400,822050,1
1577854800,826439,2
1580533200,830933,3
1583038800,835025,4
1585713600,839948,5
1588305600,844827,6
1590984000,849902,7
1593576000,854624,8
1596254400,859438,9
1598932800,864200,10
1601524800,869082,11
1604203200,873584,12
1606798800,878009,13
1609477200,882617,14
1612155600,887676,15
1614574800,892494,16
1617249600,899817,17
1619841600,906099,18
1622520000,911871,19
1625112000,923088,20
