1412136000,81615,
1414814400,82729,
1417410000,25298,
1420088400,26519,
1422766800,27920,
1425186000,29295,
1427860800,30647,0
1430452800,32123,1
1433131200,33649,2
1435723200,35183,3
1438401600,37030,4
1441080000,38932,5
1443672000,40843,6
1446350400,42756,7
1448946000,44681,8
1451624400,46812,9
1454302800,48771,10
1456808400,50816,11
1459483200,53180,12
1462075200,55417,13
1464753600,57665,14
1467345600,59737,15
1470024000,61915,16
1472702400,64091,17
1475294400,66243,18
1477972800,68515,19
1480568400,70630,20
1483246800,72708,21
1485925200,74860,22
1488344400,77370,23
1491019200,80026,24
1493611200,82495,25
1496289600,85094,26
1498881600,87764,27
1501560000,90479,28
1504238400,93039,29
1506830400,95352,30
1509508800,98035,31
1512104400,100767,32
1514782800,103403,33
1517461200,106621,34
1519880400,109310,35
1522555200,112236,36
1525147200,115196,37
1527825600,118163,38
1530417600,121286,39
1533096000,124336,40
1535774400,131285,41
1538366400,134360,42
1541044800,137491,43
1543640400,141041,44
1546318800,143844,45
1548997200,147227,46
1551416400,150548,47
1554091200,154306,48
1556683200,157824,49
1559361600,161484,50
1561953600,164872,51
1564632000,168267,52
1567310400,171645,53
1569902400,175232,54
1572580800,178611,55
1575176400,181808,56
1577854800,185124,57
1580533200,188559,58
1583038800,191694,59
1585713600,195264,60
1588305600,199166,61
1590984000,202965,62
1593576000,206270,63
1596254400,209892,64
1598932800,213386,65
1601524800,216746,66
1604203200,220825,67
1606798800,225723,68
