1514782800,496352,
1517461200,499689,
1519880400,502925,
1522555200,506672,
1525147200,510343,
1527825600,514215,
1530417600,518360,1
1533096000,522664,2
1535774400,526807,3
1538366400,531015,4
1541044800,535134,5
1543640400,539857,6
1546318800,543561,7
1548997200,548132,8
1551416400,552681,9
1554091200,558035,10
1556683200,562969,11
1559361600,567947,12
1561953600,572667,13
1564632000,577588,14
1567310400,582370,15
1569902400,587278,16
1572580800,592100,17
1575176400,596927,18
1577854800,601725,19
1580533200,606667,20
1583038800,611178,21
1585713600,616574,22
1588305600,621971,23
1590984000,627605,24
1593576000,632727,25
1596254400,638030,26
1598932800,643206,27
1601524800,648500,28
1604203200,654250,29
1606798800,660735,30
