1501560000,412592,
1504238400,415582,
1506830400,418401,
1509508800,421833,
1512104400,425264,
1514782800,428776,
1517461200,432845,1
1519880400,436461,2
1522555200,440605,3
1525147200,444590,4
1527825600,448722,5
1530417600,453078,6
1533096000,457621,7
1535774400,461938,8
1538366400,466356,9
1541044800,470639,10
1543640400,475492,11
1546318800,479335,12
1548997200,484055,13
1551416400,488726,14
1554091200,494188,15
1556683200,499226,16
1559361600,504335,17
1561953600,509121,18
1564632000,514177,19
1567310400,519042,20
1569902400,524022,21
1572580800,528890,22
1575176400,533772,23
1577854800,538627,24
1580533200,543631,25
1583038800,548191,26
1585713600,553641,27
1588305600,559084,28
1590984000,564765,29
1593576000,569943,30
1596254400,575301,31
1598932800,580510,32
1601524800,585859,33
1604203200,591642,34
1606798800,598166,35
