1409544000,73258,
1412136000,74432,
1414814400,75751,
1417410000,77128,
1420088400,78437,
1422766800,80023,
1425186000,81562,1
1427860800,83206,2
1430452800,84900,3
1433131200,86850,4
1435723200,88769,5
1438401600,91111,6
1441080000,93508,7
1443672000,96032,8
1446350400,98534,9
1448946000,101215,10
1451624400,104171,11
1454302800,107033,12
1456808400,109929,13
1459483200,113426,14
1462075200,116621,15
1464753600,119810,16
1467345600,122621,17
1470024000,125761,18
1472702400,129015,19
1475294400,132177,20
1477972800,135496,21
1480568400,138533,22
1483246800,141741,23
1485925200,144798,24
1488344400,148303,25
1491019200,152116,26
1493611200,155817,27
1496289600,159599,28
1498881600,163784,29
1501560000,167884,30
1504238400,171829,31
1506830400,175432,32
1509508800,179803,33
1512104400,183905,34
1514782800,188059,35
1517461200,192858,36
1519880400,196934,37
1522555200,201584,38
1525147200,206045,39
1527825600,210619,40
1530417600,215390,41
1533096000,220439,42
1535774400,225184,43
1538366400,229876,44
1541044800,234501,45
1543640400,239736,46
1546318800,243887,47
1548997200,248855,48
1551416400,253806,49
1554091200,259502,50
1556683200,264749,51
1559361600,270076,52
1561953600,274997,53
1564632000,280219,54
1567310400,285287,55
1569902400,290431,56
1572580800,295445,57
1575176400,300477,58
1577854800,305468,59
1580533200,310606,60
1583038800,315270,61
1585713600,320845,62
1588305600,326414,63
1590984000,332212,64
1593576000,337522,65
1596254400,343003,66
1598932800,348334,67
1601524800,353793,68
1604203200,359678,69
1606798800,366295,70
