1551416400,130022,
1554091200,133160,
1556683200,136067,
1559361600,139195,
1561953600,141937,
1564632000,144790,
1567310400,147606,1
1569902400,150636,2
1572580800,153432,3
1575176400,156083,4
1577854800,158903,5
1580533200,161742,6
1583038800,164226,7
1585713600,167206,8
1588305600,170346,9
1590984000,173415,10
1593576000,176098,11
1596254400,178842,12
1598932800,181717,13
1601524800,184501,14
1604203200,187091,15
1606798800,189529,16
1609477200,192298,17
1612155600,195330,18
1614574800,198060,19
1617249600,202995,20
1619841600,207005,21
1622520000,210620,22
1625112000,217068,23
