1535774400,634406,
1538366400,637886,
1541044800,641572,
1543640400,645858,
1546318800,649256,
1548997200,653509,
1551416400,657715,1
1554091200,662752,2
1556683200,667429,3
1559361600,672212,4
1561953600,676721,5
1564632000,681428,6
1567310400,686036,7
1569902400,690777,8
1572580800,695409,9
1575176400,700085,10
1577854800,704751,11
1580533200,709561,12
1583038800,713952,13
1585713600,719240,14
1588305600,724523,15
1590984000,730070,16
1593576000,735097,17
1596254400,740315,18
1598932800,745410,19
1601524800,750638,20
1604203200,756318,21
1606798800,762710,22
