1414814400,86106,
1417410000,87251,
1420088400,88442,
1422766800,89905,
1425186000,91344,
1427860800,92895,
1430452800,94510,1
1433131200,96367,2
1435723200,98219,3
1438401600,100491,4
1441080000,102825,5
1443672000,105275,6
1446350400,107741,7
1448946000,110375,8
1451624400,113287,9
1454302800,116101,10
1456808400,118948,11
1459483200,122414,12
1462075200,125576,13
1464753600,128734,14
1467345600,131522,15
1470024000,134636,16
1472702400,137863,17
1475294400,140999,18
1477972800,144300,19
1480568400,147313,20
1483246800,150504,21
1485925200,153555,22
1488344400,157041,23
1491019200,160838,24
1493611200,164525,25
1496289600,168295,26
1498881600,172460,27
1501560000,176558,28
1504238400,180493,29
1506830400,184077,30
1509508800,188434,31
1512104400,192530,32
1514782800,196672,33
1517461200,201465,34
1519880400,205534,35
1522555200,210171,36
1525147200,214624,37
1527825600,219195,38
1530417600,223962,39
1533096000,229004,40
1535774400,233742,41
1538366400,238432,42
1541044800,243052,43
1543640400,248281,44
1546318800,252425,45
1548997200,257395,46
1551416400,262339,47
1554091200,268032,48
1556683200,273276,49
1559361600,278598,50
1561953600,283517,51
1564632000,288737,52
1567310400,293800,53
1569902400,298942,54
1572580800,303953,55
1575176400,308982,56
1577854800,313975,57
1580533200,319111,58
1583038800,323771,59
1585713600,329348,60
1588305600,334916,61
1590984000,340712,62
1593576000,346017,63
1596254400,351494,64
1598932800,356822,65
1601524800,362278,66
1604203200,368158,67
1606798800,374774,68
