1533096000,117281,
1535774400,124637,
1538366400,127512,
1541044800,130513,
1543640400,133856,
1546318800,136514,
1548997200,128809,0
1551416400,131698,0
1554091200,135000,0
1556683200,138067,0
1559361600,136314,0
1561953600,139083,0
1564632000,141946,0
1567310400,144787,0
1569902400,147821,0
1572580800,150624,1
1575176400,153312,2
1577854800,156139,3
1580533200,159042,4
1583038800,161611,5
1585713600,164691,6
1588305600,167920,7
1590984000,171097,8
1593576000,173861,9
1596254400,176648,10
1598932800,179652,11
1601524800,182574,12
1604203200,186106,13
1606798800,190336,14
