1554091200,768548,
1556683200,772198,
1559361600,776342,
1561953600,780357,
1564632000,784577,
1567310400,788835,
1569902400,793272,1
1572580800,797586,2
1575176400,801998,3
1577854800,806434,4
1580533200,810969,5
1583038800,815098,6
1585713600,820065,7
1588305600,824982,8
1590984000,830097,9
1593576000,834850,10
1596254400,839696,11
1598932800,844463,12
1601524800,849375,13
1604203200,853899,14
1606798800,858343,15
1609477200,862960,16
1612155600,868031,17
1614574800,872871,18
1617249600,880213,19
1619841600,886511,20
1622520000,892290,21
1625112000,903540,22
1627790400,908836,23
