1446350400,167507,
1448946000,169408,
1451624400,171771,
1454302800,174106,
1456808400,176583,
1459483200,179711,
1462075200,182571,1
1464753600,185419,2
1467345600,187952,3
1470024000,190837,4
1472702400,193789,5
1475294400,196718,6
1477972800,199831,7
1480568400,202690,8
1483246800,205721,9
1485925200,208625,10
1488344400,211962,11
1491019200,215600,12
1493611200,219157,13
1496289600,222799,14
1498881600,226843,15
1501560000,230834,16
1504238400,234646,17
1506830400,238148,18
1509508800,242359,19
1512104400,246370,20
1514782800,250426,21
1517461200,255126,22
1519880400,259128,23
1522555200,263703,24
1525147200,268111,25
1527825600,272622,26
1530417600,277308,27
1533096000,282288,28
1535774400,286962,29
1538366400,291605,30
1541044800,296169,31
1543640400,301342,32
1546318800,305448,33
1548997200,310381,34
1551416400,315305,35
1554091200,320951,36
1556683200,326168,37
1559361600,331466,38
1561953600,336361,39
1564632000,341556,40
1567310400,346578,41
1569902400,351695,42
1572580800,356684,43
1575176400,361683,44
1577854800,366656,45
1580533200,371766,46
1583038800,376418,47
1585713600,381980,48
1588305600,387533,49
1590984000,393313,50
1593576000,398607,51
1596254400,404068,52
1598932800,409372,53
1601524800,414804,54
1604203200,420664,55
1606798800,427262,56
