1375329600,27786,
1378008000,28324,
1380600000,29071,
1383278400,29744,
1385874000,30569,
1388552400,31470,
1391230800,32533,1
1393650000,33492,2
1396324800,34707,3
1398916800,35887,4
1401595200,37244,5
1404187200,38600,6
1406865600,39915,7
1409544000,41517,8
1412136000,43035,9
1414814400,44647,10
1417410000,46266,11
1420088400,47762,12
1422766800,49583,13
1425186000,51304,14
1427860800,53147,15
1430452800,54983,16
1433131200,57124,17
1435723200,59164,18
1438401600,61652,19
1441080000,64165,20
1443672000,66823,21
1446350400,69449,22
1448946000,72242,23
1451624400,75290,24
1454302800,78235,25
1456808400,81212,26
1459483200,84764,27
1462075200,88048,28
1464753600,91305,29
1467345600,94171,30
1470024000,97385,31
1472702400,100713,32
1475294400,103945,33
1477972800,107322,34
1480568400,110419,35
1483246800,113664,36
1485925200,116757,37
1488344400,120301,38
1491019200,124165,39
1493611200,127892,40
1496289600,131705,41
1498881600,135918,42
1501560000,140065,43
1504238400,144056,44
1506830400,147669,45
1509508800,152113,46
1512104400,156240,47
1514782800,160417,48
1517461200,165246,49
1519880400,169340,50
1522555200,173992,51
1525147200,178487,52
1527825600,183080,53
1530417600,187867,54
1533096000,192938,55
1535774400,197703,56
1538366400,202404,57
1541044800,207044,58
1543640400,212283,59
1546318800,216444,60
1548997200,221426,61
1551416400,226387,62
1554091200,232094,63
1556683200,237345,64
1559361600,242679,65
1561953600,247611,66
1564632000,252845,67
1567310400,257924,68
1569902400,263073,69
1572580800,268100,70
1575176400,273141,71
1577854800,278151,72
1580533200,283298,73
1583038800,287964,74
1585713600,293535,75
1588305600,299116,76
1590984000,304914,77
1593576000,310230,78
1596254400,315719,79
1598932800,321052,80
1601524800,326517,81
1604203200,332412,82
1606798800,339036,83
