1309492800,1418,
1312171200,1518,
1314849600,1645,
1317441600,1801,
1320120000,1952,
1322715600,2110,
1325394000,2255,1
1328072400,2437,2
1330578000,2643,3
1333252800,2847,4
1335844800,3074,5
1338523200,3320,6
1341115200,3580,7
1343793600,3832,8
1346472000,4197,9
1349064000,4532,10
1351742400,4907,11
1354338000,1256,0
1357016400,1332,0
1359694800,1483,0
1362114000,1602,0
1364788800,1746,0
1367380800,1861,1
1370059200,2000,2
1372651200,2169,3
1375329600,2325,4
1378008000,2478,5
1380600000,2695,6
1383278400,2862,7
1385874000,3044,8
1388552400,3263,9
1391230800,3520,10
1393650000,3750,11
1396324800,4036,12
1398916800,4300,13
1401595200,4363,14
1404187200,4664,15
1406865600,3569,0
1409544000,3793,0
1412136000,3999,0
1414814400,4066,0
1417410000,4288,0
1420088400,4095,0
1422766800,3998,0
1425186000,4186,0
1427860800,4394,0
1430452800,4587,0
1433131200,4575,0
1435723200,4792,1
1438401600,4787,0
1441080000,4977,0
1443672000,4870,0
1446350400,5051,0
1448946000,5302,0
1451624400,5416,0
1454302800,5661,0
1456808400,5712,1
1459483200,5982,2
1462075200,6380,0
1464753600,6375,0
1467345600,6650,1
1470024000,6797,2
1472702400,7035,3
1475294400,7270,4
1477972800,7504,5
1480568400,7679,6
1483246800,7711,7
1485925200,7532,0
1488344400,7646,0
1491019200,7905,0
1493611200,8077,0
1496289600,8259,0
1498881600,8472,1
1501560000,8670,2
1504238400,8381,0
1506830400,8634,0
1509508800,8861,0
1512104400,9138,0
1514782800,9412,0
1517461200,9660,1
1519880400,9879,2
1522555200,10119,3
1525147200,10415,4
1527825600,10685,5
1530417600,10933,6
1533096000,11185,7
1535774400,12225,0
1538366400,12486,0
1541044800,12767,0
1543640400,12888,0
1546318800,13161,0
1548997200,13432,1
1551416400,13696,2
1554091200,14043,3
1556683200,14339,4
1559361600,14640,5
1561953600,14836,6
1564632000,13837,0
1567310400,15160,0
1569902400,15365,0
1572580800,15651,0
1575176400,15951,0
1577854800,16331,0
1580533200,16491,1
1583038800,16760,2
1585713600,16951,3
1588305600,17139,4
1590984000,17399,5
1593576000,17227,0
1596254400,17495,0
1598932800,17767,0
1601524800,17846,0
1604203200,18077,0
1606798800,18294,1
