1456808400,202844,
1459483200,205558,
1462075200,208111,
1464753600,210749,
1467345600,213108,
1470024000,215854,
1472702400,218694,1
1475294400,221501,2
1477972800,224508,3
1480568400,227265,4
1483246800,230211,5
1485925200,233108,6
1488344400,236357,7
1491019200,239920,8
1493611200,243385,9
1496289600,246954,10
1498881600,250936,11
1501560000,254860,12
1504238400,258588,13
1506830400,262038,14
1509508800,266187,15
1512104400,270151,16
1514782800,274156,17
1517461200,278795,18
1519880400,282758,19
1522555200,287301,20
1525147200,291671,21
1527825600,296156,22
1530417600,300812,23
1533096000,305757,24
1535774400,310399,25
1538366400,315027,26
1541044800,319552,27
1543640400,324698,28
1546318800,328769,29
1548997200,333687,30
1551416400,338588,31
1554091200,344221,32
1556683200,349425,33
1559361600,354709,34
1561953600,359600,35
1564632000,364781,36
1567310400,369789,37
1569902400,374889,38
1572580800,379871,39
1575176400,384861,40
1577854800,389825,41
1580533200,394921,42
1583038800,399564,43
1585713600,405108,44
1588305600,410657,45
1590984000,416423,46
1593576000,421706,47
1596254400,427157,48
1598932800,432448,49
1601524800,437873,50
1604203200,443728,51
1606798800,450317,52
