1564632000,848301,
1567310400,851992,
1569902400,856097,
1572580800,860148,
1575176400,864384,
1577854800,868590,
1580533200,872970,1
1583038800,876976,2
1585713600,881775,3
1588305600,886553,4
1590984000,891548,5
1593576000,896197,6
1596254400,900957,7
1598932800,905654,8
1601524800,910477,9
1604203200,914933,10
1606798800,919309,11
1609477200,923881,12
1612155600,928886,13
1614574800,933666,14
1617249600,940955,15
1619841600,947208,16
1622520000,952952,17
1625112000,964079,18
1627790400,969334,19
