1525147200,137627,
1527825600,141220,
1530417600,145080,
1533096000,148832,
1535774400,154593,
1538366400,148904,
1541044800,152487,0
1543640400,156323,0
1546318800,159543,0
1548997200,163343,0
1551416400,167088,1
1554091200,171371,2
1556683200,175437,3
1559361600,179553,4
1561953600,183358,5
1564632000,161054,0
1567310400,143193,0
1569902400,125070,0
1572580800,127495,0
1575176400,129905,0
1577854800,132319,0
1580533200,168181,0
1583038800,170924,0
1585713600,174258,0
1588305600,174637,0
1590984000,177909,0
1593576000,180734,1
1596254400,182299,2
1598932800,185311,3
1601524800,188279,4
1604203200,191837,5
1606798800,196178,6
