1561953600,825613,
1564632000,829389,
1567310400,833354,
1569902400,837573,
1572580800,841727,
1575176400,846022,
1577854800,850318,1
1580533200,854756,2
1583038800,858810,3
1585713600,863668,4
1588305600,868496,5
1590984000,873535,6
1593576000,878222,7
1596254400,883003,8
1598932800,887729,9
1601524800,892571,10
1604203200,897050,11
1606798800,901451,12
1609477200,906039,13
1612155600,911067,14
1614574800,915870,15
1617249600,923180,16
1619841600,929446,17
1622520000,935205,18
1625112000,946378,19
