1522555200,539814,
1525147200,543214,
1527825600,546834,
1530417600,550819,
1533096000,554934,
1535774400,558950,
1538366400,562994,1
1541044800,566997,2
1543640400,571638,3
1546318800,575271,4
1548997200,579756,5
1551416400,584227,6
1554091200,589508,7
1556683200,594383,8
1559361600,599318,9
1561953600,603975,10
1564632000,608840,11
1567310400,613574,12
1569902400,618445,13
1572580800,623223,14
1575176400,628025,15
1577854800,632787,16
1580533200,637701,17
1583038800,642174,18
1585713600,647550,19
1588305600,652925,20
1590984000,658546,21
1593576000,663639,22
1596254400,668921,23
1598932800,674067,24
1601524800,679338,25
1604203200,685071,26
1606798800,691542,27
