1435723200,132851,
1438401600,134696,
1441080000,136685,
1443672000,138830,
1446350400,141047,
1448946000,143370,
1451624400,146061,1
1454302800,148667,2
1456808400,151363,3
1459483200,154681,4
1462075200,157671,5
1464753600,160672,6
1467345600,163337,7
1470024000,166325,8
1472702400,169406,9
1475294400,172441,10
1477972800,175659,11
1480568400,178580,12
1483246800,181686,13
1485925200,184638,14
1488344400,188037,15
1491019200,191761,16
1493611200,195383,17
1496289600,199080,18
1498881600,203179,19
1501560000,207216,20
1504238400,211084,21
1506830400,214626,22
1509508800,218909,23
1512104400,222959,24
1514782800,227063,25
1517461200,231816,26
1519880400,235850,27
1522555200,240457,28
1525147200,244882,29
1527825600,249417,30
1530417600,254142,31
1533096000,259151,32
1535774400,263847,33
1538366400,268510,34
1541044800,273098,35
1543640400,278300,36
1546318800,282418,37
1548997200,287368,38
1551416400,292300,39
1554091200,297966,40
1556683200,303193,41
1559361600,308500,42
1561953600,313402,43
1564632000,318611,44
1567310400,323650,45
1569902400,328775,46
1572580800,333772,47
1575176400,338778,48
1577854800,343760,49
1580533200,348879,50
1583038800,353537,51
1585713600,359105,52
1588305600,364661,53
1590984000,370452,54
1593576000,375754,55
1596254400,381224,56
1598932800,386536,57
1601524800,391985,58
1604203200,397851,59
1606798800,404461,60
