1551416400,741602,
1554091200,745949,
1556683200,749976,
1559361600,754303,
1561953600,758445,
1564632000,762790,
1567310400,767135,1
1569902400,771619,2
1572580800,776010,3
1575176400,780477,4
1577854800,784980,5
1580533200,789555,6
1583038800,793715,7
1585713600,798729,8
1588305600,803703,9
1590984000,808837,10
1593576000,813625,11
1596254400,818510,12
1598932800,823307,13
1601524800,828257,14
1604203200,832815,15
1606798800,837283,16
1609477200,841913,17
1612155600,846998,18
1614574800,851853,19
1617249600,859212,20
1619841600,865531,21
1622520000,871324,22
1625112000,882607,23
