1367380800,3593,
1370059200,3800,
1372651200,4099,
1375329600,4382,
1378008000,4659,
1380600000,25266,
1383278400,25989,0
1385874000,26869,0
1388552400,27814,0
1391230800,28916,0
1393650000,29903,1
1396324800,31163,2
1398916800,32362,3
1401595200,33738,4
1404187200,35121,5
1406865600,36456,6
1409544000,38078,7
1412136000,39610,8
1414814400,41238,9
1417410000,42881,10
1420088400,44392,11
1422766800,46227,12
1425186000,47959,13
1427860800,49812,14
1430452800,51656,15
1433131200,53805,16
1435723200,55859,17
1438401600,58358,18
1441080000,60884,19
1443672000,63548,20
1446350400,66184,21
1448946000,68983,22
1451624400,72038,23
1454302800,74993,24
1456808400,77977,25
1459483200,81530,26
1462075200,84818,27
1464753600,88080,28
1467345600,90954,29
1470024000,94174,30
1472702400,97506,31
1475294400,100741,32
1477972800,104123,33
1480568400,107223,34
1483246800,110475,35
1485925200,113570,36
1488344400,117118,37
1491019200,120986,38
1493611200,124719,39
1496289600,128538,40
1498881600,132753,41
1501560000,136904,42
1504238400,140897,43
1506830400,144511,44
1509508800,148964,45
1512104400,153098,46
1514782800,157278,47
1517461200,162106,48
1519880400,166202,49
1522555200,170856,50
1525147200,175355,51
1527825600,179947,52
1530417600,184736,53
1533096000,43395,0
1535774400,54202,0
1538366400,51510,0
1541044800,52736,0
1543640400,54011,0
1546318800,55355,0
1548997200,56632,0
1551416400,57877,1
1554091200,59342,2
1556683200,60727,3
1559361600,62161,4
1561953600,63380,5
1564632000,64712,6
1567310400,65920,7
1569902400,67255,8
1572580800,68489,9
1575176400,64903,0
1577854800,65789,0
1580533200,66920,0
1583038800,68049,0
1585713600,69323,0
1588305600,70633,1
1590984000,72071,2
1593576000,73209,3
1596254400,74417,4
1598932800,75601,5
1601524800,76779,6
1604203200,78429,7
1606798800,80553,8
