1556683200,71008,
1559361600,779322,
1561953600,783323,
1564632000,787533,
1567310400,76773,
1569902400,78281,
1572580800,79752,
1575176400,97456,
1577854800,99304,
1580533200,101059,
1583038800,102754,
1585713600,104677,
1588305600,111008,
1590984000,113203,
1593576000,837740,
1596254400,842584,
1598932800,847349,
1601524800,852256,
1604203200,856778,
1606798800,861220,1
1609477200,865836,2
1612155600,870905,3
1614574800,875739,4
1617249600,883078,5
1619841600,889371,6
1622520000,895154,7
1625112000,906402,8
