1530417600,593777,
1533096000,597412,
1535774400,601081,
1538366400,604920,
1541044800,608839,
1543640400,613301,
1546318800,616816,1
1548997200,621165,2
1551416400,625485,3
1554091200,630671,4
1556683200,635438,5
1559361600,640291,6
1561953600,644895,7
1564632000,649677,8
1567310400,654328,9
1569902400,659127,10
1572580800,663829,11
1575176400,668540,12
1577854800,673249,13
1580533200,678101,14
1583038800,682544,15
1585713600,687865,16
1588305600,693186,17
1590984000,698761,18
1593576000,703827,19
1596254400,709081,20
1598932800,714198,21
1601524800,719440,22
1604203200,725140,23
1606798800,731572,24
