1506830400,441091,
1509508800,444261,
1512104400,447523,
1514782800,450889,
1517461200,454827,
1519880400,458362,
1522555200,462392,1
1525147200,466272,2
1527825600,470317,3
1530417600,474621,4
1533096000,479078,5
1535774400,483343,6
1538366400,487705,7
1541044800,491930,8
1543640400,496716,9
1546318800,500521,10
1548997200,505186,11
1551416400,509811,12
1554091200,515244,13
1556683200,520249,14
1559361600,525314,15
1561953600,530091,16
1564632000,535111,17
1567310400,539952,18
1569902400,544917,19
1572580800,549785,20
1575176400,554645,21
1577854800,559479,22
1580533200,564455,23
1583038800,569004,24
1585713600,574438,25
1588305600,579870,26
1590984000,585538,27
1593576000,590698,28
1596254400,596045,29
1598932800,601244,30
1601524800,606574,31
1604203200,612342,32
1606798800,618856,33
