1514782800,494213,
1517461200,497606,
1519880400,500861,
1522555200,504629,
1525147200,508317,
1527825600,512194,
1530417600,516345,1
1533096000,520659,2
1535774400,524807,3
1538366400,529021,4
1541044800,533149,5
1543640400,537874,6
1546318800,541580,7
1548997200,546160,8
1551416400,550711,9
1554091200,556071,10
1556683200,561006,11
1559361600,565988,12
1561953600,570712,13
1564632000,575642,14
1567310400,580429,15
1569902400,585340,16
1572580800,590164,17
1575176400,594993,18
1577854800,599791,19
1580533200,604739,20
1583038800,609252,21
1585713600,614648,22
1588305600,620046,23
1590984000,625682,24
1593576000,630803,25
1596254400,636106,26
1598932800,641283,27
1601524800,646581,28
1604203200,652331,29
1606798800,658818,30
